Individual,PC,score
1,1,-0.11703726120876524
2,1,-0.22192070879978265
3,1,0.0570352225517224
4,1,-0.06159385032730338
5,1,-0.23618906407223064
6,1,-0.20129054173608854
7,1,0.19041259095439414
8,1,-0.17891286438827056
9,1,0.15709350642582956
10,1,0.07999519999774038
11,1,0.09688685714870458
12,1,0.1158938515284287
13,1,-0.12137000317605119
14,1,0.02344779738956901
15,1,-0.03906415094876024
16,1,-0.0026590379612232156
17,1,-0.07988410328593647
18,1,0.02079841955549384
19,1,-0.093715708450944707
20,1,-0.25452378299818
21,1,0.24544821089374416
22,1,0.06605335322640787
23,1,-0.066594938526109
24,1,0.018940923544850087
25,1,0.010282766566320116
26,1,0.18064344975508698
27,1,-0.0956542306374139
28,1,0.04057725269737339
29,1,-0.25557080621954875
30,1,-0.19434439917231155
31,1,-0.02091774919022504
32,1,0.11041250802960324
33,1,-0.14412803143071873
34,1,-0.14951075614113196
35,1,-0.32443199670711403
36,1,-0.1125598664568318
37,1,-0.17962172793384928
38,1,-0.22265584180565795
39,1,0.13302051354790448
40,1,0.02529040268986863
41,1,0.0812235635859055
42,1,-0.011508889322470402
43,1,-0.020858068903249784
44,1,-0.10759898250844978
45,1,-0.015119856695857997
46,1,-0.06091285514741614
47,1,-0.08428262537373613
48,1,0.05446955755009625
49,1,-0.10506027797839443
50,1,-0.09059551030991111
51,1,0.08583227038933312
52,1,-0.08512567332353568
53,1,0.013487367641851525
54,1,0.039578887955281875
55,1,-0.04697651730686724
56,1,0.08037035216380246
57,1,1.8840180776564959
58,1,-0.04916685898963057
59,1,-0.05235727565013488
60,1,0.03316675107841901
61,1,-0.21796874784287748
62,1,1.9730710843239523
63,1,0.12777412603909907
64,1,1.8702532132070318
65,1,0.03842262578049552
66,1,-0.037439769075821236
67,1,-0.24965674997442236
68,1,-0.0016533651938451146
69,1,0.13808783084741777
70,1,-0.212802977983793
71,1,0.12826797465458756
72,1,0.08368631512896627
73,1,-0.30368301951974186
74,1,-0.2873722566593333
75,1,-0.11329905741311178
76,1,-0.14455658665161933
77,1,-0.34846538526476317
78,1,0.16061478286350359
79,1,-0.18292742006892615
80,1,0.011722343809478116
81,1,-0.03570559118954173
82,1,-0.265317452849138
83,1,-0.24906930333414765
84,1,-0.19323079582898198
85,1,-0.11061515682909301
86,1,0.04021504664575278
87,1,-0.22181613510897982
88,1,-0.05827616635906632
89,1,-0.07262692993933184
90,1,-0.04143781149971219
91,1,-0.03522167625409634
92,1,-0.044478793840139086
93,1,0.014325665439228585
94,1,-0.2812103281705187
95,1,0.08522535026869404
96,1,-0.11924607421341876
97,1,-0.026603728860505854
98,1,-0.08873861187341855
99,1,-0.17583793726916447
100,1,-0.20812845936357008
101,1,-0.08494491201724873
