Individual,PC,score
1,1,-0.6519861351079649
1,2,0.06005140315190451
2,1,2.668871770374173
2,2,-0.3466035667186
3,1,-0.4477141368331692
3,2,-0.03169390748960826
4,1,-0.3631221057905883
4,2,0.09860600696454536
5,1,-0.5273243792998703
5,2,0.2752028533876797
6,1,-0.5588684249361784
6,2,0.009572281267517135
7,1,2.594452545297301
7,2,0.03212612429416715
8,1,-0.3991530555537291
8,2,0.134132577374444
9,1,-0.34492217706861633
9,2,0.09976594599634735
10,1,-0.6736151445938388
10,2,0.10006850894051021
11,1,-0.42653897245852174
11,2,0.02395166279231023
12,1,-0.37409298876579955
12,2,-0.12258461163194842
13,1,2.673348783561752
13,2,-0.3607906920773896
14,1,-0.353352052688411
14,2,-0.10098796874921936
15,1,-0.3292111740377064
15,2,0.1877700506969299
16,1,2.650625090625593
16,2,-0.45304345736878693
17,1,2.6548339316611766
17,2,-0.2392672122506858
18,1,2.793725376025075
18,2,-0.20927213692946234
19,1,2.9192511238881838
19,2,-0.4432451072151131
20,1,2.792237011969036
20,2,-0.16419501792083496
21,1,-0.6376272434253207
21,2,-0.10652630238762885
22,1,-0.17930879837075953
22,2,0.06200706836750915
23,1,-0.36241920568925773
23,2,0.01019926543287347
24,1,-0.28977647242144594
24,2,0.022708397950378812
25,1,-0.47768881142927927
25,2,-0.11151650716454291
26,1,2.8135407248547866
26,2,-0.1528900635190835
27,1,-0.27928528888036985
27,2,0.05365591790384159
28,1,-0.28451932809678576
28,2,0.06745601771487601
29,1,-0.395576038034482
29,2,-0.06461596928288876
30,1,-0.44318996068380717
30,2,0.11102227315443587
31,1,-0.6075909379802283
31,2,-0.047511937653426956
32,1,-0.44150255104766895
32,2,0.3372462049623149
33,1,2.8733318256623077
33,2,-0.359803644974506
34,1,-0.5326790897572633
34,2,-0.6048133331668452
35,1,-0.5298463373363067
35,2,-0.7184619550155236
36,1,-0.6495587597699708
36,2,0.1582871797985776
37,1,-0.6769783563538765
37,2,-0.7096472484694777
38,1,-0.35486926710454675
38,2,-0.030547992756799452
39,1,-0.35274345924000966
39,2,-0.0922304470482924
40,1,-0.41905724855344434
40,2,0.18599479364573443
41,1,-0.6423274237246205
41,2,-0.12152259984465677
42,1,-0.44519298054135736
42,2,0.1799050141277082
43,1,-0.601930209864248
43,2,-0.7141237626406766
44,1,-0.5280688148725337
44,2,-0.457835524144569
45,1,-0.45680508816626936
45,2,-0.09361176732870333
46,1,-0.49524133114333385
46,2,0.2775586865808124
47,1,-0.29255287664208673
47,2,0.193746550946365
48,1,-0.29096316214892276
48,2,0.14979424887452933
49,1,-0.2927427021970001
49,2,-0.09054330346169634
50,1,-0.5005030941020675
50,2,-0.02059238197938915
51,1,-0.5501406361085842
51,2,-0.6817467664693843
52,1,-0.4913525555326857
52,2,0.20671695855907227
53,1,-0.4472306044758165
53,2,0.14566876327696934
54,1,-0.6624624629306934
54,2,0.010481194247342422
55,1,-0.35828171680959314
55,2,0.019043320104447498
56,1,-0.42035992388408855
56,2,-0.0391651353514851
57,1,-0.5087590792112843
57,2,5.636576243046982e-4
58,1,-0.5058261652613475
58,2,-0.006514719058282374
59,1,-0.4285728209117686
59,2,0.06274043917821548
60,1,-0.3878171903208598
60,2,0.15927354012284814
61,1,-0.5902382102346329
61,2,-0.6308581261567223
62,1,1.7329759304123433
62,2,2.3836577910079533
63,1,-0.5514968924752068
63,2,-0.022185617840776623
64,1,1.6078534834268263
64,2,2.5264463803497805
65,1,-0.5448707674431608
65,2,-0.09369207129615553
66,1,-0.29983084056910697
66,2,-0.27866752566944225
67,1,-0.5025326077464592
67,2,0.16266594179121385
68,1,2.8860735428785764
68,2,-0.12887817739566862
69,1,-0.388379146619186
69,2,-0.0719794023139695
70,1,-0.35869237018132577
70,2,-0.2159095932684243
71,1,-0.45409465303982033
71,2,0.2859269784052642
72,1,-0.7665944231206103
72,2,0.06882634704155177
73,1,-0.31980852215423794
73,2,0.09781340549013097
74,1,-0.4307409901424129
74,2,0.15887948745998856
75,1,-0.6745079576234103
75,2,0.08300048610948338
76,1,2.717579837357252
76,2,-0.20078273212358486
77,1,-0.2944434530259928
77,2,0.09254181149757032
78,1,-0.5582972276888218
78,2,0.10465901771325839
79,1,-0.7044920893426225
79,2,-0.07060640693295661
80,1,-0.4484545679777099
80,2,-0.11551372239179701
81,1,2.589876752444193
81,2,-0.45037266460344605
82,1,-0.473694294393243
82,2,-0.007248003810398218
83,1,-0.46983706039530193
83,2,-0.09451214161877092
84,1,-0.3309055279188834
84,2,-0.028754023058304174
85,1,-0.49190513819042825
85,2,0.17497443578081148
86,1,-0.433609740765172
86,2,-5.270648914338343e-4
87,1,-0.4707177872703607
87,2,-0.0734565320164286
88,1,-0.34322946994116593
88,2,-0.11345494336408368
89,1,-0.3243896101173953
89,2,0.16876492665122228
90,1,-0.4905916480904231
90,2,-0.1301559244423239
91,1,-0.4259028439796376
91,2,0.018012656874368833
92,1,-0.15958074659131494
92,2,0.16991848485996486
93,1,-0.29379922881245124
93,2,0.13107988927793385
94,1,-0.562367149051358
94,2,-0.1388844242345728
95,1,-0.4894282130348548
95,2,0.03890340907978897
96,1,-0.4437305293469103
96,2,0.21244804084470034
97,1,-0.5510667711943456
97,2,0.056425623495002276
98,1,-0.5268908341372122
98,2,0.04291478576951619
99,1,-0.5061228230195793
99,2,-0.04581753034315903
100,1,-0.4400901644910256
100,2,0.051311817574825065
101,1,-0.18199469015440994
101,2,0.1436730433280881
