Individual,PC,score
1,1,0.4279156122695328
1,2,0.008206337134583457
2,1,0.23422712952241237
2,2,0.05935031488080587
3,1,0.4846108462616645
3,2,0.0590678439787439
4,1,0.3458410587118292
4,2,0.3276295983125067
5,1,0.1861028887404943
5,2,0.0442307942669282
6,1,0.5700147851736276
6,2,0.12942969483343514
7,1,0.4584404447531604
7,2,-6.401380966835642e-4
8,1,-0.7778645053803509
8,2,-0.06915512104477069
9,1,0.5694531973636553
9,2,-0.06818646662819114
10,1,-0.6066786367277982
10,2,-0.06320267621523613
11,1,0.4221319564421939
11,2,0.0697154994667755
12,1,0.45014258466415574
12,2,0.06185595924478272
13,1,0.4191107884837017
13,2,0.04808565432096268
14,1,0.45988480383673686
14,2,0.1798346937394326
15,1,-0.6982068724527104
15,2,0.04421724331875269
16,1,0.2248414444059769
16,2,-0.06988505302639422
17,1,0.3237900376860346
17,2,0.2691920816291531
18,1,0.21881173315527777
18,2,-0.02716567337298891
19,1,0.41224587526849843
19,2,0.20647223710855475
20,1,0.39222981547721625
20,2,-0.04833815919814272
21,1,0.19001437029767976
21,2,0.14012721672142384
22,1,-0.4160506012648303
22,2,-0.008083411988702731
23,1,0.3052683653583599
23,2,0.04535540794224697
24,1,0.39596620800560783
24,2,0.07570157181451515
25,1,-0.7906335880751268
25,2,0.03123046342153847
26,1,0.2407725736912124
26,2,0.19977279068548212
27,1,0.21946934443847538
27,2,0.13671749033109318
28,1,0.26869073640276603
28,2,0.08361385151565613
29,1,0.2232430895367174
29,2,0.11660567288400796
30,1,-0.47146597266447193
30,2,0.07778512460587295
31,1,0.2512486556615333
31,2,0.1832905342727256
32,1,-0.6763753928218671
32,2,-0.2158650391334633
33,1,0.22272075090960636
33,2,0.1837088203029128
34,1,-0.7254461273075417
34,2,0.0427001701824951
35,1,0.43396078691314177
35,2,0.06957888743045311
36,1,-0.5230736998943178
36,2,0.033251190570443005
37,1,-0.5891256202450031
37,2,0.0016116044236157295
38,1,0.3103800067661396
38,2,0.025382041644985823
39,1,-0.762062235524312
39,2,-0.0071295473861132785
40,1,-0.41858347955306374
40,2,-0.1349997917011053
41,1,-0.5418957224678581
41,2,0.028923928179084107
42,1,0.20592501858248646
42,2,0.17841613644464255
43,1,-0.7424566672027506
43,2,-0.11861667744374048
44,1,-0.778516506737675
44,2,-0.022973512011104858
45,1,0.46507008145026246
45,2,0.0587935050058481
46,1,-0.6413645450059227
46,2,0.05295643316318114
47,1,0.5901564322984612
47,2,0.031304767894315196
48,1,0.22790803656693395
48,2,0.16355247682327015
49,1,-0.4369873667259732
49,2,-0.10620913433251397
50,1,0.4086717658008842
50,2,-0.008796432481893064
51,1,-0.5021044642930541
51,2,-0.01774784302901941
52,1,-0.49966975753977994
52,2,0.20484124675750193
53,1,0.5802962592567337
53,2,0.00873253235271478
54,1,0.42432602739220265
54,2,0.16728153126079104
55,1,0.20536639664914932
55,2,0.09231542078607671
56,1,0.4751710485781561
56,2,0.06775192351840897
57,1,0.5812571904129492
57,2,-1.2344372173561102
58,1,0.40687907505415494
58,2,0.1571696380352631
59,1,0.48601452035024595
59,2,0.39252502918474996
60,1,0.25708274416166443
60,2,0.1496505360063492
61,1,-0.6494489797565195
61,2,-0.19623408076805388
62,1,0.7034473992836765
62,2,-1.8492492708461372
63,1,0.504610575320227
63,2,0.18920068557935107
64,1,0.7608537849303191
64,2,-1.7266173084954872
65,1,0.35376948378388234
65,2,0.06738298141042695
66,1,-0.6974309883635118
66,2,-0.10399750014884578
67,1,0.2818798646293794
67,2,0.15026202589402235
68,1,0.5693652668292766
68,2,0.22838274131623715
69,1,0.5159601115304089
69,2,0.0319172552390783
70,1,0.3655311922001948
70,2,0.03434078863005302
71,1,-0.7691205375145275
71,2,-0.07651324386943958
72,1,-0.6880130258826727
72,2,0.14030205027735693
73,1,-0.7540547568097904
73,2,-0.1239176258217128
74,1,-0.4531282127225143
74,2,0.10418608433993755
75,1,0.45275537221663287
75,2,0.07699509842339174
76,1,0.39354799500101917
76,2,0.2424672620704902
77,1,-0.4454676118737473
77,2,-0.043329657736024034
78,1,-0.797732884247595
78,2,0.05277140217644191
79,1,-0.7145338647528084
79,2,0.05619313070921928
80,1,-0.6738592627644506
80,2,0.03920135804144112
81,1,0.4027155371918786
81,2,0.0797194436207346
82,1,0.40045679691080116
82,2,-0.021276302458475133
83,1,0.3470091073062995
83,2,0.07113331043231101
84,1,0.39678404912080717
84,2,0.15760054028004047
85,1,-0.44613753920733495
85,2,0.04592697068581248
86,1,-0.5737600497099917
86,2,0.0016272857836941363
87,1,-0.6290800661988476
87,2,0.12129229506313702
88,1,-0.518665820930737
88,2,0.2784496320771838
89,1,-0.5136800277903792
89,2,-1.3246529145215609
90,1,-0.44262522780565944
90,2,-0.037062284496797764
91,1,-0.6145989233603385
91,2,-0.07801654387905206
92,1,-0.8107226489083469
92,2,0.009941972734308873
93,1,0.4221962034538358
93,2,0.3086138556807274
94,1,0.44574830122370956
94,2,0.32594848045455965
95,1,0.5434440275479521
95,2,0.13037050846668055
96,1,-0.5895008175393649
96,2,-0.2915476462762974
97,1,-0.5138914667076662
97,2,0.10954705303822235
98,1,0.5738932104867916
98,2,0.048465637170579993
99,1,-0.5021421786665056
99,2,-0.014883786147375504
100,1,0.4392242659896776
100,2,0.2599848056438625
101,1,0.5473096216892656
101,2,0.0385695082750445
