Individual,PC,score
1,1,-0.5343948262714578
1,2,0.13160430475433707
2,1,-0.4326255692621566
2,2,-0.07109834551019631
3,1,-0.4188336041773921
3,2,0.1701131727052077
4,1,-0.41258309010072525
4,2,-0.2023491387285226
5,1,-0.4424975258979333
5,2,-0.10708992619010171
6,1,-0.43982981191186815
6,2,-0.0032506187026247004
7,1,-0.5476705214586708
7,2,-0.33119629912381554
8,1,0.7217115322445792
8,2,0.2785625063513139
9,1,-0.2748045556266234
9,2,-0.21242188169104062
10,1,0.7541747352975184
10,2,0.13911026005877086
11,1,-0.4406779780367258
11,2,-0.09811392519398415
12,1,-0.5166746146736644
12,2,-0.21159717417964927
13,1,-0.3230975656441292
13,2,0.15512428615641458
14,1,-0.5666653865449806
14,2,-0.14655616132308646
15,1,0.6806924046005585
15,2,-0.025053889806694117
16,1,-0.4391296965607224
16,2,-0.10299528026915075
17,1,-0.32101590525721596
17,2,-0.23479984175245722
18,1,-0.46027608746366316
18,2,0.04127485026076079
19,1,-0.23533427364302406
19,2,-0.11166443509146777
20,1,-0.2862170034752804
20,2,-0.010928809260513157
21,1,-0.2593577128289341
21,2,-0.2274164267635461
22,1,0.439077839574778
22,2,-0.2985314472168472
23,1,-0.35543391979887395
23,2,-0.27488142272540406
24,1,-0.26179659371227
24,2,-0.20944450926736943
25,1,0.7808726324818113
25,2,-0.08222502033531401
26,1,-0.41730292226170607
26,2,-0.06277302196757063
27,1,-0.5516054257073181
27,2,-0.09272173755514228
28,1,-0.2646445380921845
28,2,-0.07661092067874628
29,1,-0.5323888633788255
29,2,-0.10824768601539048
30,1,0.42880903277403737
30,2,-0.042937705819080095
31,1,-0.5308855643153294
31,2,-0.08228435455884091
32,1,0.41738432564271966
32,2,0.06885897229810502
33,1,-0.4985434584081945
33,2,-0.2535523784990123
34,1,0.7509045260434538
34,2,0.01572971562171926
35,1,-0.29391870874694326
35,2,0.036237341730181394
36,1,0.4898537041249735
36,2,0.1632131254005351
37,1,0.5600965403734527
37,2,0.11491551801794182
38,1,-0.21308050989637867
38,2,-0.07302190158149564
39,1,0.7281203960609492
39,2,-3.7922967672152834e-4
40,1,0.7256997704178614
40,2,0.03717595146823595
41,1,0.6247864076698308
41,2,0.13084913354929112
42,1,-0.4441293384326027
42,2,-0.08952879968418379
43,1,0.5463715253477907
43,2,0.0014767358155532958
44,1,0.5457268576271572
44,2,-0.30713109185177845
45,1,-0.2303041657615759
45,2,-0.1621353598379093
46,1,0.7760496277849704
46,2,0.05342133612903694
47,1,-0.45467327394491375
47,2,-0.08136265197006076
48,1,-0.21205933193951595
48,2,0.030800680054057963
49,1,0.5656692758920487
49,2,4.433889991962097e-4
50,1,-0.5389067887024697
50,2,-0.11969262024338626
51,1,0.7731794577457161
51,2,0.13468350294329595
52,1,0.5784929557556671
52,2,-0.12021444032011835
53,1,-0.35841263784667626
53,2,0.005538585668792932
54,1,-0.2437859542541409
54,2,-0.08420660287331633
55,1,-0.44099151195666636
55,2,-0.08025647966542651
56,1,-0.3932364068082176
56,2,-0.1960401737443043
57,1,-0.4539765448363508
57,2,1.5000142671166092
58,1,-0.449705824910732
58,2,-0.25101123351676796
59,1,-0.5353708901887282
59,2,-0.045475447158661454
60,1,-0.26227933151197236
60,2,-0.23578123093120254
61,1,0.6115219949005859
61,2,-0.043840605675107204
62,1,-0.6031231623134462
62,2,1.9498027169662544
63,1,-0.22215298981483536
63,2,-0.08316674737069339
64,1,-0.7453853481673002
64,2,1.6952071569301368
65,1,-0.4153926253443808
65,2,-0.069275279159626793
66,1,0.49952373399956623
66,2,-0.04379712899901592
67,1,-0.5599374701705333
67,2,0.19523005843132812
68,1,-0.373508014505341
68,2,-0.03397074273023577
69,1,-0.2525943133604504
69,2,-2.191885930798037e-4
70,1,-0.46919133133626784
70,2,-0.22089393661111262
71,1,0.43741432957696075
71,2,-0.06279444260120685
72,1,0.6532956987775957
72,2,0.024018367882057606
73,1,0.5484318114078363
73,2,0.06193261271849391
74,1,0.7540282106260392
74,2,-0.06446500597708801
75,1,-0.20251422467999997
75,2,-0.2737701695283542
76,1,-0.5333963435412272
76,2,-0.08644798376918109
77,1,0.4588098295513634
77,2,-0.23604233030645577
78,1,0.5087368472847397
78,2,-0.10077968026995396
79,1,0.7203791549066592
79,2,0.07303990752335983
80,1,0.5599404888813811
80,2,-0.11488989825687604
81,1,-0.2836573184970473
81,2,-0.11525248861351561
82,1,-0.4553325417855463
82,2,-0.103709931572419
83,1,-0.36948579708646156
83,2,-0.09672555840335167
84,1,-0.5503824033390757
84,2,-0.00969831724619078
85,1,0.7075619729133147
85,2,0.039694539736006784
86,1,0.6805562703531811
86,2,-0.13199257417021268
87,1,0.623888551856174
87,2,-0.16225145566519153
88,1,0.5776338845786811
88,2,0.08827434957653162
89,1,0.7232210708470538
89,2,1.2535592892426737
90,1,0.7370945082316004
90,2,-0.15670198933770846
91,1,0.7080167010913855
91,2,-0.03536713029959395
92,1,0.5806865845610453
92,2,0.12351968874876032
93,1,-0.4050926980369186
93,2,-0.1378461482710456
94,1,-0.3795469376395214
94,2,-0.21090448476255597
95,1,-0.47114129239247704
95,2,-0.3040963661126294
96,1,0.6714655260749678
96,2,0.08830496404844772
97,1,0.6452609749476985
97,2,-0.04649939406302366
98,1,-0.2975531900520395
98,2,-0.06090938735357185
99,1,0.504609490604559
99,2,0.017135000447122184
100,1,-0.45001433118648737
100,2,-0.24699509637809622
101,1,-0.4712306159351435
101,2,-0.038583203972532426
