Individual,PC,score
1,1,-0.42737377358298195
1,2,0.10021526365861025
2,1,2.5745074802293795
2,2,-0.3754016716357059
3,1,-0.40456908995445545
3,2,0.13938461601707566
4,1,-0.5784781534996948
4,2,-0.12104420380200834
5,1,-0.4910176409278105
5,2,0.16780189028016404
6,1,-0.38369067125967943
6,2,0.13609572651213991
7,1,2.741283225536522
7,2,-0.3335205608590822
8,1,-0.3061488931927925
8,2,0.024407542556387402
9,1,-0.37740187128013697
9,2,0.04782654627807095
10,1,-0.3823184843004844
10,2,0.08643346966172703
11,1,-0.39059429744206536
11,2,0.07586942584898332
12,1,-0.4868966033444055
12,2,-0.10333400393802214
13,1,2.6279989194097535
13,2,-0.17508817840667099
14,1,-0.23266710949237598
14,2,0.08013196296340323
15,1,-0.48131713590152736
15,2,0.10945843884076191
16,1,2.8918060014111004
16,2,-0.22406753272765373
17,1,2.7308829202508513
17,2,-0.07146978089693602
18,1,2.5631813369437935
18,2,-0.18300896757883586
19,1,2.746432469354713
19,2,-0.21431520083230488
20,1,2.525095834842824
20,2,-0.4835199082943517
21,1,-0.3880504657850449
21,2,-0.04556008675986516
22,1,-0.5938772237436862
22,2,0.035414857736841554
23,1,-0.3845568183129252
23,2,0.02250246749390053
24,1,-0.30725535378041574
24,2,-0.05790332765779541
25,1,-0.47957696307210645
25,2,-0.1978371743302261
26,1,2.715003261760402
26,2,-0.38339150505244907
27,1,-0.39763752796826973
27,2,-0.06065314434893724
28,1,-0.34225222796777155
28,2,0.0252579639368197
29,1,-0.6893819882862516
29,2,0.0969219942878401
30,1,-0.5128534587175758
30,2,0.04342883612641712
31,1,-0.6878929125337975
31,2,-0.1837741812353997
32,1,-0.2774400544887843
32,2,0.1121605196566831
33,1,2.730459614141184
33,2,-0.2590258205659093
34,1,-0.39083605595484744
34,2,-0.386543143033656
35,1,-0.5823118683480539
35,2,-0.3075532999293217
36,1,-0.6117922008808073
36,2,0.15066603020281005
37,1,-0.3625756246922446
37,2,-0.29467336059989374
38,1,-0.23588995228870488
38,2,-0.04927013422422815
39,1,-0.32180130829507414
39,2,0.021622117037336894
40,1,-0.4978209897226199
40,2,0.019619248153486344
41,1,-0.4735873462183621
41,2,-0.06145849853346638
42,1,-0.30746991894435344
42,2,-0.16000118924952583
43,1,-0.7190470721184141
43,2,-0.531420116084691
44,1,-0.4592569676224164
44,2,-0.224482207660071
45,1,-0.5266551440806331
45,2,0.14358753712681693
46,1,-0.5069989523395088
46,2,-0.015115935761024261
47,1,-0.49934993190097393
47,2,0.17152147670212578
48,1,-0.506662628536072
48,2,0.0320106700374522
49,1,-0.2501935253287667
49,2,-0.11408228134464253
50,1,-0.4891621607107207
50,2,-0.018099937080786124
51,1,-0.641336986554443
51,2,-0.40679267546602027
52,1,-0.34571974887500523
52,2,0.13825214587837784
53,1,-0.48638160576800854
53,2,0.07777379395371463
54,1,-0.40143577242621936
54,2,-0.043333899250916824
55,1,-0.5618358524537024
55,2,-0.0795413330539886
56,1,-0.393588026105199
56,2,0.13246380662677049
57,1,-0.6049915976988206
57,2,0.003852349449724825
58,1,-0.5225981059849494
58,2,0.06823446258374749
59,1,-0.5096634124531658
59,2,-0.021730232434046787
60,1,-0.557079068330659
60,2,0.1453562828120364
61,1,-0.6787375473888105
61,2,-0.5425148194431111
62,1,1.8594680380651163
62,2,2.447674130539869
63,1,-0.4370678924801368
63,2,-0.014062466842008575
64,1,1.7066504800186886
64,2,2.5136203876033236
65,1,-0.3737164679144922
65,2,-0.07601871645664658
66,1,-0.6415083705050058
66,2,0.1079268510541797
67,1,-0.3857849016055572
67,2,0.08400073887348276
68,1,2.860911436508349
68,2,-0.3061210557104172
69,1,-0.47530702882021847
69,2,-0.04953055934530414
70,1,-0.48487990311022344
70,2,-0.0015627008180990256
71,1,-0.3841237521301689
71,2,0.18492299236886625
72,1,-0.2912391060664539
72,2,0.14530925738979042
73,1,-0.59851221323668935
73,2,0.18988987894390943
74,1,-0.31711781619269996
74,2,-0.12278285030116752
75,1,-0.39412539236700217
75,2,0.05446539707039101
76,1,2.7862433044685906
76,2,-0.4238769897025178
77,1,-0.42101003061119974
77,2,-0.08534062830818481
78,1,-0.611595224688977
78,2,0.09514999927625943
79,1,-0.32913701767041215
79,2,0.018183202415102864
80,1,-0.1644680401252387
80,2,-0.02672754342838306
81,1,2.592905314147148
81,2,-0.18339148851510614
82,1,-0.6257821116316566
82,2,0.05504784809953709
83,1,-0.47903720099668273
83,2,0.13076748925402215
84,1,-0.4214862192341562
84,2,0.0520161888985984
85,1,-0.5148116139729492
85,2,-0.200055145010149
86,1,-0.5636369410836949
86,2,0.06009335974664876
87,1,-0.5254182001032173
87,2,-0.04840851665382773
88,1,-0.4754927538033811
88,2,-0.007427839240526863
89,1,-0.3658476784798221
89,2,0.025749935972336047
90,1,-0.48493159236550226
90,2,0.05803640324486513
91,1,-0.34015171941413047
91,2,0.142918824391168
92,1,-0.5240553903093966
92,2,0.0012785650717031742
93,1,-0.3759544899085271
93,2,0.006162058806031532
94,1,-0.18745983800726226
94,2,-0.07007712166901003
95,1,-0.3401132133432875
95,2,0.011633604108396797
96,1,-0.7469484632912649
96,2,-0.12347139109086691
97,1,-0.32988555861351626
97,2,-0.008606778344755527
98,1,-0.31218915712957096
98,2,0.03292995517431872
99,1,-0.5579658692049637
99,2,-0.008398272762604462
100,1,-0.3508128471940072
100,2,-0.14825862095940534
101,1,-0.37322753062036224
101,2,-0.19240151349250115
