Individual,PC,score
1,1,-0.05486811383902423
2,1,-0.23089455897514555
3,1,-0.16034054872186715
4,1,-0.12143715502558514
5,1,-0.021811413677797657
6,1,-0.09400323862178052
7,1,0.07574193681987629
8,1,-0.04035305883449371
9,1,0.06383389987677672
10,1,-0.07518377010199812
11,1,-0.0392019551629471
12,1,-0.08536821487315652
13,1,0.03519444657145629
14,1,-0.010180093125182059
15,1,-0.038476529408637196
16,1,-0.22226872226811548
17,1,-0.08793445487981771
18,1,-0.038505781712698764
19,1,-0.2544060122377102
20,1,0.020264263082870815
21,1,-0.1174061733166672
22,1,-0.09544706268681961
23,1,-0.061032384043778094
24,1,-0.23083936890850099
25,1,-0.21958461694263376
26,1,-0.04546564731290121
27,1,-0.10617054938689877
28,1,-0.27400005905057684
29,1,-0.14656117584231687
30,1,-0.13254910001424225
31,1,0.1712253757285263
32,1,0.06524089587225855
33,1,0.059991130308223235
34,1,-0.2797822925846086
35,1,-0.3404409702723403
36,1,0.10686761953439891
37,1,0.016585141138132867
38,1,-0.1849491303815124
39,1,-0.18156125345820648
40,1,-0.13366039459050866
41,1,-0.11165667698508086
42,1,-0.13852504503516735
43,1,-0.2073157918373816
44,1,0.05806127188800991
45,1,-0.15153940706850694
46,1,-0.10705393428734702
47,1,-0.2456792253357606
48,1,0.053179575513543055
49,1,0.07495634171463623
50,1,-0.23416232142714383
51,1,-0.09382411886130458
52,1,-0.1185516907546524
53,1,-0.05046684156131507
54,1,0.1447466247479073
55,1,-0.00537880421706682
56,1,-0.057649151179371604
57,1,1.8585326211666815
58,1,-0.06309205606878365
59,1,-0.2157397492339841
60,1,0.019328969324230092
61,1,-0.16797409465771723
62,1,2.0489259994584517
63,1,0.17955841481313925
64,1,2.0638130016750713
65,1,-0.12106960023884142
66,1,0.11286142797354838
67,1,0.00794129102595561
68,1,-0.09592170983567223
69,1,-0.1989014230227917
70,1,-0.018534705245127
71,1,0.14427462492930362
72,1,-0.07445851979288157
73,1,0.025117699746718798
74,1,0.028854829646610534
75,1,-0.06668555095528349
76,1,-4.126024917886299e-4
77,1,0.04075346970964274
78,1,0.026246032412261474
79,1,-0.1915942145485481
80,1,-0.11200007492949363
81,1,-0.12054401916073061
82,1,-0.18923750160942834
83,1,0.23130266160871518
84,1,-0.04845434454935774
85,1,0.06720989313464645
86,1,-0.09228965388570079
87,1,-0.10547989711284754
88,1,0.09458184839634133
89,1,-0.2290824630583514
90,1,-0.041041274124324505
91,1,0.016033838051180874
92,1,-0.0908819360028873
93,1,0.05414578070434172
94,1,0.10440336340256028
95,1,-0.05263896907231718
96,1,-0.08056665026872703
97,1,-0.23786213092606276
98,1,-0.010622871908211245
99,1,-0.11134471826215518
100,1,0.08767867326510378
101,1,0.22546457652946594
