0	1	1	1	1	1	1	1	1	1	1	1	1	1	1	1	1	1	1	1	1	1	1	1	1	1	1	1	1	1	1	1	1	1	1	1	1	1	1	1	1
1	2	1	1	1	2	2	1	1	1	1	2	1	2	1	2	2	1	2	2	2	2	2	1	1	1	1	1	2	1	2	2	2	2	2	2	1	1	2	2	2
2	1	1	1	1	1	1	1	1	1	1	1	1	1	1	1	1	1	1	1	1	1	1	1	1	1	1	1	1	1	1	1	1	1	1	1	1	1	1	1	1
3	2	1	1	1	2	2	1	1	1	1	2	1	2	1	2	2	1	2	2	2	2	2	1	1	1	1	1	2	1	2	2	2	2	2	2	1	1	2	2	2
4	2	1	1	1	1	1	1	1	1	1	1	1	2	2	1	1	1	2	1	1	1	1	1	2	2	2	2	2	2	2	1	2	2	2	2	2	2	2	2	2
5	1	1	1	1	1	1	1	1	1	1	2	1	2	1	2	2	1	2	2	2	2	2	1	1	1	1	1	2	1	2	2	2	2	2	2	1	1	2	2	2
6	2	1	1	1	1	1	1	1	1	1	1	1	2	2	1	1	1	2	1	1	1	1	1	2	2	2	2	2	2	2	1	2	2	2	2	2	2	2	2	2
7	2	1	1	1	2	2	1	1	1	1	2	1	2	2	2	2	1	2	2	2	1	1	1	2	2	2	2	2	2	2	2	2	2	2	2	2	2	2	2	2
8	2	1	1	1	1	1	1	1	1	1	1	1	2	2	1	1	1	2	1	1	1	1	1	2	2	2	2	2	2	2	1	2	2	2	2	2	2	2	2	2
9	2	1	1	1	2	2	1	1	1	1	2	1	2	2	2	2	1	2	2	2	2	2	1	2	2	2	2	2	2	2	2	2	2	2	2	2	2	2	2	2
10	2	1	1	1	2	2	1	1	1	1	2	1	2	2	2	2	1	2	2	2	1	1	1	2	2	2	2	2	2	2	2	2	2	2	2	2	2	2	2	2
11	2	1	1	1	1	1	1	1	1	1	1	1	2	2	1	1	1	2	1	1	1	1	1	2	2	2	2	2	2	2	1	2	2	2	2	2	2	2	2	2
12	2	1	1	1	2	2	1	1	1	1	2	1	2	1	2	2	1	2	2	2	2	2	1	1	1	1	1	2	1	2	2	2	2	2	2	1	1	2	2	2
13	2	1	1	1	2	2	1	1	1	1	2	1	2	1	2	2	1	2	2	2	2	2	1	1	1	1	1	2	1	2	2	2	2	2	2	1	1	2	2	2
14	2	1	1	1	1	1	1	1	1	1	1	1	2	2	1	1	1	2	1	1	1	1	1	2	2	2	2	2	2	2	1	2	2	2	2	2	2	2	2	2
15	2	1	1	1	2	2	1	1	1	1	2	1	2	1	2	2	1	2	2	2	2	2	1	1	1	1	1	2	1	2	2	2	2	2	2	1	1	2	2	2
16	1	1	1	1	1	1	1	1	1	1	1	1	1	1	1	1	1	1	1	1	1	1	1	1	1	1	1	1	1	1	1	1	1	1	1	1	1	1	1	1
17	2	1	1	1	2	2	1	1	1	1	2	1	2	1	2	2	1	2	2	2	2	2	1	1	1	1	1	2	1	2	2	2	2	2	2	1	1	2	2	2
18	2	1	1	1	2	2	1	1	1	1	2	1	2	1	2	2	1	2	2	2	2	2	1	1	1	1	1	2	1	2	2	2	2	2	2	1	1	2	2	2
19	2	1	1	1	2	2	1	1	1	1	2	1	2	1	2	2	1	2	2	2	2	2	1	1	1	1	1	2	1	2	2	2	2	2	2	1	1	2	2	2
20	2	1	1	1	2	2	1	1	1	1	2	1	2	1	2	2	1	2	2	2	2	2	1	1	1	1	1	2	1	2	2	2	2	2	2	1	1	2	2	2
21	2	1	1	1	2	2	1	1	1	1	2	1	2	1	2	2	1	2	2	2	2	2	1	1	1	1	1	2	1	2	2	2	2	2	2	1	1	2	2	2
22	2	1	1	1	1	1	1	1	1	1	1	1	2	2	1	1	1	2	1	1	1	1	1	2	2	2	2	2	2	2	1	2	2	2	2	2	2	2	2	2
23	2	1	1	1	2	2	1	1	1	1	2	1	2	2	2	2	1	2	1	1	2	2	1	2	2	2	2	2	2	2	2	2	2	2	2	2	2	2	2	2
24	2	1	1	1	2	2	1	1	1	1	2	1	2	2	2	2	1	2	2	2	2	2	1	2	2	2	2	2	2	2	2	2	2	2	2	2	2	2	2	2
25	1	1	1	1	1	1	1	1	1	1	1	1	1	1	1	1	1	1	1	1	1	1	1	1	1	1	1	1	1	1	1	1	1	1	1	1	1	1	1	1
26	1	1	1	1	1	1	1	1	1	1	2	1	2	1	2	2	1	2	2	2	2	2	1	1	1	1	1	2	1	2	2	2	2	2	2	1	1	2	2	2
27	2	1	1	1	2	2	1	1	1	1	2	1	2	1	2	2	1	2	2	2	2	2	1	1	1	1	1	2	1	2	2	2	2	2	2	1	1	2	2	2
28	2	1	1	1	2	2	1	1	1	1	2	1	2	1	2	2	1	2	2	2	2	2	1	1	1	1	1	2	1	2	2	2	2	2	2	1	1	2	2	2
29	2	1	1	1	2	2	1	1	1	1	2	1	2	1	2	2	1	2	2	2	1	1	1	1	1	1	1	2	1	2	2	2	2	2	2	1	1	2	2	2
30	2	1	1	1	2	2	1	1	1	1	2	1	2	1	2	2	1	2	2	2	2	2	1	1	1	1	1	2	1	2	2	2	2	2	2	1	1	2	2	2
31	2	1	1	1	2	2	1	1	1	1	2	1	2	1	2	2	1	2	2	2	1	1	1	1	1	1	1	2	1	2	2	2	2	2	2	1	1	2	2	2
32	2	1	1	1	1	1	1	1	1	1	1	1	2	2	1	1	1	2	1	1	1	1	1	2	2	2	2	2	2	2	1	2	2	2	2	2	2	2	2	2
33	2	1	1	1	1	1	1	1	1	1	1	1	2	2	1	1	1	2	1	1	1	1	1	2	2	2	2	2	2	2	1	2	2	2	2	2	2	2	2	2
34	2	1	1	1	1	1	1	1	1	1	1	1	2	2	1	1	1	2	1	1	1	1	1	2	2	2	2	2	2	2	1	2	2	2	2	2	2	2	2	2
35	2	1	1	1	1	1	1	1	1	1	1	1	2	2	1	1	1	2	1	1	1	1	1	2	2	2	2	2	2	2	1	2	2	2	2	2	2	2	2	2
36	2	1	1	1	2	2	1	1	1	1	2	1	2	2	2	2	1	2	2	2	2	2	1	2	2	2	2	2	2	2	2	2	2	2	2	2	2	2	2	2
37	2	1	1	1	2	2	1	1	1	1	2	1	2	2	2	2	1	2	2	2	2	2	1	2	2	2	2	2	2	2	2	2	2	2	2	2	2	2	2	2
38	2	1	1	1	2	2	1	1	1	1	2	1	2	1	2	2	1	2	2	2	2	2	1	1	1	1	1	2	1	2	2	2	2	2	2	1	1	2	2	2
39	2	1	1	1	1	1	1	1	1	1	1	1	2	2	1	1	1	2	1	1	1	1	1	2	2	2	2	2	2	2	1	2	2	2	2	2	2	2	2	2
40	2	1	1	1	2	2	1	1	1	1	2	1	2	1	2	2	1	2	2	2	2	2	1	1	1	1	1	2	1	2	2	2	2	2	2	1	1	2	2	2
41	2	1	1	1	1	1	1	1	1	1	1	1	2	2	1	1	1	2	1	1	1	1	1	2	2	2	2	2	2	2	1	2	2	2	2	2	2	2	2	2
42	2	1	1	1	1	1	1	1	1	1	1	1	2	2	1	1	1	2	1	1	1	1	1	2	2	2	2	2	2	2	1	2	2	2	2	2	2	2	2	2
43	2	1	1	1	1	1	1	1	2	1	1	1	2	2	1	1	1	2	1	1	1	1	1	2	2	2	2	2	2	2	1	2	2	2	2	2	2	2	2	2
44	2	1	1	1	2	2	1	1	1	1	2	1	2	1	2	2	1	2	2	2	2	2	1	1	1	1	1	2	1	2	2	2	2	2	2	1	1	2	2	2
45	2	1	1	1	1	1	1	1	1	1	1	1	2	2	1	1	1	2	1	1	1	1	1	2	2	2	2	2	2	2	1	2	2	2	2	2	2	2	2	2
46	1	1	1	1	1	1	1	1	1	1	1	1	1	1	1	1	1	1	1	1	1	1	1	1	1	1	1	1	1	1	1	1	1	1	1	1	1	1	1	1
47	1	1	1	1	1	1	1	1	1	1	1	1	1	1	1	1	1	1	1	1	1	1	1	1	1	1	1	1	1	1	1	1	1	1	1	1	1	1	1	1
48	1	1	1	1	1	1	1	1	1	1	1	1	1	1	1	1	1	1	1	1	1	1	1	1	1	1	1	1	1	1	1	1	1	1	1	1	1	1	1	1
49	1	1	1	1	1	1	1	1	1	1	1	1	1	1	1	1	1	1	1	1	1	1	1	1	1	1	1	1	1	1	1	1	1	1	1	1	1	1	1	1
50	1	1	1	1	1	1	1	1	2	1	1	1	1	1	1	1	1	1	1	1	1	1	1	1	1	1	1	1	1	1	1	1	1	1	1	1	1	1	1	1
51	2	1	1	1	2	2	1	1	1	1	2	1	2	1	2	2	1	2	2	2	2	2	1	1	1	1	1	2	1	2	2	2	2	2	2	1	1	2	2	2
52	2	1	1	1	1	1	1	1	1	1	1	1	2	2	1	1	1	2	1	1	1	1	1	2	2	2	2	2	2	2	1	2	2	2	2	2	2	2	2	2
53	2	1	1	1	1	1	1	1	1	1	1	1	2	2	1	1	1	2	1	1	1	1	1	2	2	2	2	2	2	2	1	2	2	2	2	2	2	2	2	2
54	2	1	1	1	1	1	1	1	1	1	1	1	2	2	1	1	1	2	1	1	1	1	1	2	2	2	2	2	2	2	1	2	2	2	2	2	2	2	2	2
55	2	1	1	1	2	2	1	1	1	1	2	1	2	1	2	2	1	2	2	2	2	2	1	1	1	1	1	2	1	2	2	2	2	2	2	1	1	2	2	2
56	2	1	1	1	1	1	1	1	1	1	1	1	2	2	1	1	1	2	1	1	1	1	1	2	2	2	2	2	2	2	1	2	2	2	2	2	2	2	2	2
57	1	1	1	1	1	1	1	1	1	1	1	1	1	1	1	1	1	1	1	1	1	1	1	1	1	1	1	1	1	1	1	1	1	1	1	1	1	1	1	1
58	1	1	1	1	1	1	1	1	1	1	1	1	1	1	1	1	1	1	1	1	1	1	1	1	1	1	1	1	1	1	1	1	1	1	1	1	1	1	1	1
59	2	1	1	1	1	1	1	1	1	1	1	1	2	2	1	1	1	2	1	1	1	1	1	2	2	2	2	2	2	2	1	2	2	2	2	2	2	2	2	2
60	2	1	1	1	1	1	1	1	1	1	1	1	2	2	1	1	1	2	1	1	1	1	1	2	2	2	2	2	2	2	1	2	2	2	2	2	2	2	2	2
61	2	1	1	1	2	2	1	1	1	1	2	1	2	2	2	2	1	2	2	2	2	2	1	2	2	2	2	2	2	2	2	2	2	2	2	2	2	2	2	2
62	2	1	1	1	2	2	1	1	1	1	2	1	2	2	2	2	1	2	2	2	2	2	1	2	2	2	2	2	2	2	2	2	2	2	2	2	2	2	2	2
63	2	1	1	1	2	2	1	1	1	1	2	1	2	1	2	2	1	2	2	2	2	2	1	1	1	1	1	2	1	2	2	2	2	2	2	1	1	2	2	2
64	2	1	1	1	2	2	1	1	1	1	2	1	2	1	2	2	1	2	2	2	2	2	1	1	1	1	1	2	1	2	2	2	2	2	2	1	1	2	2	2
65	2	1	1	1	2	2	1	1	1	1	2	1	2	1	2	2	1	2	2	2	2	2	1	1	1	1	1	2	1	2	2	2	2	2	2	1	1	2	2	2
66	2	1	1	1	2	2	1	1	1	1	2	1	2	1	2	2	1	2	2	2	2	2	1	1	1	1	1	2	1	2	2	2	2	2	2	1	1	2	2	2
67	1	1	1	1	1	1	1	1	2	1	1	1	1	1	1	1	1	1	1	1	1	1	1	1	1	1	1	1	1	1	1	1	1	1	1	1	1	1	1	1
68	2	1	1	1	1	1	1	1	1	1	1	1	2	2	1	1	1	2	1	1	1	1	1	2	2	2	2	2	2	2	1	2	2	2	2	2	2	2	2	2
69	2	1	1	1	2	2	1	1	1	1	2	1	2	1	2	2	1	2	2	2	2	2	1	1	1	1	1	2	1	2	2	2	2	2	2	1	1	2	2	2
70	2	1	1	1	2	2	1	1	1	1	2	1	2	1	2	2	1	2	2	2	2	2	1	1	1	1	1	2	1	2	2	2	2	2	2	1	1	2	2	2
71	2	1	1	1	2	2	1	1	1	1	2	1	2	2	2	2	1	2	2	2	2	2	1	2	2	2	2	2	2	2	2	2	2	2	2	2	2	2	2	2
72	2	1	1	1	2	2	1	1	1	1	2	1	2	2	2	2	1	2	2	2	2	2	1	2	2	2	2	2	2	2	2	2	2	2	2	2	2	2	2	2
73	2	1	1	1	2	2	1	1	1	1	2	1	2	2	2	2	1	2	2	2	2	2	1	2	2	2	2	2	2	2	2	2	2	2	2	2	2	2	2	2
74	2	1	1	1	1	1	1	1	1	1	1	1	2	2	1	1	1	2	1	1	1	1	1	2	2	2	2	2	2	2	1	2	2	2	2	2	2	2	2	2
75	2	1	1	1	1	1	1	1	1	1	1	1	2	2	1	1	1	2	1	1	1	1	1	2	2	2	2	2	2	2	1	2	2	2	2	2	2	2	2	2
76	2	1	1	1	1	1	1	1	1	1	1	1	2	2	1	1	1	2	1	1	1	1	1	2	2	2	2	2	2	2	1	2	2	2	2	2	2	2	2	2
77	2	1	1	1	2	2	1	1	1	1	2	1	2	1	2	2	1	2	1	1	2	2	1	1	1	1	1	2	1	2	2	2	2	2	2	1	1	2	2	2
78	2	1	1	1	2	2	1	1	1	1	2	1	2	2	2	2	1	2	1	1	2	2	1	2	2	2	2	2	2	2	2	2	2	2	2	2	2	2	2	2
79	2	1	1	1	1	1	1	1	1	1	1	1	2	2	1	1	1	2	1	1	1	1	1	2	2	2	2	2	2	2	1	2	2	2	2	2	2	2	2	2
80	2	1	1	1	1	1	1	1	1	1	1	1	2	2	1	1	1	2	1	1	1	1	1	2	2	2	2	2	2	2	1	2	2	2	2	2	2	2	2	2
81	2	1	1	1	1	1	1	1	1	1	1	1	2	2	1	1	1	2	1	1	1	1	1	2	2	2	2	2	2	2	1	2	2	2	2	2	2	2	2	2
82	2	1	1	1	1	1	1	1	1	1	1	1	2	2	1	1	1	2	1	1	1	1	1	2	2	2	2	2	2	2	1	2	2	2	2	2	2	2	2	2
83	2	1	1	1	1	1	1	1	1	1	1	1	2	2	1	1	1	2	1	1	1	1	1	2	2	2	2	2	2	2	1	2	2	2	2	2	2	2	2	2
84	2	1	1	1	2	2	1	1	1	1	2	1	2	2	2	2	1	2	2	2	2	2	1	2	2	2	2	2	2	2	2	2	2	2	2	2	2	2	2	2
85	2	1	1	1	2	2	1	1	1	1	2	1	2	1	2	2	1	2	2	2	2	2	1	1	1	1	1	2	1	2	2	2	2	2	2	1	1	2	2	2
86	2	1	1	1	2	2	1	1	1	1	2	1	2	2	2	2	1	2	2	2	2	2	1	2	2	2	2	2	2	2	2	2	2	2	2	2	2	2	2	2
87	2	1	1	1	1	1	1	1	1	1	1	1	2	2	1	1	1	2	1	1	1	1	1	2	2	2	2	2	2	2	1	2	2	2	2	2	2	2	2	2
88	2	1	1	1	1	1	1	1	1	1	1	1	2	2	1	1	1	2	1	1	1	1	1	2	2	2	2	2	2	2	1	2	2	2	2	2	2	2	2	2
89	2	1	1	1	1	1	1	1	1	1	1	1	2	2	1	1	1	2	1	1	1	1	1	2	2	2	2	2	2	2	1	2	2	2	2	2	2	2	2	2
90	2	1	1	1	1	1	1	1	1	1	1	1	2	2	1	1	1	2	1	1	1	1	1	2	2	2	2	2	2	2	1	2	2	2	2	2	2	2	2	2
91	2	1	1	1	1	1	1	1	1	1	1	1	2	2	1	1	1	2	1	1	1	1	1	2	2	2	2	2	2	2	1	2	2	2	2	2	2	2	2	2
92	1	1	1	1	1	1	1	1	1	1	1	1	1	1	1	1	1	1	1	1	1	1	1	1	1	1	1	1	1	1	1	1	1	1	1	1	1	1	1	1
93	2	1	1	1	2	2	1	1	1	1	2	1	2	1	2	2	1	2	2	2	2	2	1	1	1	1	1	2	1	2	2	2	2	2	2	1	1	2	2	2
94	2	1	1	1	2	2	1	1	1	1	2	1	2	2	2	2	1	2	2	2	2	2	1	2	2	2	2	2	2	2	2	2	2	2	2	2	2	2	2	2
95	2	1	1	1	2	2	1	1	1	1	2	1	2	1	2	2	1	2	2	2	2	2	1	1	1	1	1	2	1	2	2	2	2	2	2	1	1	2	2	2
96	2	1	1	1	2	2	1	1	1	1	2	1	2	2	2	2	1	2	1	1	2	2	1	2	2	2	2	2	2	2	2	2	2	2	2	2	2	2	2	2
97	2	1	1	1	2	2	1	1	1	1	2	1	2	2	2	2	1	2	2	2	2	2	1	2	2	2	2	2	2	2	2	2	2	2	2	2	2	2	2	2
98	2	1	1	1	1	1	1	1	1	1	2	1	2	2	2	2	1	2	2	2	2	2	1	2	2	2	2	2	2	2	2	2	2	2	2	2	2	2	2	2
99	2	1	1	1	2	2	1	1	1	1	2	1	2	1	2	2	1	2	2	2	2	2	1	1	1	1	1	2	1	2	2	2	2	2	2	1	1	2	2	2
100	2	1	1	1	2	2	1	1	1	1	2	1	2	2	2	2	1	2	2	2	2	2	1	2	2	2	2	2	2	2	2	2	2	2	2	2	2	2	2	2
