SNP_ID,PC,loading
14558540,1,0.01806433517902192
14558540,2,-2.629631879633388e-4
14558540,3,-0.1911741917059358
14559869,1,0.033930811462815846
14559869,2,-0.023303923671870626
14559869,3,-0.22294393221254238
14561069,1,0.03689518332568742
14561069,2,-0.014979389562470937
14561069,3,-0.2167534233780704
14572813,1,0.0187384587284882
14572813,2,0.009910296170974161
14572813,3,-0.1740584737819692
14576374,1,0.031984771233066346
14576374,2,0.006815660826382242
14576374,3,-0.2277002898349561
14578418,1,0.023329881814512635
14578418,2,0.019972164899996758
14578418,3,-0.22653675457128483
14584177,1,0.025477954316875738
14584177,2,-0.00622370659096505
14584177,3,-0.1765043374906943
14585604,1,0.03894270710154107
14585604,2,-0.0076450568045746264
14585604,3,-0.19514368875086244
14589752,1,0.019995692068135493
14589752,2,0.027849508511621202
14589752,3,-0.19688682603146476
14589985,1,0.028265023390292212
14589985,2,-0.00856479742899448
14589985,3,-0.23622402141553347
14590321,1,0.02824869480938821
14590321,2,0.01691241396118337
14590321,3,-0.16288326365220113
14590346,1,0.030791870754745095
14590346,2,-0.015242436763233173
14590346,3,-0.1727564960945595
14592960,1,0.026881639875234783
14592960,2,-0.0020475025631987104
14592960,3,-0.19386458780411261
14593699,1,0.007120825958834721
14593699,2,0.02941235346632511
14593699,3,-0.09668037111794285
14595264,1,0.02744789414350478
14595264,2,0.0059544757381459895
14595264,3,-0.2249591052892383
14595796,1,0.02587148015115372
14595796,2,-5.81568840282953e-4
14595796,3,-0.1605040051647093
14596277,1,0.039270653499778305
14596277,2,-0.023715282082446332
14596277,3,-0.19622912870026893
14597009,1,0.19192648392336203
14597009,2,-0.4152143266673782
14597009,3,0.04259796258586868
14599007,1,0.03900815327410466
14599007,2,0.004476353318399413
14599007,3,-0.15968785618691242
14599450,1,0.12817591232877076
14599450,2,0.058049270553695215
14599450,3,-0.1465868782696789
14599741,1,0.026904991000263587
14599741,2,0.001432339519330074
14599741,3,-0.153743585112059
14600306,1,0.1999580414279704
14600306,2,-0.42542634006205887
14600306,3,0.04537695506717318
14601415,1,0.17003505832037386
14601415,2,-0.3773590389800247
14601415,3,0.033441209523566225
14601492,1,0.15018199493870138
14601492,2,-0.3615706802771283
14601492,3,0.014162963976426643
14602180,1,0.19775317079755103
14602180,2,-0.4399823083529627
14602180,3,0.005922866039159734
14602877,1,0.02694581086539179
14602877,2,-0.018316570348630223
14602877,3,-0.14024088333919058
14603449,1,-0.206008156989885
14603449,2,-0.10631796915955483
14603449,3,-0.1491501535133274
14603577,1,-0.25093601502236484
14603577,2,-0.08856787869313373
14603577,3,0.03059153754382069
14604160,1,0.026966599193424718
14604160,2,0.006956612844926401
14604160,3,-0.1558341738941428
14604174,1,-0.21013987291587782
14604174,2,-0.09756692147199053
14604174,3,-0.1562385221717142
14604190,1,-0.24265155891589268
14604190,2,-0.09793652107091291
14604190,3,0.024812722379303372
14604191,1,-0.24348601105939072
14604191,2,-0.10857403601647189
14604191,3,-0.0072478746054288855
14604323,1,-0.20035138009665557
14604323,2,-0.10696342226254665
14604323,3,-0.10727102114621974
14604361,1,-0.23803602262939014
14604361,2,-0.10339913575580302
14604361,3,0.038348236130907536
14604588,1,-0.20659927214385004
14604588,2,-0.11597687755438212
14604588,3,-0.13989794467690878
14604983,1,-0.2098863699109391
14604983,2,-0.10373858657373275
14604983,3,-0.1517313945592375
14606041,1,-0.01985512425072607
14606041,2,0.02912429854228976
14606041,3,0.018213038945058282
14607040,1,-0.2540251019306295
14607040,2,-0.12151878906120749
14607040,3,0.04369104805472227
14607888,1,0.02656385231291416
14607888,2,-0.0038976960332168693
14607888,3,-0.13174954483570378
14608367,1,0.037623162125736125
14608367,2,-0.0036847422878347764
14608367,3,-0.1562153934977838
14608578,1,-0.23770206699621343
14608578,2,-0.12023087991157175
14608578,3,0.018959928764674967
14609183,1,-0.2444607977174623
14609183,2,-0.10970008821691508
14609183,3,-0.007862283129595657
14609338,1,0.035167583433784726
14609338,2,0.009499213841741792
14609338,3,-0.14544372693429777
14610112,1,-0.23645305729431537
14610112,2,-0.11577636675823083
14610112,3,0.03857915228790136
14610967,1,0.025122969758488423
14610967,2,0.01779661094927509
14610967,3,-0.1552880231848323
14610992,1,-0.25160971087910544
14610992,2,-0.09492899407683514
14610992,3,0.010980371573358455
14611143,1,-0.02192281688960356
14611143,2,0.022553841473932284
14611143,3,0.0210419689924561
14611235,1,0.021433195786222225
14611235,2,-0.002238634741506418
14611235,3,-0.1436569244666612
14612284,1,-0.20560089600309844
14612284,2,-0.10005769037417281
14612284,3,-0.12371627133632888
