SNP_ID,PC,loading
14558540,1,0.04318450426982003
14558540,2,0.003562912999478348
14558540,3,0.18512420188840145
14559869,1,0.026314029459199473
14559869,2,-0.017423289862167658
14559869,3,0.17605753558793302
14561069,1,0.021045379375783768
14561069,2,-0.026563005618305522
14561069,3,0.20144229586226947
14572813,1,0.03505251282110389
14572813,2,-0.024456736756446967
14572813,3,0.20594155046453844
14576374,1,0.03453787360980831
14576374,2,-0.020793346666519996
14576374,3,0.21408891805343144
14578418,1,0.01796195337271544
14578418,2,-0.03925546922428613
14578418,3,0.24741933558535545
14584177,1,0.032189899016929216
14584177,2,-0.014225205558684548
14584177,3,0.20603594674857165
14585604,1,0.029113967948542534
14585604,2,-0.03416439313795914
14585604,3,0.1728561881030627
14589752,1,0.018882400484704905
14589752,2,0.01871435461908921
14589752,3,0.2032890366991654
14589985,1,0.0356120205909792
14589985,2,-0.022300254730585632
14589985,3,0.20239053946785943
14590321,1,0.031271511633539806
14590321,2,0.001028470125977515
14590321,3,0.12770637628287626
14590346,1,0.026068050121102884
14590346,2,-0.01858079136494302
14590346,3,0.18430203752001542
14592960,1,0.024501602877557687
14592960,2,-0.014424991993052711
14592960,3,0.22391582725813275
14593699,1,0.012932327717007568
14593699,2,0.005797132944776058
14593699,3,0.10822785950699745
14595264,1,0.029574192338589364
14595264,2,-0.016637114228358094
14595264,3,0.25047445602012686
14595796,1,0.022763046212330995
14595796,2,-0.03146140620302318
14595796,3,0.14190401585533016
14596277,1,0.02533619689913664
14596277,2,-0.018421913976607203
14596277,3,0.18947008509108393
14597009,1,0.1891978248287428
14597009,2,-0.4279500418327701
14597009,3,-0.05606324230169861
14599007,1,0.03661933396695962
14599007,2,-0.0068118450144186195
14599007,3,0.15366296220164266
14599450,1,0.13666716026762696
14599450,2,0.04346789200515059
14599450,3,0.12432044745332496
14599741,1,0.03334519772088638
14599741,2,-0.005628991553919943
14599741,3,0.16187563765678303
14600306,1,0.17036497236745995
14600306,2,-0.4264440322877107
14600306,3,-0.06176910040565606
14601415,1,0.16079618207588153
14601415,2,-0.3964762269145752
14601415,3,-0.07009477929624765
14601492,1,0.15005027055391781
14601492,2,-0.3673266511947333
14601492,3,-0.03837868021252528
14602180,1,0.19790810972916098
14602180,2,-0.4080735505994245
14602180,3,-0.055388072827691474
14602877,1,0.03711119944806314
14602877,2,0.006093811260944669
14602877,3,0.1586982536691899
14603449,1,-0.2112394060896218
14603449,2,-0.11779034045655142
14603449,3,0.1274152606985988
14603577,1,-0.25359945751334323
14603577,2,-0.1050234758060873
14603577,3,-0.017065688879339222
14604160,1,0.03130111721224332
14604160,2,-0.03907854286186282
14604160,3,0.15188358606057684
14604174,1,-0.20556451438550638
14604174,2,-0.0993208364619086
14604174,3,0.14291874899008344
14604190,1,-0.23876386684738832
14604190,2,-0.10137522708109144
14604190,3,-0.0401042064533305
14604191,1,-0.2524750914051289
14604191,2,-0.09172681637163717
14604191,3,-0.024870780627744112
14604323,1,-0.21846839168532386
14604323,2,-0.08936207823769418
14604323,3,0.1426584510152393
14604361,1,-0.24271739122504668
14604361,2,-0.10005549804707069
14604361,3,-0.02579508860504439
14604588,1,-0.20371617726259098
14604588,2,-0.10448390266816121
14604588,3,0.12486915757735843
14604983,1,-0.20042742486690227
14604983,2,-0.08126921159720006
14604983,3,0.12404109826899998
14606041,1,-0.0363082281057899
14606041,2,0.03273701986708031
14606041,3,-0.03343569941164302
14607040,1,-0.24068405050645206
14607040,2,-0.11797938070179395
14607040,3,-0.02281723883221635
14607888,1,0.030708506839473088
14607888,2,-0.0024081227922800653
14607888,3,0.14222601114180286
14608367,1,0.027979894533131225
14608367,2,-0.010814760632880227
14608367,3,0.15538814061283476
14608578,1,-0.24102450487513297
14608578,2,-0.10642109077221004
14608578,3,-0.03817736266618027
14609183,1,-0.2503039469811542
14609183,2,-0.12762818865698097
14609183,3,-0.020669616428831503
14609338,1,0.031259941741038154
14609338,2,0.001781170192944821
14609338,3,0.16618708414381236
14610112,1,-0.23420028069799212
14610112,2,-0.10109132480818661
14610112,3,-0.023048392672797253
14610967,1,0.01619299013528836
14610967,2,-0.002703309614271269
14610967,3,0.1484713512886011
14610992,1,-0.24770660827934435
14610992,2,-0.0962450407784156
14610992,3,-0.049692017266982386
14611143,1,-0.028669019858266816
14611143,2,0.029313118491710515
14611143,3,-0.04198730121328725
14611235,1,0.019212639533955828
14611235,2,-0.020713386003658327
14611235,3,0.1450234394348356
14612284,1,-0.2232256565872724
14612284,2,-0.11105971941280404
14612284,3,0.12126919878214588
