SNP_ID,PC,loading
14558540,1,0.034045527046298533
14558540,2,0.005720338214750719
14558540,3,-0.20798614734455192
14559869,1,0.05291716076883329
14559869,2,0.022631527874784903
14559869,3,-0.20978587813248772
14561069,1,0.03646709159825834
14561069,2,0.020627833945034462
14561069,3,-0.17181826974172043
14572813,1,0.029783572679500325
14572813,2,0.015375222174063674
14572813,3,-0.20992468697220584
14576374,1,0.013953676028228064
14576374,2,-0.008845480486103119
14576374,3,-0.2192507988522816
14578418,1,0.017018701286632566
14578418,2,0.010027856648827993
14578418,3,-0.2153469187035154
14584177,1,0.03788173424467479
14584177,2,0.018585434938258927
14584177,3,-0.22230370958150764
14585604,1,0.03282036650434472
14585604,2,0.03958127472269398
14585604,3,-0.16870774976288175
14589752,1,0.041249001294173186
14589752,2,-0.003774654050958402
14589752,3,-0.21874045225887426
14589985,1,0.032666981789274886
14589985,2,0.006496900085157824
14589985,3,-0.22320349395015807
14590321,1,0.013524901569345073
14590321,2,0.014189252993616798
14590321,3,-0.15116407382991565
14590346,1,0.03442007300093946
14590346,2,0.007152040016617849
14590346,3,-0.20615169317304705
14592960,1,0.02454219913662656
14592960,2,0.006301646949725142
14592960,3,-0.23848913390710053
14593699,1,0.02662459260812787
14593699,2,0.009847284797981743
14593699,3,-0.0918886685640354
14595264,1,0.026005546825347288
14595264,2,0.018121432806546666
14595264,3,-0.21353879307584495
14595796,1,0.017846049161230487
14595796,2,0.015305933313631897
14595796,3,-0.16392358809704508
14596277,1,0.029450772726238725
14596277,2,-0.002431882133374772
14596277,3,-0.1893983168933635
14597009,1,0.19956400392934073
14597009,2,0.4020412366972049
14597009,3,0.03822703886487883
14599007,1,0.011927111590017173
14599007,2,0.002115319674613383
14599007,3,-0.1416029566417488
14599450,1,0.16146836367543257
14599450,2,-0.06068379417400658
14599450,3,-0.17423700547610713
14599741,1,0.023144274773068407
14599741,2,-0.019358333607264303
14599741,3,-0.15476703582649312
14600306,1,0.181708974236889
14600306,2,0.42111595829087095
14600306,3,0.07124810908190081
14601415,1,0.18129761999892569
14601415,2,0.3967993885145827
14601415,3,0.0638128506784242
14601492,1,0.14707259484927243
14601492,2,0.3577820093467135
14601492,3,0.007684358728586358
14602180,1,0.19878557718097575
14602180,2,0.43883517341941525
14602180,3,0.04060257332072219
14602877,1,0.039299781464233664
14602877,2,0.005169255909673095
14602877,3,-0.14601161118635864
14603449,1,-0.20317195130702878
14603449,2,0.1143171197413212
14603449,3,-0.14158753860672302
14603577,1,-0.24195595915077364
14603577,2,0.11081110178476217
14603577,3,0.011978805669834416
14604160,1,0.025633716274671304
14604160,2,0.0044173497657485255
14604160,3,-0.12943125772626277
14604174,1,-0.22617178715476127
14604174,2,0.12534376449071366
14604174,3,-0.12017370341966596
14604190,1,-0.2340542814346399
14604190,2,0.10808453328139571
14604190,3,0.010074426335840004
14604191,1,-0.2346668659782945
14604191,2,0.1236308023928569
14604191,3,-0.005180709989620052
14604323,1,-0.20756250541215776
14604323,2,0.1163919205933578
14604323,3,-0.11227752156757274
14604361,1,-0.23377865851011578
14604361,2,0.10722490687567927
14604361,3,0.03316025473902403
14604588,1,-0.22149967770635295
14604588,2,0.08821811123965681
14604588,3,-0.10986342187426333
14604983,1,-0.21753659361971542
14604983,2,0.10496392257916734
14604983,3,-0.1119158251623997
14606041,1,-0.027944506210148896
14606041,2,-0.02356939107804548
14606041,3,0.009902312692647037
14607040,1,-0.2308052584823943
14607040,2,0.10217399894116014
14607040,3,0.004336967139777478
14607888,1,0.029233946644924298
14607888,2,0.001078861777357768
14607888,3,-0.17472988618076998
14608367,1,0.04402255574782843
14608367,2,-0.002591993025007447
14608367,3,-0.15036517381613887
14608578,1,-0.22133851120732245
14608578,2,0.09546893725332047
14608578,3,0.011003814828512332
14609183,1,-0.2380907835409868
14609183,2,0.11046228454944455
14609183,3,0.007766301753960449
14609338,1,0.02730082992897279
14609338,2,-0.0020930256157026175
14609338,3,-0.13692954719122036
14610112,1,-0.23899003113390094
14610112,2,0.08890039372499975
14610112,3,0.005194912772082698
14610967,1,0.02108360464044384
14610967,2,0.0048417938821676415
14610967,3,-0.13811055105105446
14610992,1,-0.2410520228731439
14610992,2,0.11103537541669328
14610992,3,0.044967632226509874
14611143,1,-0.025285883668201482
14611143,2,0.007107620846916747
14611143,3,-0.004093537947279331
14611235,1,0.036699837591751897
14611235,2,0.01560281419947228
14611235,3,-0.16110768304462025
14612284,1,-0.22768899529003753
14612284,2,0.0991346188898923
14612284,3,-0.11418962206152296
