SNP_ID,PC,loading
17043136,1,-0.01858450372477045
17043136,2,-0.08342255561258148
17043136,3,0.05341464105595561
17043136,4,0.07149898260836188
17043136,5,0.0497450423301513
17043136,6,0.013376233982750665
17043136,7,-0.10772634856709917
17045641,1,0.024954467544967888
17045641,2,0.06864545624318896
17045641,3,-0.058596830164328574
17045641,4,-0.03896675549056117
17045641,5,-0.019218743704977084
17045641,6,0.017018744925524826
17045641,7,0.052343733213354074
17046111,1,-0.022260649541195106
17046111,2,-0.07455366144392155
17046111,3,0.05701074727340252
17046111,4,0.07156015867772003
17046111,5,0.0352310480401875
17046111,6,0.014565548692609375
17046111,7,-0.10459181289702006
17046587,1,0.031928102926326356
17046587,2,0.06210232802855755
17046587,3,-0.06740761625425953
17046587,4,-0.03428608603554259
17046587,5,-0.020432407171295915
17046587,6,0.021646416433549514
17046587,7,0.06547936528262598
17046719,1,-0.013109375256536038
17046719,2,-0.07707615923992152
17046719,3,0.03810999335057416
17046719,4,0.08270745330228654
17046719,5,0.038426726178351085
17046719,6,0.004305247647117485
17046719,7,-0.11014803747304491
17047632,1,-0.00865305355278657
17047632,2,-0.014919344761752941
17047632,3,0.028467041230430166
17047632,4,0.008792842349008081
17047632,5,0.012318712668533446
17047632,6,0.005126723933845802
17047632,7,0.004752401359299827
17049115,1,-0.004253381588246526
17049115,2,0.006520446122065217
17049115,3,-0.013368860136908866
17049115,4,0.020006190678382118
17049115,5,0.04113425910907584
17049115,6,-0.15669575075058667
17049115,7,0.03078111358035461
17049827,1,-0.015007277350016434
17049827,2,-0.07541759762745166
17049827,3,0.04042599463074466
17049827,4,0.07760712410766668
17049827,5,0.046484495409660036
17049827,6,0.016792042860690876
17049827,7,-0.10528427425754368
17050088,1,-0.01912649189004035
17050088,2,-0.08530408052757005
17050088,3,0.04688915724452247
17050088,4,0.07287149461395549
17050088,5,0.05435324191225863
17050088,6,0.019563891883688744
17050088,7,-0.09856361972534795
17050605,1,0.021018897009218242
17050605,2,0.06158702466758854
17050605,3,-0.06984510564523112
17050605,4,-0.0384324846849355
17050605,5,-0.006515785515354247
17050605,6,0.01889861787416892
17050605,7,0.05277717165425744
17051419,1,-0.020218867359435528
17051419,2,-0.0751593973233537
17051419,3,0.04201244761287776
17051419,4,0.06304008867853586
17051419,5,0.03817555771242177
17051419,6,0.015667356834472793
17051419,7,-0.11434202777294339
17051775,1,0.002021461315235769
17051775,2,0.007880712489195776
17051775,3,-0.030507686539547708
17051775,4,-3.8188744459253664e-4
17051775,5,0.10096105658865617
17051775,6,-0.22467864752475947
17051775,7,0.0661503420997448
17052123,1,0.020289656494589848
17052123,2,0.027322487010654505
17052123,3,-0.04196704057147739
17052123,4,-0.03565152346077646
17052123,5,-0.05003136323068325
17052123,6,-8.448189719332151e-4
17052123,7,0.032498624226423745
17052871,1,-0.02853119992486405
17052871,2,-0.08281505577444942
17052871,3,0.050882308918162075
17052871,4,0.06665248427911377
17052871,5,0.04421562903684107
17052871,6,0.01710602244755225
17052871,7,-0.10795964625262293
17054103,1,-0.017784129662893746
17054103,2,-0.018288785428764102
17054103,3,0.021242042221606718
17054103,4,0.007079654638587362
17054103,5,0.016982684449899713
17054103,6,0.12771033134357387
17054103,7,0.169453632622759
17054291,1,-0.01717853783625929
17054291,2,-0.009933746389980257
17054291,3,0.027845657581436083
17054291,4,0.009009100375737981
17054291,5,0.006837115926436559
17054291,6,0.11097567898252726
17054291,7,0.18303328944080974
17054332,1,-0.015131806092435182
17054332,2,-0.009236996964863261
17054332,3,0.029613479766255005
17054332,4,0.027914641947522356
17054332,5,0.009667034759472703
17054332,6,0.11186289836014543
17054332,7,0.1781755795091533
17054720,1,-0.00721187177172017
17054720,2,0.00699732247377216
17054720,3,-0.02482888300668115
17054720,4,-0.007388082206330357
17054720,5,0.10045343541229798
17054720,6,-0.23045424972656475
17054720,7,0.0658439878530486
17054795,1,-0.01950847857358246
17054795,2,-0.0032344640277448874
17054795,3,0.030750668412721664
17054795,4,0.016382576812849266
17054795,5,0.021493562798908867
17054795,6,0.11830048740127584
17054795,7,0.15739134154608628
17054847,1,-0.021615086211548794
17054847,2,-0.08224873283168642
17054847,3,0.051187356629311204
17054847,4,0.06634737611295918
17054847,5,0.04128088373440549
17054847,6,0.012699902630816107
17054847,7,-0.09734018961585067
17055074,1,0.0021205839970217803
17055074,2,0.004213654118948366
17055074,3,-0.027867763370871147
17055074,4,0.0012663456524120084
17055074,5,0.08519697439238638
17055074,6,-0.22357298250593086
17055074,7,0.052813968611401356
17055458,1,-0.0030606948414123964
17055458,2,0.012060064366272966
17055458,3,-0.027136627287085227
17055458,4,-0.011152456774006224
17055458,5,0.08487695278507194
17055458,6,-0.23252150490581613
17055458,7,0.05949717563620586
17055569,1,0.027474959376118477
17055569,2,0.02693995596943115
17055569,3,-0.04395821137466098
17055569,4,-0.042895283300820916
17055569,5,-0.03405733531654033
17055569,6,-8.942140128148433e-6
17055569,7,0.0289652653783649
17055818,1,0.025014068657935283
17055818,2,0.02664770017482643
17055818,3,-0.044411753395998184
17055818,4,-0.03366552225491674
17055818,5,-0.035934664089016
17055818,6,0.018212618939593805
17055818,7,0.0063660196278246895
17055978,1,-0.01850220058131124
17055978,2,-0.008832275488377965
17055978,3,0.02215855936973597
17055978,4,0.013807026022893286
17055978,5,0.01862674635192859
17055978,6,0.11324703898329326
17055978,7,0.1897312602017835
17055984,1,-0.008788175439976046
17055984,2,0.0056983091921020135
17055984,3,-0.014231432968774695
17055984,4,-0.005069105893349281
17055984,5,0.08900910033302913
17055984,6,-0.23753159925448447
17055984,7,0.05272926852624734
17056298,1,0.025652270146085086
17056298,2,0.023964422316244037
17056298,3,-0.047988075240899965
17056298,4,-0.0378737045824739
17056298,5,-0.05353469768007167
17056298,6,-7.005960931683481e-4
17056298,7,0.03043011888330377
17056415,1,0.021236855705314046
17056415,2,0.023284717555513614
17056415,3,-0.046309899620601225
17056415,4,-0.03432759136397502
17056415,5,-0.037414599520479146
17056415,6,-0.0023900859835502926
17056415,7,0.026336046295676242
17057597,1,-0.004116060300280769
17057597,2,0.010391407598935478
17057597,3,-0.026186018574905354
17057597,4,-0.0025003794057434484
17057597,5,0.09744295536808312
17057597,6,-0.22720486848931049
17057597,7,0.05416070211645404
17058482,1,-2.3260496821106506e-4
17058482,2,0.00489030138101002
17058482,3,-0.024896751422690083
17058482,4,-0.0054660369596203065
17058482,5,0.08369356590841699
17058482,6,-0.23967349200499996
17058482,7,0.060418109623492505
17058616,1,-0.01367948991629917
17058616,2,-0.008699566518960712
17058616,3,0.020405904803681627
17058616,4,0.006166725244749361
17058616,5,0.007647014870087439
17058616,6,0.11539927334454891
17058616,7,0.16080410951241844
17059916,1,-0.010816133858757411
17059916,2,-0.004714490226630175
17059916,3,0.02593750145941299
17059916,4,0.01756533660706963
17059916,5,0.02134085717380247
17059916,6,0.11395922256647856
17059916,7,0.17087325279566712
17060166,1,-0.00521242092630198
17060166,2,0.012564016865302856
17060166,3,-0.023973467908671116
17060166,4,-6.856555848376268e-4
17060166,5,0.08905095864204392
17060166,6,-0.24030383693152058
17060166,7,0.06754150109186229
17060419,1,-0.01792426148938917
17060419,2,-0.008724604037422685
17060419,3,0.032145875409493124
17060419,4,0.00913407323985092
17060419,5,0.02049601343428163
17060419,6,0.1255547389596085
17060419,7,0.1834697871973483
17060707,1,-0.023610421971825803
17060707,2,-0.07877638387039397
17060707,3,0.03741279659307831
17060707,4,0.06486764676081488
17060707,5,0.03197917365081918
17060707,6,0.013456967487817318
17060707,7,-0.1217146851528905
17061093,1,-0.016502050096284495
17061093,2,0.0020777012132149985
17061093,3,0.03207693713625257
17061093,4,0.011105309628132476
17061093,5,0.026650513214869408
17061093,6,0.12347802294160784
17061093,7,0.17358064031280213
17061305,1,-0.018185723823399454
17061305,2,-0.08274266163015492
17061305,3,0.035724503906805996
17061305,4,0.06907223068810922
17061305,5,0.02361217091844849
17061305,6,-0.005285051970316678
17061305,7,-0.11308423375949463
17063176,1,-0.018740026295606105
17063176,2,-0.07148838151870429
17063176,3,0.02968277449011247
17063176,4,0.07954428963020707
17063176,5,0.032801193823634604
17063176,6,0.0031953137635868578
17063176,7,-0.13075401840962658
17063530,1,-0.021427676059638318
17063530,2,-0.07370194652597052
17063530,3,0.04588190998748242
17063530,4,0.07048782831625393
17063530,5,0.046545176644584345
17063530,6,-0.0061891839141340835
17063530,7,-0.11712191412327083
17064010,1,-0.004820154523658231
17064010,2,0.007532589006586795
17064010,3,-0.027771053889932874
17064010,4,0.0033319028506247073
17064010,5,0.0909385397572151
17064010,6,-0.228615809530068
17064010,7,0.05412959071764588
17064885,1,-0.01935870443863573
17064885,2,-0.020330299759665358
17064885,3,0.018010774589853947
17064885,4,0.017785206721700225
17064885,5,0.022142835488033863
17064885,6,0.1144791297555151
17064885,7,0.18188155295212324
17065079,1,-0.0059956153620836835
17065079,2,0.0174949977855054
17065079,3,-0.028373872323687793
17065079,4,-0.00931305828929746
17065079,5,0.09125768530004685
17065079,6,-0.23173423361226284
17065079,7,0.04608393843962705
17066034,1,-0.01780956727733357
17066034,2,-0.011148084576003798
17066034,3,0.022735871300187404
17066034,4,0.004894410766753508
17066034,5,0.00561042751734512
17066034,6,0.12054655875923456
17066034,7,0.17682725015192297
17066400,1,0.022685902853999157
17066400,2,0.02343374024462694
17066400,3,-0.028723724685922464
17066400,4,-0.02833152276420383
17066400,5,-0.027420193558785395
17066400,6,0.026843816069020837
17066400,7,0.055773100881372106
17066493,1,-0.02552990380095023
17066493,2,0.020855324318985718
17066493,3,0.0028998289216340812
17066493,4,0.014153074567263132
17066493,5,0.10518004209456179
17066493,6,-0.09349840648342554
17066493,7,0.23738046002733873
17066622,1,-0.021724863305425564
17066622,2,-0.046449798049242444
17066622,3,-0.027739641400365604
17066622,4,0.033934955223405075
17066622,5,-0.011098194659481343
17066622,6,0.0036892834126044153
17066622,7,-0.08068401625681011
17066700,1,-0.004581580705015713
17066700,2,0.01614393229343275
17066700,3,-0.012503594406357375
17066700,4,-0.01427671381748812
17066700,5,0.08769555200871815
17066700,6,-0.23559815459730096
17066700,7,0.0697351819318015
17066768,1,-0.010869566328387438
17066768,2,-0.006700339769288199
17066768,3,0.029418794742491032
17066768,4,0.014056551664347848
17066768,5,0.016407627305215427
17066768,6,0.1177791885838261
17066768,7,0.16532262038321466
17068748,1,-0.017194582520713646
17068748,2,-0.041661426769802896
17068748,3,-0.020657188615917046
17068748,4,0.04079559252203266
17068748,5,0.0023890448490284867
17068748,6,0.031326768652599875
17068748,7,-0.08156124781456514
17070109,1,-0.006371360786416273
17070109,2,-0.016968108505000346
17070109,3,-0.037883274090560234
17070109,4,0.002273699218059413
17070109,5,0.007985437573679135
17070109,6,0.01252002297480827
17070109,7,0.02214302308364468
17070407,1,-0.01848582435402116
17070407,2,-0.04613349899028865
17070407,3,-0.02465687753095638
17070407,4,0.04742705788553413
17070407,5,0.01859886018182058
17070407,6,0.022619124588687853
17070407,7,-0.08570147678990037
17070764,1,-0.005437642519563176
17070764,2,-0.04702179037343976
17070764,3,0.0810554036853285
17070764,4,-0.015996377302542844
17070764,5,0.019594589532270047
17070764,6,-0.025149874849314316
17070764,7,-0.04664880679623218
17071513,1,-0.00425776987113378
17071513,2,-0.03774170248790712
17071513,3,0.07411526291603389
17071513,4,-0.0243854193664007
17071513,5,0.005800607454044531
17071513,6,-0.01124330431303575
17071513,7,-0.03771685648838589
17073119,1,-0.00555561667474778
17073119,2,-0.019726653555702856
17073119,3,-0.005463810303977837
17073119,4,-0.00977763318665206
17073119,5,-0.018459044265662753
17073119,6,-0.01255371293254457
17073119,7,0.004409624090603529
17074090,1,-9.953594096658793e-4
17074090,2,-0.015179742400234406
17074090,3,0.019923129950482437
17074090,4,0.0015676422642440986
17074090,5,0.002965329341514632
17074090,6,0.00897483259051369
17074090,7,0.03633977054389929
17075467,1,-0.021695203112361866
17075467,2,-0.04267077314868339
17075467,3,-0.04064003504191074
17075467,4,0.06612653624245567
17075467,5,-0.0016729029220452969
17075467,6,-0.0011555054504870236
17075467,7,-0.1144781248178615
17076273,1,0.010091500690069352
17076273,2,0.03563269792292617
17076273,3,-0.04256023631913156
17076273,4,0.020427769113724487
17076273,5,-0.07171058876946822
17076273,6,0.04962721048718214
17076273,7,-0.005184269789461598
17076878,1,0.006914225700164214
17076878,2,-0.008952506852930609
17076878,3,0.0021246238892693677
17076878,4,-0.05055507533165763
17076878,5,0.0780616785428481
17076878,6,-0.1614088157211557
17076878,7,0.04787196545609167
17077901,1,0.09818575764738041
17077901,2,-0.047133484892434
17077901,3,-0.029173731417144664
17077901,4,-0.012401786939002896
17077901,5,-0.17859047321507554
17077901,6,-0.04567665181644856
17077901,7,0.002503858969962295
17077949,1,-0.013513837810112343
17077949,2,0.03788569640827122
17077949,3,-0.02491757534726041
17077949,4,-0.04660562576615692
17077949,5,0.026840079691783692
17077949,6,0.02838112530066437
17077949,7,0.05320963744758346
17078105,1,0.09795340391072009
17078105,2,-0.056687893348350095
17078105,3,0.008685326293390748
17078105,4,0.0018308863256899426
17078105,5,-0.17608260542236012
17078105,6,-0.01575396992894442
17078105,7,0.04439462491793355
17078853,1,-0.02399458703695441
17078853,2,-0.03701859652206566
17078853,3,-0.03215808683280003
17078853,4,0.0540165255427909
17078853,5,-0.005424454743735919
17078853,6,0.027379361615675404
17078853,7,-0.08647460280833644
17079196,1,-0.025492381051104237
17079196,2,-0.04030576721726392
17079196,3,-0.03648520731145244
17079196,4,0.05299823529934431
17079196,5,0.0054395962249153265
17079196,6,0.009113118097409322
17079196,7,-0.10702059485389621
17079417,1,-0.008583287705527406
17079417,2,0.04480634909921446
17079417,3,-0.03541939427185523
17079417,4,-0.03214571112321871
17079417,5,0.028306397314952998
17079417,6,0.030771942900097705
17079417,7,0.06987115567068351
17079469,1,0.007267579369368155
17079469,2,-0.032496430996244045
17079469,3,0.06629476036336311
17079469,4,0.036996013309437886
17079469,5,0.03685935665578713
17079469,6,-0.025448336436622556
17079469,7,-0.023054224891425175
17079536,1,0.0053926893376745715
17079536,2,-0.03158817776327506
17079536,3,0.06567881781497659
17079536,4,0.03688747397872459
17079536,5,0.03696378511189192
17079536,6,-0.025069999026099916
17079536,7,-0.024984347416631664
17079911,1,2.2110873379020557e-4
17079911,2,-0.03188421609879445
17079911,3,0.07130278268019719
17079911,4,0.027825431980773998
17079911,5,0.0339230404971863
17079911,6,-0.019138896417209495
17079911,7,-0.03215096968623118
17080190,1,-0.010887529303544825
17080190,2,0.03449191461742069
17080190,3,-0.03175653992980603
17080190,4,-0.04910564258845101
17080190,5,0.01846434285280061
17080190,6,0.023913215374358213
17080190,7,0.06618804720416667
17081040,1,0.09794753777126416
17081040,2,-0.05872348316043043
17081040,3,0.004851234304976187
17081040,4,0.014395822233561967
17081040,5,-0.18111065111268673
17081040,6,-0.03373272415696006
17081040,7,0.03755482597456284
17081763,1,0.0994659013945476
17081763,2,-0.05757369465443997
17081763,3,0.004465151420269763
17081763,4,0.009610875138756173
17081763,5,-0.1663346990219297
17081763,6,-0.04386874940691336
17081763,7,0.043992753339547636
17082713,1,-0.022041355895226055
17082713,2,-0.03961850373631364
17082713,3,-0.03204923571072646
17082713,4,0.04536559659884015
17082713,5,0.00475804903463812
17082713,6,0.03228996072940192
17082713,7,-0.09077603771048719
17083590,1,-0.0016637142549187165
17083590,2,0.062408554861066626
17083590,3,-0.019445584133609868
17083590,4,-0.050723952735014025
17083590,5,0.021777288074718577
17083590,6,0.02944053301756904
17083590,7,0.08310216151339107
17083747,1,8.970931985661718e-4
17083747,2,-0.026215979525991213
17083747,3,0.07133904639093028
17083747,4,0.03677238496093303
17083747,5,0.028187773697583643
17083747,6,-0.013221977759874003
17083747,7,-0.022004983948731318
17084609,1,-0.009167832697502284
17084609,2,0.06016780416869317
17084609,3,-0.007974985505034247
17084609,4,-0.04336585625514271
17084609,5,0.00509692559823561
17084609,6,4.254312962588713e-6
17084609,7,0.06607704040132935
17084717,1,-0.006710075179001691
17084717,2,0.06474847100901554
17084717,3,-0.02119134094212235
17084717,4,-0.054712882024279215
17084717,5,0.0028449208761759668
17084717,6,-0.003096107065372029
17084717,7,0.07849251606260847
17084762,1,-0.009882387057378272
17084762,2,0.0617970514163627
17084762,3,-0.026344134733240404
17084762,4,-0.05022237704583571
17084762,5,0.007866536559906975
17084762,6,0.004401438664181208
17084762,7,0.06337964692904133
17085109,1,-0.006325307013341346
17085109,2,-0.031798314659900254
17085109,3,0.06522725162095835
17085109,4,0.04018466122664896
17085109,5,0.021203606317539574
17085109,6,-0.003944699849987383
17085109,7,-0.02840779902262535
17085899,1,0.01703608206014514
17085899,2,0.01502566102842439
17085899,3,-0.012153503275581996
17085899,4,-0.002288387969301907
17085899,5,0.004522865613020202
17085899,6,0.021868516661451964
17085899,7,-0.03763630219193173
17086614,1,0.07062691290102598
17086614,2,-0.07598418672260143
17086614,3,-0.013498974446557033
17086614,4,0.038221974937626156
17086614,5,-0.16552917115410212
17086614,6,-0.058418403064785795
17086614,7,-0.006252358871348792
17086835,1,-0.03236228904248487
17086835,2,0.023082933263737393
17086835,3,-0.01095107025394268
17086835,4,0.023190456216976574
17086835,5,-0.015472968161455908
17086835,6,0.007955135262884671
17086835,7,-0.06295325685569755
17087283,1,-0.003420729089902122
17087283,2,0.05622296157677523
17087283,3,-0.013544933657186696
17087283,4,-0.05992721956264067
17087283,5,0.026897409134816704
17087283,6,0.024354506539825245
17087283,7,0.07617734287068874
17087381,1,-0.004927588008550629
17087381,2,-0.022008876889989166
17087381,3,0.0025910920764593104
17087381,4,-0.05829343853216534
17087381,5,-0.028221569673573442
17087381,6,4.428564630209544e-5
17087381,7,-0.023543427163544923
17087656,1,-0.008207882591215876
17087656,2,0.0462868703508743
17087656,3,-0.020575216143599168
17087656,4,-0.06809068125029
17087656,5,0.03090841179143858
17087656,6,0.015512317704468408
17087656,7,0.07707295686385045
17087705,1,-0.003612633731919954
17087705,2,0.05871332504374079
17087705,3,-0.023452989504188615
17087705,4,-0.05153270829079247
17087705,5,0.021545003199488277
17087705,6,0.004952691610915408
17087705,7,0.08886435050425152
17088861,1,-0.037027918168952484
17088861,2,-0.039635187822533204
17088861,3,-0.0352097957670834
17088861,4,0.03905745975442686
17088861,5,-0.008204107969184311
17088861,6,0.014540723775482137
17088861,7,-0.08867739791710708
17089061,1,-0.011077907422227555
17089061,2,0.06585942260300123
17089061,3,-0.018828476067908103
17089061,4,-0.05114816862691042
17089061,5,0.015897795231026732
17089061,6,0.019996445170880957
17089061,7,0.07434483163511516
17089228,1,-0.016632181202189456
17089228,2,-0.016198682898962667
17089228,3,-0.03654716874603376
17089228,4,0.0036096600338932773
17089228,5,0.04422430570649921
17089228,6,0.011702847289709075
17089228,7,0.07707913932177873
17089569,1,0.060036672059900695
17089569,2,-0.09109894864170073
17089569,3,0.031088506342272434
17089569,4,0.05218966331207166
17089569,5,-0.12465271078952027
17089569,6,-0.03650107427194914
17089569,7,-0.007707867193540419
17089639,1,0.04298277290601975
17089639,2,-0.10468540400782507
17089639,3,-0.00548950053450308
17089639,4,0.06423536408021316
17089639,5,-0.07869596459757391
17089639,6,-0.02273977911890813
17089639,7,0.03792363440434651
17090624,1,0.04097740413472917
17090624,2,-0.07175674525593242
17090624,3,-0.00777947552792537
17090624,4,0.07307419968612734
17090624,5,-0.06236706475110738
17090624,6,-0.019120338434206713
17090624,7,0.024265665062619225
17090784,1,-0.012730317138442786
17090784,2,-0.022693263710932818
17090784,3,0.07937947509218636
17090784,4,0.04311791481696562
17090784,5,0.03842851664029354
17090784,6,-0.003405812526708844
17090784,7,-0.014642907709718649
17091201,1,0.07687136536722403
17091201,2,-0.07127730328712537
17091201,3,-0.024850726111410093
17091201,4,0.037790672482802726
17091201,5,-0.1555623901444643
17091201,6,-0.03299003880975652
17091201,7,-0.013001038054274026
17091996,1,0.11875012303982539
17091996,2,-0.03183310819129761
17091996,3,-0.00194827024748048
17091996,4,0.01052771434926699
17091996,5,-0.11618922301824734
17091996,6,0.032946950059857746
17091996,7,0.010792327296325566
17092028,1,0.11294337951260792
17092028,2,-0.039585740847629794
17092028,3,0.0021213386982316647
17092028,4,0.013391755096375801
17092028,5,-0.11299438562183557
17092028,6,0.04868186670970379
17092028,7,0.020235523366140415
17092185,1,0.11593468933925594
17092185,2,-0.023626563198950113
17092185,3,-0.015572557593323806
17092185,4,0.044532872387316194
17092185,5,-0.10865886714082842
17092185,6,0.02434187541632074
17092185,7,-0.020295145150129222
17092247,1,-0.044631639332678504
17092247,2,-0.04159518061950481
17092247,3,-0.00945588695681666
17092247,4,-0.01600436163757065
17092247,5,-0.035296594948830674
17092247,6,0.02068989426112153
17092247,7,0.02921751072891969
17092546,1,-0.004458079955780638
17092546,2,0.009023033632254927
17092546,3,-0.0021781892214983605
17092546,4,0.0034206932210990417
17092546,5,-0.023967726176310444
17092546,6,-0.0014250000278030984
17092546,7,-0.003865096350840197
17092611,1,-0.0022261828001190398
17092611,2,-0.05800227417631764
17092611,3,0.11790766906702821
17092611,4,0.03678821123293529
17092611,5,0.03829531336353055
17092611,6,-0.007292096669563032
17092611,7,0.038571217155470926
17093033,1,-0.003844302576112606
17093033,2,-0.027157706048026194
17093033,3,-0.030480018817832456
17093033,4,-8.179130976946519e-4
17093033,5,0.02907351979198452
17093033,6,0.005004664466118093
17093033,7,0.04184415766094714
17093416,1,-0.047293433849112124
17093416,2,-0.0834206135351273
17093416,3,-0.12904321502716615
17093416,4,0.06417527111234736
17093416,5,0.04253676292453896
17093416,6,0.014507158714221327
17093416,7,0.028995571604766103
17093467,1,0.005924432132001833
17093467,2,-0.03944697566912703
17093467,3,0.11261493578838778
17093467,4,0.04993722315389623
17093467,5,0.03695489276366135
17093467,6,-0.0022079719516160403
17093467,7,0.04412401766202656
17093947,1,-0.04098938822787822
17093947,2,-0.07929188210323021
17093947,3,-0.12774907445170688
17093947,4,0.07390912293200888
17093947,5,0.04049977751546921
17093947,6,0.005643445152609315
17093947,7,0.0326312163062988
17094130,1,-0.0027673770973192734
17094130,2,0.007452388017554581
17094130,3,0.007721726693644472
17094130,4,-7.643828340763917e-4
17094130,5,-8.619403820416297e-4
17094130,6,-0.012690615868261833
17094130,7,0.012333479671834253
17094154,1,-0.043751702269605536
17094154,2,-0.08418628169833804
17094154,3,-0.137418482621506
17094154,4,0.07218090794282782
17094154,5,0.029701135022623268
17094154,6,0.008737371512950022
17094154,7,0.04171361217726115
17094509,1,9.879836483250345e-4
17094509,2,-0.049989029732731026
17094509,3,0.10787431306944717
17094509,4,0.052672027792940994
17094509,5,0.016897587033238556
17094509,6,0.004587367107050395
17094509,7,0.0355015526192127
17094569,1,0.0039383856703498294
17094569,2,0.0011604848892876904
17094569,3,0.010260037199533379
17094569,4,0.008743184339540591
17094569,5,-0.013322371656405395
17094569,6,-7.46046136809974e-4
17094569,7,0.007854118379986287
17094670,1,0.008193811510648644
17094670,2,0.03022833910062173
17094670,3,-0.007528699325134771
17094670,4,0.07904038010416017
17094670,5,0.033796840714419775
17094670,6,-0.004670993772921465
17094670,7,0.02670888365773298
17094749,1,0.01567474307962123
17094749,2,0.020408695232741744
17094749,3,-0.003645026080300601
17094749,4,0.10324168288576845
17094749,5,0.045913368164304406
17094749,6,0.0031170063681117935
17094749,7,0.040109222546216225
17095501,1,0.07931609648255432
17095501,2,0.07547763129840315
17095501,3,-0.033176610133722056
17095501,4,-0.04904626108217743
17095501,5,0.167362631073881
17095501,6,0.06083785273779041
17095501,7,-0.05362128415108981
17095652,1,-0.09587919975013003
17095652,2,0.14872297401420392
17095652,3,0.004374341552442016
17095652,4,0.08828624253114993
17095652,5,-0.03382600237473459
17095652,6,-0.011928577159374981
17095652,7,-0.027731435840922018
17096707,1,-0.08834131130137705
17096707,2,0.14469191232812198
17096707,3,0.022770429341366687
17096707,4,0.09384085110725006
17096707,5,-0.03804514485090527
17096707,6,-0.01276064065136146
17096707,7,-0.012966810834696313
17096864,1,0.13706070553582436
17096864,2,0.04549855364900832
17096864,3,-0.02374958901672169
17096864,4,0.06818635003607822
17096864,5,0.01366914400584623
17096864,6,0.026349618673933973
17096864,7,-0.0018748147379031564
17097205,1,-0.09321245279033313
17097205,2,0.13940071773244905
17097205,3,0.024093666843519823
17097205,4,0.09735318410188065
17097205,5,-0.03952596735298674
17097205,6,-0.010154962637245099
17097205,7,-0.030087521027750103
17097339,1,-0.09186611302069451
17097339,2,0.1424369963490635
17097339,3,0.01718666722331006
17097339,4,0.0917048228048931
17097339,5,-0.0506425603756697
17097339,6,-0.012754302117668157
17097339,7,-0.018034984159694845
17097416,1,-0.09059472785749774
17097416,2,0.1476959251434011
17097416,3,0.018235339661989272
17097416,4,0.10054489481002692
17097416,5,-0.043046781380938426
17097416,6,0.0032554497344989314
17097416,7,-0.00946597923301688
17097910,1,0.010425616077073119
17097910,2,0.02497848204031301
17097910,3,-0.00998433201169167
17097910,4,0.09498956625707199
17097910,5,0.028502163665093807
17097910,6,-0.0020738147806053453
17097910,7,0.016217248384251162
17098137,1,0.08063543841302719
17098137,2,0.05291633305387945
17098137,3,-0.028206533209378347
17098137,4,-0.040770781692514434
17098137,5,0.15057218437792425
17098137,6,0.027219535945365407
17098137,7,-0.08317301543803717
17099107,1,-0.05182824647141878
17099107,2,-0.0851495519363186
17099107,3,-0.11939854524813401
17099107,4,0.07221897430084331
17099107,5,0.026091683624581228
17099107,6,0.04068671375190938
17099107,7,0.009139504016656612
17099462,1,0.13610462703260728
17099462,2,0.043184819719473556
17099462,3,-0.024633491058286848
17099462,4,0.060617920226992646
17099462,5,0.027052993883017306
17099462,6,0.01578321423033802
17099462,7,-0.017625569343799587
17099492,1,-0.09416974067674092
17099492,2,0.13680238358666172
17099492,3,0.011639844462975963
17099492,4,0.09494756397169204
17099492,5,-0.0381397905338744
17099492,6,-0.006810591249958447
17099492,7,-0.009039573608375198
17099883,1,0.013737434917123368
17099883,2,0.021160038087657814
17099883,3,-0.018103194364847666
17099883,4,0.10449884655479653
17099883,5,0.03784869673697941
17099883,6,-0.011359980853619294
17099883,7,0.022187338912905696
17099965,1,0.019312608447859404
17099965,2,-0.004320002935599173
17099965,3,-0.025732427150704416
17099965,4,0.005050952755711984
17099965,5,-0.026111121454692545
17099965,6,-0.0297156725508796
17099965,7,0.003833678444894608
17100415,1,-0.011793588550808587
17100415,2,-0.006199707748778241
17100415,3,-0.013421035031852541
17100415,4,0.004284583771116231
17100415,5,0.004799725491859919
17100415,6,0.026556468483486785
17100415,7,0.039938392803926075
17100497,1,0.11946752641502605
17100497,2,-0.00642498702078836
17100497,3,-0.026950834830124743
17100497,4,0.06883734731359059
17100497,5,-0.123185283744186
17100497,6,-0.058743551902542324
17100497,7,0.025025191396547106
17100730,1,-0.04828853410786846
17100730,2,-0.08534319644984234
17100730,3,-0.11766316623303791
17100730,4,0.07088099858997873
17100730,5,0.04084757852292574
17100730,6,0.012369577115614953
17100730,7,0.032565112744263984
17100911,1,0.003798560383170831
17100911,2,-0.04679205694551402
17100911,3,0.11949370787908886
17100911,4,0.043260312900006315
17100911,5,0.02817452756198005
17100911,6,-0.022547297002673536
17100911,7,0.02426338739716903
17101074,1,-0.10141922999739374
17101074,2,0.14146406545114057
17101074,3,0.014055335760980578
17101074,4,0.10260313829812703
17101074,5,-0.05699690092361517
17101074,6,-0.005385765165674838
17101074,7,-0.019668695762251644
17101672,1,0.0015022319823746945
17101672,2,-0.05279131311201227
17101672,3,0.12446620383113274
17101672,4,0.046614672218980815
17101672,5,0.029565740284070326
17101672,6,0.006876752479618279
17101672,7,0.028930657990254807
17101987,1,0.011572627063245843
17101987,2,0.030310584442955524
17101987,3,-0.015220438283842846
17101987,4,0.09155746336466056
17101987,5,0.040898508411290106
17101987,6,-0.007450300015388701
17101987,7,0.020210756030315326
17102433,1,0.011035888559841082
17102433,2,0.024664618400861874
17102433,3,-0.00803243500693358
17102433,4,0.09998223581943058
17102433,5,0.038347555878035754
17102433,6,-0.003990932681219685
17102433,7,0.019657307635845757
17102620,1,0.021094591270264848
17102620,2,0.009885249120002632
17102620,3,0.005605879476099901
17102620,4,-0.010070531336810948
17102620,5,0.052820988254069216
17102620,6,-0.09570093521186884
17102620,7,0.012963750284691834
17102631,1,0.014369508248708154
17102631,2,0.019851948988770483
17102631,3,-0.014966432639225064
17102631,4,0.08846005354963855
17102631,5,0.03914929845272377
17102631,6,0.006669167380464402
17102631,7,0.011727495938480966
17102725,1,0.005849045882030149
17102725,2,-0.03133777216620004
17102725,3,0.07513393211962711
17102725,4,0.037245288127397747
17102725,5,0.027350272745285044
17102725,6,-0.0013665226490718067
17102725,7,-0.02078040209376659
17103034,1,-0.09287790759516386
17103034,2,0.1473453713606923
17103034,3,0.013503321664088817
17103034,4,0.09434497532623283
17103034,5,-0.051035217861919085
17103034,6,-0.010939354039719547
17103034,7,-0.02666942520058942
17103078,1,-0.03897831516066527
17103078,2,-0.08178305222110271
17103078,3,-0.11781101062611034
17103078,4,0.07238208744862362
17103078,5,0.0462113499506548
17103078,6,0.017408535366074934
17103078,7,0.038202045498663365
17103304,1,0.00166410336167208
17103304,2,-0.025651488684313616
17103304,3,-0.04342720258969197
17103304,4,-0.01141698090871918
17103304,5,0.02505801995879764
17103304,6,0.01669470066132796
17103304,7,0.03694554798043756
17103717,1,0.14077227627883157
17103717,2,0.04583230166642284
17103717,3,-0.032283659216370365
17103717,4,0.06338037299391504
17103717,5,0.014792759944440924
17103717,6,0.003874584079571694
17103717,7,-0.006699416390178357
17103916,1,0.013798088401585562
17103916,2,0.02411827881047314
17103916,3,-0.01102076876344122
17103916,4,0.09710753781895227
17103916,5,0.02821476914530686
17103916,6,-0.004356237354321264
17103916,7,0.03129415901187114
17104269,1,0.018517363745076395
17104269,2,0.02596000467417464
17104269,3,-8.041114278978553e-4
17104269,4,0.09074717658491875
17104269,5,0.04738356787090781
17104269,6,-0.013728408434164667
17104269,7,0.015619532097666812
17104369,1,0.12385257646954509
17104369,2,0.02524906670167426
17104369,3,0.04471719580641912
17104369,4,0.09157219518076021
17104369,5,0.02803616177481788
17104369,6,0.029068578769294404
17104369,7,0.03070676975067362
17105001,1,0.12711647905791276
17105001,2,0.03216763553812236
17105001,3,0.03702840686327058
17105001,4,0.07902536696879087
17105001,5,0.042408185208548714
17105001,6,0.025115155158696684
17105001,7,0.02174935299688189
17105497,1,0.1386783583953059
17105497,2,0.05201108924570578
17105497,3,-0.03164151262591277
17105497,4,0.057071246239346216
17105497,5,0.011188186314777039
17105497,6,0.029750858339120532
17105497,7,-0.006719491226976803
17105666,1,-6.342822030984343e-4
17105666,2,-0.045584093761650575
17105666,3,0.12411759234761925
17105666,4,0.04502958394116714
17105666,5,0.02793246340312382
17105666,6,-0.009349212295303132
17105666,7,0.04924093996036895
17106294,1,-0.08703230171691625
17106294,2,0.02747662447679502
17106294,3,0.015078961582550399
17106294,4,0.17231957435422354
17106294,5,-0.006945099630146328
17106294,6,0.021944727997741505
17106294,7,0.036396755044824015
17106443,1,-0.044302252177878226
17106443,2,-0.08568843791349258
17106443,3,-0.130805067500025
17106443,4,0.062139374067939915
17106443,5,0.03756028332002506
17106443,6,0.02396062658345897
17106443,7,0.01388410059508495
17106549,1,0.014819555200277047
17106549,2,0.022210390232240276
17106549,3,-0.011773177666175815
17106549,4,0.10187779744045256
17106549,5,0.04050331340396005
17106549,6,-0.007237566831227848
17106549,7,0.03133286831079744
17107266,1,0.1390503255406011
17107266,2,0.06086159860968787
17107266,3,-0.021437579260093462
17107266,4,0.06525482049417708
17107266,5,0.005708643542308339
17107266,6,0.013977378641881248
17107266,7,-0.008541514110174146
17107330,1,-0.09042800507590036
17107330,2,0.15175093470196666
17107330,3,0.016625101807379253
17107330,4,0.09188886624688627
17107330,5,-0.047361595659648446
17107330,6,-0.009098895456180249
17107330,7,-0.008057897872996744
17107567,1,-0.009270041277527051
17107567,2,-0.0022983432673898277
17107567,3,0.001126175079686063
17107567,4,-0.001827300919466172
17107567,5,-0.008893810309796822
17107567,6,0.007827955347090272
17107567,7,-0.00943970336875376
17107631,1,-0.043537223212166284
17107631,2,-0.0790924366703408
17107631,3,-0.12656089043220808
17107631,4,0.07679084367879496
17107631,5,0.028119600769567914
17107631,6,0.015656278310880452
17107631,7,0.027066000589872234
17108394,1,0.07604624783938609
17108394,2,0.06847608746141177
17108394,3,-0.02566399040150432
17108394,4,-0.04303853713735457
17108394,5,0.19031475807139425
17108394,6,0.08540493883521746
17108394,7,-0.056407339269298834
17108419,1,0.08498266374207436
17108419,2,0.070414716743198
17108419,3,-0.029745247464118277
17108419,4,-0.05660514298401616
17108419,5,0.18036293858833302
17108419,6,0.09324529821736109
17108419,7,-0.06249379485483896
17109150,1,0.0801765624864137
17109150,2,0.06637368108515967
17109150,3,-0.019965572175832585
17109150,4,-0.04870746422461578
17109150,5,0.17108591050997723
17109150,6,0.08060630763946829
17109150,7,-0.07583620219453363
17109678,1,0.12112621422800993
17109678,2,-0.02403388891618355
17109678,3,-0.023845285502514465
17109678,4,0.05935647514514548
17109678,5,-0.1252236511086983
17109678,6,-0.07382644103158631
17109678,7,0.03437842105646422
17109733,1,0.1329710372533452
17109733,2,0.05128892803956711
17109733,3,-0.023431146826827013
17109733,4,0.0655405820336357
17109733,5,0.016846352743096194
17109733,6,0.0014032512971152182
17109733,7,-0.0100243153498596
17109782,1,0.007316611487970627
17109782,2,-0.048212079205911064
17109782,3,0.1249742193085776
17109782,4,0.04372915552869782
17109782,5,0.03014073634273798
17109782,6,0.0013464982350456741
17109782,7,0.0321601865962361
17110265,1,-0.04193862621566658
17110265,2,-0.08598698865524489
17110265,3,-0.12566431742802575
17110265,4,0.084073931107908
17110265,5,0.032176732553301814
17110265,6,0.018216069553069973
17110265,7,0.027133813321252455
17110753,1,0.13949834891258586
17110753,2,0.04774498465162274
17110753,3,-0.019530014121799808
17110753,4,0.05801643532067819
17110753,5,0.01763384934808113
17110753,6,0.010458492250465303
17110753,7,-0.021270706965264466
17112342,1,-0.003618581577752115
17112342,2,-0.04949081346956593
17112342,3,0.11484205384812446
17112342,4,0.038035472290630735
17112342,5,0.032525488929615855
17112342,6,-0.001559259434683279
17112342,7,0.02581745388425851
17112414,1,-0.003655279640328356
17112414,2,-0.010222660382464731
17112414,3,0.001330031508970148
17112414,4,-0.005202742074406087
17112414,5,7.481539261737412e-4
17112414,6,-0.03170098149323062
17112414,7,-0.005351790262700968
17112636,1,-0.04782335702154681
17112636,2,-0.07339142712763622
17112636,3,-0.1185251538503426
17112636,4,0.0732579065706297
17112636,5,0.03401981183409786
17112636,6,0.026200619776086936
17112636,7,0.03996947640800394
17113826,1,-0.045397242020226346
17113826,2,-0.0835864103554905
17113826,3,-0.1266151166326352
17113826,4,0.08379819175877726
17113826,5,0.02170269663205476
17113826,6,0.032736822502316756
17113826,7,0.039501226754331376
17114304,1,0.0016157488717027518
17114304,2,-0.04934973113038516
17114304,3,0.11803271895194789
17114304,4,0.0346733444160601
17114304,5,0.027648648849506713
17114304,6,-0.009542647383590843
17114304,7,0.05264835642562562
17114855,1,0.015051845748102458
17114855,2,0.010058887998184959
17114855,3,-0.012014066505180368
17114855,4,-0.008613622513518935
17114855,5,0.02835882973392999
17114855,6,0.015280864398825192
17114855,7,-0.04080472346748987
17114897,1,0.004862454106901401
17114897,2,-0.0548740974815538
17114897,3,0.12770824299416134
17114897,4,0.03828123696299582
17114897,5,0.04003113436341698
17114897,6,-0.005754152249550009
17114897,7,0.01606057356032676
17115797,1,-0.08863089766999933
17115797,2,0.1439658887082449
17115797,3,0.02173175305079183
17115797,4,0.10228803070186733
17115797,5,-0.039461715073239784
17115797,6,-0.016466637320438772
17115797,7,-0.02006513818092391
17116398,1,0.014148750794448555
17116398,2,0.028335265770836896
17116398,3,-0.009004837879480811
17116398,4,0.09138230917312681
17116398,5,0.04921575409601714
17116398,6,-0.0011928001520795629
17116398,7,0.032923241662073735
17117059,1,0.12209148177596262
17117059,2,-0.021248476169602307
17117059,3,-0.018678522430012133
17117059,4,0.06802133378468976
17117059,5,-0.12771024148693372
17117059,6,-0.08307206025833316
17117059,7,0.03231348913395671
17117094,1,0.12437793877115084
17117094,2,-0.017726133940279793
17117094,3,-0.021951876285405483
17117094,4,0.05490043664865428
17117094,5,-0.12954852117449742
17117094,6,-0.07644642586810567
17117094,7,0.027993674531025015
17117130,1,0.00216666289972225
17117130,2,-0.028888796666143617
17117130,3,0.07372254779514878
17117130,4,0.041469881531653395
17117130,5,0.03228641111702296
17117130,6,-0.01678759056002965
17117130,7,-0.024453519464711113
17118076,1,0.0787172033579095
17118076,2,0.055657673246557494
17118076,3,-0.017367314827325057
17118076,4,-0.04803636858593059
17118076,5,0.1359420526887535
17118076,6,0.01631245483589332
17118076,7,-0.09554694594743324
17118461,1,-0.09328454619929447
17118461,2,0.15149084335034924
17118461,3,0.013320731863241474
17118461,4,0.08765520005953066
17118461,5,-0.03963484009763043
17118461,6,-0.02196551481468505
17118461,7,-0.016083844610520658
17118505,1,0.07873782404778909
17118505,2,0.07253110187376866
17118505,3,-0.021738360866980316
17118505,4,-0.04697399443996306
17118505,5,0.17066561751457218
17118505,6,0.05981079494011331
17118505,7,-0.0652594426355204
17118618,1,0.084143791347528335
17118618,2,0.07768328846039274
17118618,3,-0.024165141635543105
17118618,4,-0.051073435084163295
17118618,5,0.17234963346834523
17118618,6,0.09264716868317158
17118618,7,-0.07216602241267499
17118747,1,0.13473027773967797
17118747,2,0.05024495590103325
17118747,3,-0.019638479717420106
17118747,4,0.06723113571834828
17118747,5,0.015039363524631045
17118747,6,0.00947060620606156
17118747,7,-1.3497585790626007e-4
17118882,1,0.00298996033669982
17118882,2,-0.040681864460403144
17118882,3,0.11462743502610018
17118882,4,0.03853422682309785
17118882,5,0.022239724657566774
17118882,6,-0.0031875722672539213
17118882,7,0.039497114662895995
17118907,1,0.13105335051799474
17118907,2,0.05602997047344208
17118907,3,-0.032585242144892466
17118907,4,0.05762581093734201
17118907,5,0.0124903687352812
17118907,6,0.003385490146359429
17118907,7,-0.005257133422368958
17118945,1,7.408004235201917e-4
17118945,2,-0.043450655970792965
17118945,3,0.12261829021074598
17118945,4,0.04377069174290567
17118945,5,0.0397538772304567
17118945,6,7.999379690201061e-4
17118945,7,0.035336210588640136
17119095,1,-0.011806001928251906
17119095,2,-0.055086905420883875
17119095,3,0.1196209804700695
17119095,4,0.03477875103840923
17119095,5,0.034290967097476886
17119095,6,-0.016517127345066704
17119095,7,0.04271692833119598
17119098,1,-0.020923133736156813
17119098,2,-0.04474594728155872
17119098,3,-0.032716802978660114
17119098,4,0.037326926145030345
17119098,5,-0.0029207154967250673
17119098,6,0.03313001540176223
17119098,7,-0.09212200275172383
17119446,1,-0.003468279208592064
17119446,2,-0.005980016255246352
17119446,3,0.042293460420914634
17119446,4,0.018092697867324748
17119446,5,0.009191125817055404
17119446,6,0.007201314067014646
17119446,7,0.011019990667289117
17119450,1,-0.08249250324200826
17119450,2,0.14122240866637742
17119450,3,-5.967679291134437e-4
17119450,4,0.09228424381180618
17119450,5,-0.05218626520015513
17119450,6,-0.001304854438974543
17119450,7,-0.0036729428809190285
17119647,1,-0.03218570650512852
17119647,2,0.032486574408075494
17119647,3,0.0032063175326706283
17119647,4,0.007036222493373587
17119647,5,-0.013410011043085713
17119647,6,0.013394432179179818
17119647,7,0.008369525961486424
17120558,1,-0.024406775424215897
17120558,2,-0.04503310330285645
17120558,3,-0.026102295937500776
17120558,4,0.04064164963284112
17120558,5,-0.0077754213348159
17120558,6,0.019731931639007657
17120558,7,-0.10402883592181436
17120645,1,0.08191417374582731
17120645,2,0.0739938387382703
17120645,3,-0.030245418616974436
17120645,4,-0.05082937667287537
17120645,5,0.16865590077127313
17120645,6,0.06942080334813035
17120645,7,-0.06589423434760756
17120724,1,0.12342914664465833
17120724,2,0.03210596921077344
17120724,3,0.035681749046748375
17120724,4,0.07885263602128084
17120724,5,0.035278284422984495
17120724,6,0.02754992658836683
17120724,7,0.024119925224111306
17121558,1,-0.02498738313074753
17121558,2,-0.04660380158850192
17121558,3,-0.025423937082541967
17121558,4,0.04571360409973997
17121558,5,-0.0023458576020931473
17121558,6,0.018401730814702755
17121558,7,-0.08989922683173401
17121787,1,0.004933591995688721
17121787,2,-0.052379961213419625
17121787,3,0.1126559474575179
17121787,4,0.04350168077017141
17121787,5,0.0355717217482826
17121787,6,-0.002118587928930819
17121787,7,0.021409037323026847
17122332,1,-0.04570244282433914
17122332,2,-0.07904324456081825
17122332,3,-0.12478280526208023
17122332,4,0.07046890443075786
17122332,5,0.046238100552228344
17122332,6,0.022283958969019125
17122332,7,0.014271883071563015
17122591,1,0.13334121611765617
17122591,2,0.05473303261673749
17122591,3,-0.020417283216216123
17122591,4,0.05600379446337251
17122591,5,0.021234614567660605
17122591,6,0.015538000722768435
17122591,7,-0.011898205929163828
17122884,1,0.013501085768446367
17122884,2,0.02498143310870962
17122884,3,-0.0017173557096302058
17122884,4,0.09147794553110425
17122884,5,0.037989380950439466
17122884,6,-0.006288521523822922
17122884,7,0.04485261598057965
17123175,1,-0.04618875854032121
17123175,2,-0.07844957793196965
17123175,3,-0.1221300337065899
17123175,4,0.08552758973241033
17123175,5,0.03996989687775282
17123175,6,0.025744454943154596
17123175,7,0.02140586975326193
17123971,1,0.013096930514132937
17123971,2,0.02780271223480264
17123971,3,-0.026308797047779515
17123971,4,0.09622519750108634
17123971,5,0.04069334470768819
17123971,6,0.005404400242981832
17123971,7,0.038620423775356544
17124052,1,0.013434529690225443
17124052,2,0.030561263985866706
17124052,3,-0.007055716700466053
17124052,4,0.09297783968245153
17124052,5,0.04544583352223934
17124052,6,-0.0058987016431616135
17124052,7,0.02414587387806465
17124134,1,0.012666560924812562
17124134,2,0.013411004570137126
17124134,3,-0.008069709672775031
17124134,4,0.09616263233137241
17124134,5,0.048557654283004306
17124134,6,-0.0012911762950584453
17124134,7,0.029835267286664628
17124175,1,0.003175172538031652
17124175,2,-0.03709792197446482
17124175,3,0.07697351221740878
17124175,4,0.04405016198580733
17124175,5,0.02858508133157397
17124175,6,0.004894333072117638
17124175,7,-0.022597643928672733
17124307,1,0.1414047454225441
17124307,2,0.048859758114997924
17124307,3,-0.01884558682593826
17124307,4,0.05906657783765695
17124307,5,0.01934099884582752
17124307,6,0.014365854957358653
17124307,7,-0.001289683804417399
17124893,1,-0.041385699355402074
17124893,2,-0.0730786183052574
17124893,3,-0.13093300928820892
17124893,4,0.07755911734301497
17124893,5,0.028018195436672583
17124893,6,0.00845644313028766
17124893,7,0.03371655080691619
17126077,1,0.12206464399838039
17126077,2,-0.014214651867475567
17126077,3,-0.03286493309151629
17126077,4,0.07220948394030605
17126077,5,-0.12494247152351771
17126077,6,-0.05847515579356003
17126077,7,0.011754196441530999
17126163,1,0.1251517973534645
17126163,2,0.018619284954354012
17126163,3,0.043886429960406245
17126163,4,0.07528342149105274
17126163,5,0.027060221150233002
17126163,6,0.02512542881509243
17126163,7,0.0310742617283751
17126324,1,2.3570554203404724e-4
17126324,2,-0.006638599366733919
17126324,3,0.005608921285757776
17126324,4,-0.038961622784927534
17126324,5,-0.010581752312618632
17126324,6,-0.005112440727475203
17126324,7,-0.020901023714160333
17126427,1,0.015287517555846907
17126427,2,0.02777177224619297
17126427,3,-0.016839837018999125
17126427,4,0.09092086453062663
17126427,5,0.04964463571710738
17126427,6,-7.493492395675305e-4
17126427,7,0.029560223456785054
17127075,1,0.014532020171409322
17127075,2,-0.02910784418647127
17127075,3,-0.005035235955073408
17127075,4,0.029431958962566885
17127075,5,-0.02145996024126028
17127075,6,0.006065493544851827
17127075,7,-0.008622160898861378
17127157,1,-0.03946980735220133
17127157,2,-0.07686065695635833
17127157,3,-0.12894614480555108
17127157,4,0.0784660821571682
17127157,5,0.03311356195763359
17127157,6,0.035720431745574946
17127157,7,0.029780922354876557
17127617,1,0.009040232227621405
17127617,2,0.03295579066871065
17127617,3,-0.013376012678758481
17127617,4,0.10705193747626955
17127617,5,0.03547332139713795
17127617,6,0.011160882911178406
17127617,7,0.03761822996453652
17127706,1,-0.09380103409696464
17127706,2,0.1531273052015714
17127706,3,0.022683512279953612
17127706,4,0.10817727703396353
17127706,5,-0.045662584970486
17127706,6,-0.007565574807836468
17127706,7,-0.01586321574510619
17127902,1,-0.009913987248382211
17127902,2,-0.006858597355658023
17127902,3,0.0010815230127366358
17127902,4,-0.04681528946659877
17127902,5,-0.022658152926175325
17127902,6,0.007524944445946308
17127902,7,-0.011914703330623421
17127987,1,-0.011025092634475665
17127987,2,0.019088507553805836
17127987,3,0.02018599729466045
17127987,4,0.007148818645922642
17127987,5,-0.008350520046149832
17127987,6,0.039626072097100624
17127987,7,0.0657647104403944
17128089,1,0.13972334008359547
17128089,2,0.04961070922139129
17128089,3,-0.030671327888600487
17128089,4,0.0655905903291869
17128089,5,0.022688084426297824
17128089,6,0.013890936228992795
17128089,7,-0.004414027598783168
17128705,1,0.0018120140031739858
17128705,2,-0.04720343541991304
17128705,3,0.1252610885739858
17128705,4,0.044832013990033656
17128705,5,0.02032740352878808
17128705,6,-0.007726938895100736
17128705,7,0.03698378148444528
17128716,1,0.0394443715979747
17128716,2,-0.020463700177124206
17128716,3,-0.013183571822067452
17128716,4,0.0256055283844055
17128716,5,-0.027399628999693906
17128716,6,-0.0013253723679849416
17128716,7,-0.009767362088878871
17128758,1,7.22413389434374e-4
17128758,2,-0.029240636595034085
17128758,3,0.07345845997988969
17128758,4,0.036269799929839884
17128758,5,0.019341718971363577
17128758,6,-0.006528385558584194
17128758,7,-0.007670566511331935
17128890,1,-8.183180205728465e-4
17128890,2,-0.03654606212034072
17128890,3,0.07846094488221789
17128890,4,0.03317799815558604
17128890,5,0.030994931201088243
17128890,6,-0.030867715221079783
17128890,7,-0.018042523164432046
17128908,1,-0.041656537989391076
17128908,2,-0.08437078974541365
17128908,3,-0.12468656474950174
17128908,4,0.08234407140460705
17128908,5,0.032553653862697846
17128908,6,0.03163126396126287
17128908,7,0.03165524249652836
17129087,1,-0.013874993001825616
17129087,2,-0.029229272878221014
17129087,3,-0.028600324748164548
17129087,4,0.026551910435208867
17129087,5,-0.005508235468675415
17129087,6,0.006104856051302594
17129087,7,-0.04246849104941756
17129250,1,-0.013074802604662206
17129250,2,-0.025780487049154976
17129250,3,0.02016285268295163
17129250,4,-0.1184978740626502
17129250,5,-0.04570702809666281
17129250,6,0.03535832509901174
17129250,7,0.014231092854394238
17129645,1,-3.251923528621355e-4
17129645,2,-0.04685853102415838
17129645,3,0.11367980232635519
17129645,4,0.04740778089991998
17129645,5,0.03818243167742728
17129645,6,-0.014230298945471157
17129645,7,0.02644403683754752
17129738,1,-0.09976994301092294
17129738,2,0.1455656931581893
17129738,3,0.020073886687825192
17129738,4,0.0999405176813621
17129738,5,-0.042491078827556227
17129738,6,-0.005560229322705976
17129738,7,-0.02662668861835782
17129935,1,-0.011250039998795062
17129935,2,0.022576825164722127
17129935,3,0.004812407345426043
17129935,4,0.0029410588436823357
17129935,5,0.004874818558339754
17129935,6,0.004197511494908543
17129935,7,-2.12818516714267e-5
17130142,1,0.0085888681900974009
17130142,2,-0.0522087924936987
17130142,3,0.1134423225957605
17130142,4,0.03859176412016965
17130142,5,0.03001701498089791
17130142,6,0.007500499601754104
17130142,7,0.022562993758738527
17130268,1,-0.046592433199819115
17130268,2,-0.08116465872214115
17130268,3,-0.12048484789020923
17130268,4,0.08528504793535968
17130268,5,0.035749739047921086
17130268,6,0.019556703794538104
17130268,7,0.02052537065156635
17130402,1,-0.043593226812586414
17130402,2,-0.0744165423966293
17130402,3,-0.11921328107260595
17130402,4,0.07494541457194968
17130402,5,0.04136932910395039
17130402,6,0.007838901068277481
17130402,7,0.013909926863998374
17130409,1,0.11605314856740674
17130409,2,-0.019592531569232456
17130409,3,-0.015518946170505959
17130409,4,0.05810419961978848
17130409,5,-0.1183234886577652
17130409,6,-0.08437090661489634
17130409,7,0.04918379413518699
17130657,1,0.13880291125928543
17130657,2,0.047678053816696105
17130657,3,-0.0217185820944988
17130657,4,0.05109289142537518
17130657,5,0.007953106870036777
17130657,6,0.0034315236610550372
17130657,7,-0.012896874800501276
17131307,1,-0.09619263273333203
17131307,2,0.14801493769847612
17131307,3,0.01911311735581099
17131307,4,0.09438953914798091
17131307,5,-0.05361103251558978
17131307,6,-0.0055627158599931975
17131307,7,-0.02256019407705791
17131413,1,0.003046791131346366
17131413,2,-0.04163034691078079
17131413,3,0.11755716516121505
17131413,4,0.053633166517133735
17131413,5,0.028975616910659776
17131413,6,-0.014402788799209242
17131413,7,0.034070145276327624
17131416,1,0.0723884000679261
17131416,2,-0.05844740302406784
17131416,3,-0.10818758734151636
17131416,4,0.11015865967978512
17131416,5,-0.06814307505357482
17131416,6,-0.02763396293901748
17131416,7,0.02295094326810289
17132490,1,0.015079249507982435
17132490,2,0.018604190101019085
17132490,3,-9.017904684531027e-4
17132490,4,0.09169032886929346
17132490,5,0.033682917959694636
17132490,6,-0.0021808452592988856
17132490,7,0.027464549110841802
17132608,1,0.1340364057855314
17132608,2,0.05054211277916602
17132608,3,-0.028017258140651678
17132608,4,0.05947436515660278
17132608,5,0.01627851503589598
17132608,6,0.016424625930783122
17132608,7,-0.012671413438113724
17132719,1,-0.09136636893791344
17132719,2,0.14339886263259533
17132719,3,0.018745368323905755
17132719,4,0.10682896339916638
17132719,5,-0.04695646315728831
17132719,6,-0.004489582613552325
17132719,7,-0.015837363992334694
17133009,1,-0.014607665467707262
17133009,2,-0.008578628894544263
17133009,3,-0.0269018111169471
17133009,4,0.0028264652506313935
17133009,5,0.018152697782984943
17133009,6,0.010425553261846913
17133009,7,0.05464191309594634
17133322,1,-0.008635078283297315
17133322,2,-0.038181021950779916
17133322,3,-0.023057454594788748
17133322,4,0.03205953200243888
17133322,5,-0.0033176663475068045
17133322,6,0.010852525257914898
17133322,7,-0.05695875576206612
17133436,1,-0.08965788954301163
17133436,2,0.1367017037163009
17133436,3,0.024460294407209315
17133436,4,0.10276454239240053
17133436,5,-0.062053747731522745
17133436,6,-0.009045599373487829
17133436,7,-0.03134224983888055
17133464,1,0.12881415963505655
17133464,2,0.0369344234965647
17133464,3,0.042506950246705574
17133464,4,0.07504710213552361
17133464,5,0.024312399951977898
17133464,6,0.029913936566008506
17133464,7,0.007344107918569372
17133465,1,0.01689170591179587
17133465,2,0.015857857103836626
17133465,3,-0.008909403017788635
17133465,4,0.08560162929843963
17133465,5,0.03299973862933507
17133465,6,-0.002019363015023767
17133465,7,0.02320028031978353
17133557,1,0.0012284390471059689
17133557,2,0.003413969224036311
17133557,3,0.010664117380908132
17133557,4,-0.004647568869166258
17133557,5,0.030399057432370303
17133557,6,-0.05065841252503899
17133557,7,-0.013842379988791594
17133617,1,-0.004365392577297794
17133617,2,-0.04551006781363086
17133617,3,0.12173327004602248
17133617,4,0.046496086450219645
17133617,5,0.03520381726441665
17133617,6,-0.0019311630619894453
17133617,7,0.03854364506275703
17133669,1,0.07994959435528604
17133669,2,0.06542872633101236
17133669,3,-0.03542660111727697
17133669,4,-0.041700188858235863
17133669,5,0.16494323107656822
17133669,6,0.05473728220415371
17133669,7,-0.06407657776917287
17133893,1,0.013180747130912787
17133893,2,0.018326007601476325
17133893,3,-0.004518464142176298
17133893,4,0.0926619393313944
17133893,5,0.04877713213708184
17133893,6,-0.010710925555795245
17133893,7,0.018275716699863578
17134494,1,-0.04415557303580198
17134494,2,-0.07976552603237208
17134494,3,-0.13492192019424157
17134494,4,0.08145178871748039
17134494,5,0.03760644387018293
17134494,6,0.004507822168496296
17134494,7,0.022872158567472656
17134498,1,5.927378910702176e-4
17134498,2,-0.03963620099717057
17134498,3,0.12053797491271315
17134498,4,0.036582573137106084
17134498,5,0.03646353450517361
17134498,6,-0.01886938874525918
17134498,7,0.037566170783227056
17134526,1,9.364939672512947e-4
17134526,2,-0.04607308838010572
17134526,3,0.11613396678584247
17134526,4,0.05382688009805082
17134526,5,0.03519519644356454
17134526,6,-0.01606823000599572
17134526,7,0.03257489908023158
17134538,1,0.0057561743386462675
17134538,2,-0.04757266206662205
17134538,3,0.12262485662322566
17134538,4,0.03854663701078677
17134538,5,0.030630974320299344
17134538,6,0.0010894464223476735
17134538,7,0.033544881524854964
17134766,1,-0.008031618569140541
17134766,2,0.012716472701516717
17134766,3,0.0075892605655156495
17134766,4,-0.007663223810835839
17134766,5,-0.010503006400551736
17134766,6,-0.02088213026310311
17134766,7,0.016775449389587728
17135337,1,-0.03998624793507107
17135337,2,-0.0786727612126544
17135337,3,-0.12591089855780002
17135337,4,0.07323090684583944
17135337,5,0.03441436492637952
17135337,6,0.028105522950579845
17135337,7,0.017710493510516904
17136658,1,-0.09194389598642906
17136658,2,0.13529701597576058
17136658,3,0.014948951433103775
17136658,4,0.0963321979545139
17136658,5,-0.04337021032164043
17136658,6,-0.009883804168380913
17136658,7,-0.012148006631609426
17136860,1,-0.04723609642521498
17136860,2,-0.08107540564058131
17136860,3,-0.13044536245090296
17136860,4,0.08131313681597507
17136860,5,0.033586776532286484
17136860,6,0.018203900687737303
17136860,7,0.02272539752877325
17136863,1,6.995028451887439e-4
17136863,2,-0.04749606913792921
17136863,3,0.1155298196076711
17136863,4,0.05092221335202028
17136863,5,0.028848092927310377
17136863,6,0.007091677702722534
17136863,7,0.037089929724244776
17137315,1,0.005209567456524215
17137315,2,-0.05031724611956232
17137315,3,0.12519451945285118
17137315,4,0.04212235314539793
17137315,5,0.033462091800046875
17137315,6,0.013524290798318975
17137315,7,0.05671825467261682
17138713,1,0.03200082866980287
17138713,2,0.060195873714071556
17138713,3,0.018808924999418546
17138713,4,0.09587005567130774
17138713,5,0.016118450521768975
17138713,6,-0.013533926358251788
17138713,7,0.018097427897705597
17139200,1,0.11763091572608719
17139200,2,-0.012189585496258693
17139200,3,-0.02288673689118635
17139200,4,0.052369976042176705
17139200,5,-0.10538952613462234
17139200,6,-0.10360017117803495
17139200,7,0.03720571074270839
17139672,1,-0.011389726466562283
17139672,2,-0.037119640584090084
17139672,3,-0.016538020754395703
17139672,4,0.022075492904782598
17139672,5,0.0036416458468021464
17139672,6,0.032607533072242914
17139672,7,-0.06368382815918741
17139866,1,-0.045151548607797506
17139866,2,-0.08516999868548485
17139866,3,-0.12606488439015995
17139866,4,0.07809887367899432
17139866,5,0.03985905071434455
17139866,6,0.018243317945075048
17139866,7,0.025783440577133335
17140023,1,0.13431709377026418
17140023,2,0.052420187558073386
17140023,3,-0.026588223045027042
17140023,4,0.06680572809392177
17140023,5,0.005821827821665478
17140023,6,0.022512045097034753
17140023,7,-0.016403293656965644
17140165,1,-0.0035847794329845846
17140165,2,-0.03368246745180016
17140165,3,-0.03944761836863905
17140165,4,0.010330103970895697
17140165,5,0.0123364015823108
17140165,6,0.005218001880303459
17140165,7,0.03804478936928853
17140593,1,0.014577053507485139
17140593,2,0.023321728061154068
17140593,3,-0.006256395793875193
17140593,4,0.09005847799058114
17140593,5,0.040295729958340874
17140593,6,0.0013090629398345597
17140593,7,0.02854557451906851
17141339,1,-0.03282728144986121
17141339,2,-0.041304461365559236
17141339,3,-0.08700181276926769
17141339,4,0.0398118573719191
17141339,5,0.05386323030982681
17141339,6,0.010221507976970428
17141339,7,0.0536805539989781
17141349,1,-0.002013649941686673
17141349,2,-0.053578415339414945
17141349,3,0.12365243482317925
17141349,4,0.056164999398514326
17141349,5,0.02876406343357096
17141349,6,0.0057154619040140344
17141349,7,0.031008984938567435
17141389,1,0.13842829899926912
17141389,2,0.04925402493171053
17141389,3,-0.026876249999738727
17141389,4,0.06221552415099889
17141389,5,0.016273958690579626
17141389,6,0.004104808711101471
17141389,7,-0.008626084212326732
17141482,1,0.006482733723969999
17141482,2,-0.054966380723525415
17141482,3,0.09128927774701012
17141482,4,0.0408252602657949
17141482,5,0.0329333188790325
17141482,6,-0.0027307173683999305
17141482,7,0.01714752021964614
17141559,1,-0.015493083308022427
17141559,2,0.015064049899530259
17141559,3,9.625793570844206e-4
17141559,4,0.004330506549266811
17141559,5,-0.011421787582913333
17141559,6,0.053718649993297
17141559,7,0.04473484311410198
17141753,1,0.14006064213280384
17141753,2,0.0534423082964012
17141753,3,-0.01711773781880314
17141753,4,0.06062751753379126
17141753,5,0.020065580085782013
17141753,6,0.007599183868693221
17141753,7,0.008884023676308988
17142108,1,-0.08941500365669836
17142108,2,0.1453569907748007
17142108,3,0.015177116480563316
17142108,4,0.0998803590982257
17142108,5,-0.05590127468257832
17142108,6,-7.566953610354302e-4
17142108,7,-0.02397840974646529
17142585,1,0.11390383418772833
17142585,2,0.03415317136954877
17142585,3,0.04379458644530342
17142585,4,0.07913144149207478
17142585,5,0.03206445787717208
17142585,6,0.004157833606746762
17142585,7,0.03163752899010108
17142633,1,8.081882332954373e-4
17142633,2,-0.04171721735598276
17142633,3,0.10902020659326195
17142633,4,0.0358053617870878
17142633,5,0.045335838301177184
17142633,6,0.011040421311796457
17142633,7,0.04006994719984637
17142671,1,-0.04028159021324118
17142671,2,-0.08465524411281174
17142671,3,-0.11714744212090604
17142671,4,0.06884812311403432
17142671,5,0.03486209396949624
17142671,6,0.008290468212149927
17142671,7,0.029035332309744546
17143028,1,0.002906877363359356
17143028,2,-0.05036098339913826
17143028,3,0.11275843669763928
17143028,4,0.043878697535149766
17143028,5,0.022596047685512877
17143028,6,-5.835973886366122e-4
17143028,7,0.04680006644833819
17143793,1,0.009856669715653561
17143793,2,0.021594934540889114
17143793,3,-0.02531490165848028
17143793,4,0.09360447816883144
17143793,5,0.05303689953743647
17143793,6,-0.011215146993880728
17143793,7,0.034715605096753054
17143842,1,-0.08603358952977988
17143842,2,0.151103069452732
17143842,3,0.008375941976698232
17143842,4,0.09637773621293651
17143842,5,-0.04516762825376735
17143842,6,0.00452655863457034
17143842,7,-0.028207862439400603
17144555,1,0.13421470895330342
17144555,2,0.04453713464222817
17144555,3,-0.02755413265433578
17144555,4,0.06263881537762471
17144555,5,0.012544081790127408
17144555,6,0.016329376763070152
17144555,7,-0.02019478015987803
17144856,1,-0.005344021746932631
17144856,2,0.02747598883517608
17144856,3,-0.004595126653901645
17144856,4,0.019150515791836197
17144856,5,-0.009943059419415704
17144856,6,0.01090950072112288
17144856,7,0.007286506797196194
17145110,1,-9.301880856236631e-4
17145110,2,-0.045556633039688675
17145110,3,0.11631617579846971
17145110,4,0.04082572581900014
17145110,5,0.03918676492182487
17145110,6,-0.006605085226290589
17145110,7,0.038204233217928055
17145314,1,0.014055164871612971
17145314,2,0.017821283518000428
17145314,3,-0.020244585144099034
17145314,4,0.09622354015657811
17145314,5,0.04338060295972196
17145314,6,-4.080899177237212e-5
17145314,7,0.025034619108708547
17145351,1,0.08204411907647874
17145351,2,0.07259247967739034
17145351,3,-0.03051565984730746
17145351,4,-0.04255788592304573
17145351,5,0.1635631712245925
17145351,6,0.05472429034276534
17145351,7,-0.05985358262192973
17145419,1,0.13608886531647474
17145419,2,0.044858191643150525
17145419,3,-0.03137923702199749
17145419,4,0.05714320616993961
17145419,5,0.017804201612187143
17145419,6,0.022841056902816802
17145419,7,0.008379452516349896
17145480,1,0.12421990705934095
17145480,2,0.03173636523731428
17145480,3,0.04078196911168345
17145480,4,0.08603031081505903
17145480,5,0.033279120734581655
17145480,6,0.028708665136083292
17145480,7,-0.00176339212719289
