SNP_ID,PC,loading
16849105,1,-0.08663687518574836
16849535,1,-0.0726811629708815
16849573,1,-0.07478979380137932
16849681,1,-0.08745380581599281
16849725,1,-0.08338826142202575
16849843,1,-0.08583894784018965
16849971,1,-0.08579816238658512
16850089,1,-0.08685692482092013
16850115,1,-0.08713641133706344
16850164,1,-0.0882359653857193
16850281,1,-0.085325517931313
16850297,1,-0.08648597799174566
16850437,1,-0.0857446564210138
16850463,1,-0.08415404760166775
16850671,1,-0.08757837195959856
16850676,1,-0.08199829471937423
16850744,1,-0.08596112799268302
16851053,1,-0.08287176630822422
16851088,1,-0.08481884207373083
16851108,1,-0.08719368804234676
16851125,1,-0.08602497168745012
16851141,1,0.03163021301542401
16851225,1,-0.08771460738245533
16851356,1,-0.08704426684359029
16851640,1,-0.08604375833230563
16851673,1,-0.0882042865580639
16851819,1,-0.09001197424141483
16851822,1,-0.08920810012753964
16851899,1,-0.08907732440190728
16852303,1,-0.08815193188384378
16852312,1,-0.09069031752485517
16852652,1,-0.08753531491414977
16852683,1,-0.08679953481184274
16852820,1,-0.08744978168105288
16852835,1,-0.09032267711391043
16852914,1,-0.08558604684794933
16853019,1,-0.08853415385399414
16853055,1,-0.08693048836589923
16853071,1,-0.08784338119087103
16853122,1,-0.08625545350408019
16853178,1,-0.0897575884965378
16853218,1,-0.08590369370324745
16853231,1,-0.08637474601173747
16853232,1,-0.08729078090629966
16853399,1,-0.08997912145421497
16853425,1,-0.08735499683748657
16853625,1,-0.08834149329641963
16853948,1,-0.08226845510708033
16854064,1,-0.08920330799117916
16854330,1,-0.08640426721358602
16854396,1,-0.08577212565555573
16854435,1,-0.0843745303550952
16854448,1,-0.08944392197740078
16854565,1,-0.0878810928339387
16854643,1,-0.08746359666525284
16854652,1,-0.09075641130585756
16854792,1,-0.08719638937586927
16854831,1,-0.0849324197534414
16854859,1,-0.08974021062240128
16855160,1,-0.09138830548883156
16855274,1,-0.08082758047760702
16855350,1,0.031062495641172007
16855476,1,-0.08878878383320639
16855563,1,-0.08777541776503779
16855618,1,-0.08297763658940871
16855677,1,-0.08402878070045235
16855731,1,-0.08802996982461059
16855764,1,-0.0934483498397511
16855904,1,-0.08895625602210619
16856181,1,-0.08956136098819088
16856188,1,-0.08822677121517072
16856465,1,-0.08429198759900078
16856544,1,-0.08483060639757492
16856672,1,-0.0873424282418005
16856803,1,-0.08656083607297403
16856809,1,-0.012339033150859928
16856878,1,-0.08893086932606735
16856915,1,-0.08296314899940006
16857015,1,-0.08670943706768248
16857035,1,-0.08682793947673131
16857041,1,-0.08783084988317896
16857140,1,-0.08765126171865113
16857165,1,-0.08554305840227036
16857414,1,-0.08791055038625496
16857418,1,-0.0851125095927473
16857422,1,-0.08311103587580965
16857510,1,-0.08885133468037489
16857983,1,-0.08427920590817561
16858076,1,-0.09226167257328703
16858191,1,-0.08307919874652857
16858219,1,-0.08954482616396803
16858364,1,-0.08531285378438813
16858472,1,-0.08662542556970204
16858684,1,-0.08977038988742683
16858723,1,-0.0913424656326838
16858843,1,-0.0930646234896047
16858863,1,-0.09131154113046214
16858968,1,-0.08849030998874895
16859182,1,-0.08399817804103112
16859366,1,-0.08653805747821885
16859587,1,-0.08079373829272996
16859704,1,-0.08657722000531869
16860036,1,-0.0858652394087075
16860066,1,-0.08652005782552291
16860139,1,-0.08724490482580018
16860258,1,-0.0852206833372912
16860336,1,-0.08303788914538206
16860360,1,-0.09022779259205112
16860413,1,-0.09005929233151863
16860442,1,-0.08648230130525973
16860496,1,-0.08474723454389127
16860617,1,-0.0851843328684523
16860752,1,-0.018575688749459224
16860767,1,-0.08746737756255858
16860813,1,-0.0829730419317189
16860967,1,-0.08524794932285354
16860985,1,-0.08631652374655868
16861056,1,-0.08436589663644477
16861182,1,-0.08672005462210658
16861293,1,-0.08890855603030061
16861577,1,-0.08645964873348407
16861592,1,-0.08437402150734037
16861595,1,-0.09176878354274755
16861599,1,-0.084931005118712
16861786,1,-0.08528425594335373
16861919,1,-0.0880248699199256
16861975,1,-0.08543354358720184
16862057,1,-0.08809169958884826
16862213,1,-0.0863379729091385
16862282,1,-0.08287213697729492
16862531,1,-0.08869917944590242
16862729,1,-0.08109321827402984
16863070,1,-0.086577488622783
16863454,1,-0.077661836702476
16864090,1,-0.08662388622649457
16865510,1,-0.08577125982717643
16866339,1,-0.08238772193120175
