SNP_ID,PC,loading
16849971,1,-0.09154556630535582
16850089,1,-0.08623421670113252
16850115,1,-0.09256631488032668
16850164,1,-0.08620917092254325
16850281,1,-0.0896696062289939
16850297,1,-0.08970446096715631
16850437,1,-0.08612016455259815
16850463,1,-0.0903568074177698
16850671,1,-0.0950284404536619
16850676,1,-0.09064562912278777
16850744,1,-0.09447708401629247
16851053,1,-0.08486596990875606
16851088,1,-0.08545872679425963
16851108,1,-0.0873685334781031
16851125,1,-0.08954588793043176
16851141,1,0.02998238155268201
16851225,1,-0.08761087902610518
16851356,1,-0.08812871973333646
16851640,1,-0.08814243254243592
16851673,1,-0.09430151872801751
16851819,1,-0.08688201401826151
16851822,1,-0.09326270888535922
16851899,1,-0.08730976445729473
16852303,1,-0.09052967822308555
16852312,1,-0.08685232939018499
16852652,1,-0.08930879090158149
16852683,1,-0.08834863728977423
16852820,1,-0.0902180582753141
16852835,1,-0.08908205442730159
16852914,1,-0.09118846347991733
16853019,1,-0.0864536060316143
16853055,1,-0.09136411335364443
16853071,1,-0.09227001180215647
16853122,1,-0.08994243086422792
16853178,1,-0.08978818906553182
16853218,1,-0.08645136886717995
16853231,1,-0.09341478268554956
16853232,1,-0.0892762605346603
16853399,1,-0.08986259678304717
16853425,1,-0.08708506510131789
16853625,1,-0.08891100484088897
16853948,1,-0.09505090303505621
16854064,1,-0.08824069359810816
16854330,1,-0.08897616354695549
16854396,1,-0.08980526059384608
16854435,1,-0.08762830678523789
16854448,1,-0.09048073557766441
16854565,1,-0.09197465992859563
16854643,1,-0.08790293114177511
16854652,1,-0.08878199638082405
16854792,1,-0.0918409453438319
16854831,1,-0.08300050777945102
16854859,1,-0.08783065298769892
16855160,1,-0.08633907143043279
16855274,1,-0.08670375801280557
16855350,1,0.03303086282874908
16855476,1,-0.09010490527183426
16855563,1,-0.09059855001194678
16855618,1,-0.0900150112238325
16855677,1,-0.08954197572181091
16855731,1,-0.08735773245676115
16855764,1,-0.0910925205125525
16855904,1,-0.08657685305774464
16856181,1,-0.08667845345426249
16856188,1,-0.08517047847043067
16856465,1,-0.08922795803369804
16856544,1,-0.08939750358334525
16856672,1,-0.08498511564391037
16856803,1,-0.0893138404426526
16856809,1,-0.015872342940970806
16856878,1,-0.09265424194314674
16856915,1,-0.09033275518384443
16857015,1,-0.08940681174486177
16857035,1,-0.08698136157989311
16857041,1,-0.09030019070656194
16857140,1,-0.09085321682269114
16857165,1,-0.08713140117010892
16857414,1,-0.08341929979188258
16857418,1,-0.0929864883865987
16857422,1,-0.09075587827131094
16857510,1,-0.08656902399847993
16857983,1,-0.08758757573937567
16858076,1,-0.08315445693353449
16858191,1,-0.08703482609147872
16858219,1,-0.09005892797846604
16858364,1,-0.08774353385344925
16858472,1,-0.0893237622005009
16858684,1,-0.09136063006245265
16858723,1,-0.08959015792724749
16858843,1,-0.09086944538789256
16858863,1,-0.09378343943756016
16858968,1,-0.08920705799177463
16859182,1,-0.08730795498317098
16859366,1,-0.08870544012464346
16859587,1,-0.08710341397289284
16859704,1,-0.08275847849268318
16860036,1,-0.09364924184265615
16860066,1,-0.08653419914660186
16860139,1,-0.08745772153525662
16860258,1,-0.08756075233032387
16860336,1,-0.08647488316447095
16860360,1,-0.0914359456246152
16860413,1,-0.08350663562140381
16860442,1,-0.08809981043373885
16860496,1,-0.09075416952374328
16860617,1,-0.08621800943502525
16860752,1,-0.02316642802686402
16860767,1,-0.09020525798990123
16860813,1,-0.09106263999758939
16860967,1,-0.08424874701419051
16860985,1,-0.08881384974111714
16861056,1,-0.08999430006043231
16861182,1,-0.08533602727726819
16861293,1,-0.0931574275564256
16861577,1,-0.08906418704732198
16861592,1,-0.08856587497941287
16861595,1,-0.09023059731142613
16861599,1,-0.08636205586743717
16861786,1,-0.0854914506818254
16861919,1,-0.09090075844971773
16861975,1,-0.07957594761235115
16862057,1,-0.08325961616197333
16862213,1,-0.08488459438310589
16862282,1,-0.08378259223748138
16862531,1,-0.08707861097015772
16862729,1,-0.09160715943813447
16863070,1,-0.08834213779493147
16863454,1,-0.07848380099568596
16864090,1,-0.08705227831990217
16865510,1,-0.08645457643201639
16866339,1,-0.08448921562283368
