SNP_ID,PC,loading
16849105,1,-0.0826643959172314
16849535,1,-0.07556055673940366
16849573,1,-0.07068089016022816
16849681,1,-0.08515263736124738
16849725,1,-0.09280919885823587
16849843,1,-0.0861441023555481
16849971,1,-0.08655032826445869
16850089,1,-0.08724635907574688
16850115,1,-0.08395661041635558
16850164,1,-0.09018459060747466
16850281,1,-0.08548565746554009
16850297,1,-0.08506779288526334
16850437,1,-0.08371620974997042
16850463,1,-0.08382237509486985
16850671,1,-0.08774472689658731
16850676,1,-0.08634896106846184
16850744,1,-0.08841940805286308
16851053,1,-0.09060452664742003
16851088,1,-0.08830654577130151
16851108,1,-0.09154587169120497
16851125,1,-0.08131555416392319
16851141,1,0.03341210496988407
16851225,1,-0.08636705960447627
16851356,1,-0.08469228365119899
16851640,1,-0.08804345876404131
16851673,1,-0.08734956394128489
16851819,1,-0.09061030373356081
16851822,1,-0.08434530907169754
16851899,1,-0.0850726862910387
16852303,1,-0.08737310675082109
16852312,1,-0.0889650577397899
16852652,1,-0.08647537248250606
16852683,1,-0.08778832061338149
16852820,1,-0.0876794006415913
16852835,1,-0.08739686837358374
16852914,1,-0.08731176061289583
16853019,1,-0.08267482479785447
16853055,1,-0.08362158421709459
16853071,1,-0.08371842919490788
16853122,1,-0.0872620064444213
16853178,1,-0.08469256847333871
16853218,1,-0.08691132018690027
16853231,1,-0.08874302771396676
16853232,1,-0.08288832838076546
16853399,1,-0.09118414656899697
16853425,1,-0.08984567232676552
16853625,1,-0.08474452668184128
16853948,1,-0.08766335993445167
16854064,1,-0.08267727789745224
16854330,1,-0.08661991341036875
16854396,1,-0.08766491144922742
16854435,1,-0.08446450805561767
16854448,1,-0.08494284057088033
16854565,1,-0.08699107513222325
16854643,1,-0.08350276711931515
16854652,1,-0.0879057087153701
16854792,1,-0.08759768516228816
16854831,1,-0.08845206620280091
16854859,1,-0.08471895283771833
16855160,1,-0.09070759607314513
16855274,1,-0.09033324677459492
16855350,1,0.031899997081196035
16855476,1,-0.08553348339122485
16855563,1,-0.08875461412385899
16855618,1,-0.09083068984242398
16855677,1,-0.08633276663785143
16855731,1,-0.08364587898995499
16855764,1,-0.08462646555819195
16855904,1,-0.0833832945960375
16856181,1,-0.08542223702939232
16856188,1,-0.08878924876576401
16856465,1,-0.08598344017531122
16856544,1,-0.08603769623728962
16856672,1,-0.08685037945908002
16856803,1,-0.08898576181635065
16856809,1,-0.01618587639376509
16856878,1,-0.08581098385440825
16856915,1,-0.0824777085234215
16857015,1,-0.09003701107020706
16857035,1,-0.08835544735566737
16857041,1,-0.08688386650266974
16857140,1,-0.08637428373364178
16857165,1,-0.08758777940154777
16857414,1,-0.08290423321195385
16857418,1,-0.08833110871954888
16857422,1,-0.08669482248459817
16857510,1,-0.08525004524474496
16857983,1,-0.08770065768651858
16858076,1,-0.08435347239540122
16858191,1,-0.08871100210470047
16858219,1,-0.08693153825227112
16858364,1,-0.08640630680567557
16858472,1,-0.0860952651175054
16858684,1,-0.08771712435298182
16858723,1,-0.08788865648391042
16858843,1,-0.09054459765343684
16858863,1,-0.08318173990345379
16858968,1,-0.08998525010416951
16859182,1,-0.08773871319039901
16859366,1,-0.0854768311071418
16859587,1,-0.089098980598617
16859704,1,-0.09248905812369744
16860036,1,-0.08725181704378038
16860066,1,-0.0851533913480997
16860139,1,-0.08740562317599956
16860258,1,-0.08995562526251102
16860336,1,-0.08715652541268222
16860360,1,-0.09027668456107499
16860413,1,-0.0891504933603702
16860442,1,-0.08602753702210961
16860496,1,-0.09169521946149341
16860617,1,-0.08956079330880448
16860752,1,-0.02019251848393459
16860767,1,-0.08376456220247583
16860813,1,-0.08999697146509075
16860967,1,-0.08866486297886657
16860985,1,-0.08974660615475832
16861056,1,-0.08536037804755525
16861182,1,-0.08507254772969364
16861293,1,-0.09069846330856948
16861577,1,-0.08522435972066748
16861592,1,-0.08567517033137738
16861595,1,-0.0835209141552246
16861599,1,-0.08478963676075488
16861786,1,-0.08336897709507678
16861919,1,-0.08456844397205071
16861975,1,-0.08960245617546612
16862057,1,-0.09216231702954014
16862213,1,-0.08241165282050661
16862282,1,-0.08680883611873548
16862531,1,-0.0857354874802814
16862729,1,-0.08623609098020386
16863070,1,-0.0867967525183965
16863454,1,-0.0736393695473237
16864090,1,-0.0880115798968319
16865510,1,-0.08627768239594882
16866339,1,-0.08326932899303198
