SNP_ID,PC,loading
17073119,1,-0.001077464239194835
17073119,2,-0.01062718197742647
17073119,3,0.012121381882659155
17073119,4,0.008217391182635647
17073119,5,0.0017834151179951887
17073119,6,0.026267978669060985
17074090,1,-0.0040525564637748
17074090,2,-0.013107251017439987
17074090,3,0.030778735602481042
17074090,4,0.017483703642428898
17074090,5,0.01049439459421445
17074090,6,0.04410815685152814
17075467,1,-0.023201113098260995
17075467,2,-0.04517622907386312
17075467,3,-0.0331997820450483
17075467,4,0.027619575661043734
17075467,5,0.013613906573086542
17075467,6,0.02578049743965173
17076273,1,0.010019210214690866
17076273,2,0.026790874183198393
17076273,3,-0.04706368200377589
17076273,4,0.03346328011877573
17076273,5,-0.06678801241680316
17076273,6,0.004468845227663851
17076878,1,0.002380581152265169
17076878,2,0.006346658227209479
17076878,3,0.021567779563470564
17076878,4,-0.03946892661463592
17076878,5,0.025747697527063806
17076878,6,0.04325099631372703
17077901,1,0.09912251519431187
17077901,2,-0.0455374427096099
17077901,3,0.0012901416601631998
17077901,4,0.0427692485081017
17077901,5,-0.17297144041133322
17077901,6,0.041448159617558565
17077949,1,-0.0038110958391775495
17077949,2,0.028497039079284237
17077949,3,-0.032964449466183945
17077949,4,-0.060776795598860574
17077949,5,-0.02029327110819224
17077949,6,0.14165249226804372
17078105,1,0.09717711435839665
17078105,2,-0.05143238976329016
17078105,3,0.029259020942805854
17078105,4,0.06327966314102891
17078105,5,-0.16694710049168066
17078105,6,0.05940087177484482
17078853,1,-0.02168199208337345
17078853,2,-0.04669240103732761
17078853,3,-0.0470019738607904
17078853,4,0.031351600385539136
17078853,5,0.015052119786269559
17078853,6,0.014124928394095519
17079196,1,-0.026238876318656904
17079196,2,-0.03685414987563702
17079196,3,-0.03497285482722973
17079196,4,0.029392784442489807
17079196,5,0.003476748524336137
17079196,6,-0.011739367031039193
17079417,1,-0.0059154488202077405
17079417,2,0.03791839157147056
17079417,3,-0.03501122103535821
17079417,4,-0.04343573178273691
17079417,5,0.012372009579095001
17079417,6,0.16702205766332495
17079469,1,0.0031958223537363107
17079469,2,-0.014509833183506411
17079469,3,0.06469914135651392
17079469,4,0.03842179670621608
17079469,5,0.045897386043399144
17079469,6,-0.06995196366562857
17079536,1,0.006831069868249405
17079536,2,-0.00721228734969828
17079536,3,0.059581625630487106
17079536,4,0.03996775000274763
17079536,5,0.038254751631964665
17079536,6,-0.036767605384630024
17079911,1,0.005999261582562436
17079911,2,-0.003592110289631948
17079911,3,0.054958258552918866
17079911,4,0.03141001051084532
17079911,5,0.04601192734681952
17079911,6,-0.05829302069508326
17080190,1,-0.006913202402604746
17080190,2,0.029677792430760096
17080190,3,-0.032011345259735084
17080190,4,-0.061253104404061086
17080190,5,-0.0037575318958713816
17080190,6,0.15675677151528186
17081040,1,0.09864765930243798
17081040,2,-0.05186099170457161
17081040,3,0.01501264048420738
17081040,4,0.06608588067578577
17081040,5,-0.15467904955078873
17081040,6,0.07872998117899856
17081763,1,0.09790687526213086
17081763,2,-0.04698267255685555
17081763,3,0.018816046284435867
17081763,4,0.06521421659391274
17081763,5,-0.16420361763366953
17081763,6,0.10268620413976183
17082713,1,-0.01948563031263341
17082713,2,-0.04233948093842451
17082713,3,-0.03045208057810026
17082713,4,0.011168334610972193
17082713,5,0.009605815248122455
17082713,6,-0.0013848523166532314
17083590,1,-0.004739667217813711
17083590,2,0.04227569400287243
17083590,3,-0.011667074931761383
17083590,4,-0.0635296324736863
17083590,5,-0.008966771254916805
17083590,6,0.19205339426452606
17083747,1,0.005310345665441239
17083747,2,-0.014240042512837562
17083747,3,0.05639593308439163
17083747,4,0.04422185909672414
17083747,5,0.03494578792126399
17083747,6,-0.053611636235114626
17084609,1,-0.008043195761265888
17084609,2,0.04903249511637933
17084609,3,-0.027664635699067904
17084609,4,-0.04093121052104803
17084609,5,-0.0010643291159574833
17084609,6,0.144997781174156
17084717,1,-0.007938460741736975
17084717,2,0.053483036112346324
17084717,3,-0.020357519837448993
17084717,4,-0.0587476597876524
17084717,5,-0.008947994945633088
17084717,6,0.1774263600089791
17084762,1,-0.00589991278346655
17084762,2,0.045333392569006044
17084762,3,-0.016817455339086754
17084762,4,-0.04491624431853343
17084762,5,-0.011131086869443389
17084762,6,0.17949729001860226
17085109,1,-0.0033174176512077848
17085109,2,9.630438397480158e-4
17085109,3,0.05991349571438879
17085109,4,0.023638111698666628
17085109,5,0.04556459109802747
17085109,6,-0.07122489684397541
17085899,1,0.012688429504315138
17085899,2,0.016133855590337646
17085899,3,-0.009289809193388855
17085899,4,-0.008864282433118178
17085899,5,0.024053180180237978
17085899,6,-0.005277825517625284
17086614,1,0.061191270447867874
17086614,2,-0.07317587545313861
17086614,3,0.0042516967191181445
17086614,4,0.08821062803200122
17086614,5,-0.14637376457419532
17086614,6,0.1715378376900409
17086835,1,-0.03126164136576243
17086835,2,0.02837505277229953
17086835,3,-0.019259953092534858
17086835,4,-0.0022372062850089516
17086835,5,0.006386345028310859
17086835,6,0.0023958002545422206
17087283,1,-0.014011271588803012
17087283,2,0.041476338970160884
17087283,3,-0.02263491114004447
17087283,4,-0.05730702221548633
17087283,5,0.005213036873155978
17087283,6,0.17133208847994238
17087381,1,-0.008332182161254057
17087381,2,-0.017598091375866102
17087381,3,0.03008796044434724
17087381,4,-0.040233559653523425
17087381,5,-0.03435002173930698
17087381,6,-0.03613575836194887
17087656,1,-0.004142906307335923
17087656,2,0.04201541576712504
17087656,3,-0.012575978195280836
17087656,4,-0.05956549929020923
17087656,5,0.006057263135811793
17087656,6,0.17000229662791266
17087705,1,-0.008466660572059784
17087705,2,0.03494624495615168
17087705,3,-0.01057463975280796
17087705,4,-0.0709069744520629
17087705,5,1.661606603268711e-5
17087705,6,0.1652348695993129
17088861,1,-0.03698159084620921
17088861,2,-0.03589504704824775
17088861,3,-0.028983760131709276
17088861,4,0.030023335027443997
17088861,5,0.0045350735982857635
17088861,6,0.032374771414088205
17089061,1,-0.00874318756381264
17089061,2,0.0395605604007502
17089061,3,-0.01608388470564605
17089061,4,-0.05982775136482108
17089061,5,-7.396417759532495e-4
17089061,6,0.15820413220736873
17089228,1,-0.01326860052405139
17089228,2,-0.026091513722434657
17089228,3,-0.027857798246106985
17089228,4,-0.013047716374422293
17089228,5,0.026437802114198168
17089228,6,0.0020550371260331856
17089569,1,0.057518438410803376
17089569,2,-0.06752126602142124
17089569,3,0.03509531531292894
17089569,4,0.1024520552615445
17089569,5,-0.09536312273807769
17089569,6,0.16017587572077235
17089639,1,0.04372765101393791
17089639,2,-0.0953562964976324
17089639,3,-0.0045543814909836345
17089639,4,0.09674258927922437
17089639,5,-0.03140842840034829
17089639,6,0.15261340172374904
17090624,1,0.039117111855520144
17090624,2,-0.062063811238600074
17090624,3,-0.01099946944631219
17090624,4,0.0918245626574405
17090624,5,-0.023704821223682233
17090624,6,0.12761958879794427
17090784,1,0.003980650570513971
17090784,2,-0.0030824721646803836
17090784,3,0.06276098233025601
17090784,4,0.0468230963112322
17090784,5,0.0491213142172261
17090784,6,-0.037290384242344723
17091201,1,0.07066109015681918
17091201,2,-0.07414142897721757
17091201,3,-0.016215143582302947
17091201,4,0.08510047809092064
17091201,5,-0.13912997379120234
17091201,6,0.16494510531040307
17091996,1,0.11235269387238214
17091996,2,-0.040088695847433936
17091996,3,-0.017256810553543018
17091996,4,0.030274918657498606
17091996,5,-0.09415595026952456
17091996,6,7.46991486131905e-4
17092028,1,0.10561490538583658
17092028,2,-0.04014823780175069
17092028,3,-0.019310895824259072
17092028,4,0.04816576163865944
17092028,5,-0.10016763870015254
17092028,6,0.025391972668965878
17092185,1,0.10886170026820888
17092185,2,-0.029555436436431652
17092185,3,-0.01071686692884961
17092185,4,0.056171337868389536
17092185,5,-0.07288218502463674
17092185,6,0.012630780153157856
17092247,1,-0.03797900698046183
17092247,2,-0.030680704355494047
17092247,3,0.01929888910104975
17092247,4,-0.008410107234803019
17092247,5,-0.04862625498077517
17092247,6,-0.0049014443321763485
17092546,1,-0.0025883252627493408
17092546,2,0.001965456855946603
17092546,3,0.004494982308538276
17092546,4,-0.004013176535540367
17092546,5,-0.026287402711246643
17092546,6,0.023667060884129468
17092611,1,0.005249453634557217
17092611,2,-0.014532194794611052
17092611,3,0.11352716104034677
17092611,4,0.07094135911433473
17092611,5,0.06668585628127974
17092611,6,0.0453078679206178
17093033,1,-0.01268577271425111
17093033,2,-0.02966086213261221
17093033,3,-0.02094054298596079
17093033,4,-0.017469252438319035
17093033,5,0.030293421008074393
17093033,6,-0.003725662524397321
17093416,1,-0.05812597510374217
17093416,2,-0.10102871717557295
17093416,3,-0.10842121734789277
17093416,4,0.04473935072477347
17093416,5,0.06914353441422155
17093416,6,-0.017866700480719463
17093467,1,-0.001200299889487436
17093467,2,-0.019190467165658594
17093467,3,0.11877850752937096
17093467,4,0.0732232360177577
17093467,5,0.06967723650921873
17093467,6,0.025823827475429516
17093947,1,-0.04867912264302862
17093947,2,-0.10532660285798201
17093947,3,-0.10497332067947888
17093947,4,0.03599821788368164
17093947,5,0.050886269432276136
17093947,6,-0.01401589315876439
17094130,1,-0.003093234769421318
17094130,2,0.009310093277508742
17094130,3,0.0030598813069057855
17094130,4,-0.008725371829524665
17094130,5,-0.0035569319195007634
17094130,6,0.023854919029298705
17094154,1,-0.04687821186430546
17094154,2,-0.0927557437726024
17094154,3,-0.09949600447028978
17094154,4,0.0447028540275586
17094154,5,0.07358574482401355
17094154,6,0.015497884606325014
17094509,1,0.006500368329465783
17094509,2,-0.0185562888224391
17094509,3,0.10965871439108374
17094509,4,0.07040980595504748
17094509,5,0.06415759621895918
17094509,6,0.048504789766747373
17094569,1,0.004166917623819033
17094569,2,0.003185776984660267
17094569,3,0.007454594850380591
17094569,4,0.001607280690135073
17094569,5,-0.004161862505861434
17094569,6,0.0025608084659975335
17094670,1,0.017888374323994812
17094670,2,0.02463219548805264
17094670,3,-0.04376807890581049
17094670,4,0.057767262896959486
17094670,5,0.06570603942120891
17094670,6,0.06290417231181691
17094749,1,0.012940874313525473
17094749,2,0.022715071840622325
17094749,3,-0.04054073631545927
17094749,4,0.06561260655294136
17094749,5,0.06441708956223731
17094749,6,0.06662956042461413
17095501,1,0.0791158297189776
17095501,2,0.058250717492270426
17095501,3,-0.04486175447518217
17095501,4,-0.13255153301167324
17095501,5,0.14645601693030907
17095501,6,0.0683262012070272
17095652,1,-0.08830296459772109
17095652,2,0.14596716509853466
17095652,3,-0.038355068857674056
17095652,4,0.08433294873999413
17095652,5,-0.020423942271870592
17095652,6,-0.006949329956151084
17096707,1,-0.08856725289365751
17096707,2,0.1502681160611846
17096707,3,-0.047105450956026924
17096707,4,0.09085113366137726
17096707,5,-6.004187470958622e-4
17096707,6,0.017640348930013816
17096864,1,0.1322583332654761
17096864,2,0.04905381755549499
17096864,3,-0.06671239991934702
17096864,4,0.026494270184447933
17096864,5,0.03506619440955277
17096864,6,-0.07170917085669884
17097205,1,-0.08566689645537888
17097205,2,0.14789890619724716
17097205,3,-0.05068858540163601
17097205,4,0.07718892185400317
17097205,5,-0.017715849967337126
17097205,6,0.01730080396768139
17097339,1,-0.08008521808850633
17097339,2,0.14785367177555422
17097339,3,-0.046483533583702885
17097339,4,0.0800209724354981
17097339,5,-0.010856367649419461
17097339,6,0.024789410017893
17097416,1,-0.08474105744080859
17097416,2,0.1443288196443318
17097416,3,-0.04490355602157789
17097416,4,0.09274959901786213
17097416,5,-0.021704443412925007
17097416,6,0.015857000670071033
17097910,1,0.007904039931279474
17097910,2,0.02251819831065331
17097910,3,-0.034289481553000926
17097910,4,0.06913073202863766
17097910,5,0.06756252199896558
17097910,6,0.07306719702679723
17098137,1,0.07529917582438661
17098137,2,0.03955493576221616
17098137,3,-0.033788461814247266
17098137,4,-0.11369023721930262
17098137,5,0.09625693212357099
17098137,6,0.14158575864342596
17099107,1,-0.04729742164997372
17099107,2,-0.09304049668376121
17099107,3,-0.09526671150563215
17099107,4,0.03969364713272031
17099107,5,0.05239769648558476
17099107,6,-0.008813153885245738
17099462,1,0.13005264394939237
17099462,2,0.04410176098919545
17099462,3,-0.06047679569869008
17099462,4,0.03229208687051959
17099462,5,0.01967095887196937
17099462,6,-0.07435623819496776
17099492,1,-0.08618970907839707
17099492,2,0.1324985154498729
17099492,3,-0.04871133869276009
17099492,4,0.0731967989951625
17099492,5,-0.01078484182319988
17099492,6,-0.01878829369085527
17099883,1,0.01136316804135557
17099883,2,0.01728690303325593
17099883,3,-0.027024595461204257
17099883,4,0.06404841477050292
17099883,5,0.06015280160284295
17099883,6,0.059481988265594095
17099965,1,0.023967081131290473
17099965,2,-0.006952704301468576
17099965,3,-0.020891042378592066
17099965,4,0.006407850686338739
17099965,5,-0.03371507014105325
17099965,6,-0.030334048515301037
17100415,1,-0.010589037974914464
17100415,2,-0.007155213366530979
17100415,3,-0.008650720323826645
17100415,4,-0.005936095645257751
17100415,5,0.0036190897319181847
17100415,6,0.009612051800760088
17100497,1,0.11794623296812551
17100497,2,-0.022727077194273245
17100497,3,-0.0372201205135431
17100497,4,0.10932827348273295
17100497,5,-0.11565803045559377
17100497,6,0.07825176837924899
17100730,1,-0.042121580947181214
17100730,2,-0.11202522777741111
17100730,3,-0.10292589947568483
17100730,4,0.049142875422063914
17100730,5,0.06681024940707916
17100730,6,0.005865644173292531
17100911,1,0.009743140154911204
17100911,2,-0.012521448709550038
17100911,3,0.10842480874210779
17100911,4,0.07890833126692508
17100911,5,0.06768774626122051
17100911,6,0.006743749826735212
17101074,1,-0.086487354344732
17101074,2,0.15141525463371566
17101074,3,-0.05110023361444742
17101074,4,0.07394705314773357
17101074,5,0.0030481033217425475
17101074,6,-0.01311287501714088
17101672,1,0.005386410288645746
17101672,2,-0.02001828881931296
17101672,3,0.10566615688165798
17101672,4,0.06303804565173966
17101672,5,0.06728780615080972
17101672,6,0.016520379148970626
17101987,1,0.013719585264824412
17101987,2,0.01913541271632745
17101987,3,-0.035913323458609876
17101987,4,0.0783531642086135
17101987,5,0.07180234734803918
17101987,6,0.07240226870180833
17102433,1,0.010847045395738587
17102433,2,0.027453228212957134
17102433,3,-0.03470283116428076
17102433,4,0.07072937759814739
17102433,5,0.06286925374235958
17102433,6,0.07461152108451959
17102620,1,0.012717118978022414
17102620,2,0.0065576135210863185
17102620,3,0.001063557549673862
17102620,4,-0.02935938702820188
17102620,5,0.021066674173761468
17102620,6,0.024045287348095152
17102631,1,0.009428090402410268
17102631,2,0.024313321066081996
17102631,3,-0.04197594986351047
17102631,4,0.0698960926927201
17102631,5,0.05578053505838937
17102631,6,0.08545131901599173
17102725,1,0.006084143427174706
17102725,2,-0.008565099124513448
17102725,3,0.06173480283026798
17102725,4,0.04005004356445039
17102725,5,0.053922895601686255
17102725,6,-0.02398339952580308
17103034,1,-0.0850645480805475
17103034,2,0.14139948610801684
17103034,3,-0.05246956025735064
17103034,4,0.08181084400000868
17103034,5,-0.009345625976419572
17103034,6,0.013198834139611834
17103078,1,-0.044875793196733606
17103078,2,-0.10325413185827337
17103078,3,-0.09402577229026478
17103078,4,0.04600774932908109
17103078,5,0.07392286786645517
17103078,6,-0.00789456591390142
17103304,1,-0.008259998870455578
17103304,2,-0.030718722536650145
17103304,3,-0.020486979618423683
17103304,4,-0.0031318093956883434
17103304,5,0.02746425831918932
17103304,6,0.023979491882542843
17103717,1,0.12928108229458363
17103717,2,0.04367838847992381
17103717,3,-0.07290938169899497
17103717,4,0.023528127136658687
17103717,5,0.027840381063050534
17103717,6,-0.07151305096499286
17103916,1,0.00826587867588975
17103916,2,0.01959178157583886
17103916,3,-0.039765453156133744
17103916,4,0.0636256812362528
17103916,5,0.08104655997427312
17103916,6,0.052399984856735346
17104269,1,0.01381487278314168
17104269,2,0.02555381170693125
17104269,3,-0.03697084341644595
17104269,4,0.06494437468911843
17104269,5,0.060584028734442734
17104269,6,0.0807461567954562
17104369,1,0.11348176048908527
17104369,2,0.04650150580145288
17104369,3,0.005939052060787134
17104369,4,0.0710947291979483
17104369,5,0.06291885201741565
17104369,6,-0.020071221870223033
17105001,1,0.11983039486496393
17105001,2,0.03481388417085327
17105001,3,-0.002241663945608112
17105001,4,0.06525131083188729
17105001,5,0.05691618811398584
17105001,6,-0.05392225264804386
17105497,1,0.13208408635000116
17105497,2,0.04420263762194975
17105497,3,-0.06693270706709134
17105497,4,0.02574149648730904
17105497,5,0.035383116675121194
17105497,6,-0.09821853852844412
17105666,1,0.003254481867152123
17105666,2,-0.01784154155232983
17105666,3,0.10763677948158809
17105666,4,0.06510912065528583
17105666,5,0.06089878147327359
17105666,6,0.021297837995058723
17106294,1,-0.0764649783237979
17106294,2,0.03304684365983033
17106294,3,-0.017694265109718235
17106294,4,0.15771330466813985
17106294,5,0.07563382427785537
17106294,6,-0.06589880047198132
17106443,1,-0.04568994188155997
17106443,2,-0.10722571774255878
17106443,3,-0.10575927816060285
17106443,4,0.0404225026934003
17106443,5,0.06720374428976111
17106443,6,-0.0069986081682160564
17106549,1,0.00957975464997202
17106549,2,0.020403846953428634
17106549,3,-0.04654816333330446
17106549,4,0.07219885034650862
17106549,5,0.05831601654206313
17106549,6,0.07763693087015448
17107266,1,0.13179547441198383
17107266,2,0.042905095318071886
17107266,3,-0.05411895692326215
17107266,4,0.03650623560131167
17107266,5,0.026938841680111132
17107266,6,-0.09499400427696383
17107330,1,-0.08541771249216007
17107330,2,0.14189741130020742
17107330,3,-0.029795157021155354
17107330,4,0.0855701086048606
17107330,5,-0.01914373714240504
17107330,6,-0.004028716533471611
17107567,1,-0.0030696644216839596
17107567,2,0.0025056806282488207
17107567,3,0.00257674341580918
17107567,4,-0.0018296184723978768
17107567,5,-0.011094144204079111
17107567,6,-0.006733173770630022
17107631,1,-0.04646697520391159
17107631,2,-0.10238793419309959
17107631,3,-0.1065450540587294
17107631,4,0.050519663826610314
17107631,5,0.04811378241064666
17107631,6,0.001777660350904463
17108394,1,0.0799502810122188
17108394,2,0.0623459228727765
17108394,3,-0.03641444035965173
17108394,4,-0.13142332368591209
17108394,5,0.14871637883196132
17108394,6,0.06523819632857186
17108419,1,0.0741567201434375
17108419,2,0.051132355567424466
17108419,3,-0.042368675501979564
17108419,4,-0.13721282736984627
17108419,5,0.13184840079862206
17108419,6,0.06805966714104136
17109150,1,0.07314595046653047
17109150,2,0.05625923958917683
17109150,3,-0.03516579788985501
17109150,4,-0.1317960805760257
17109150,5,0.1443125502702875
17109150,6,0.06953056136619429
17109678,1,0.11892372642564712
17109678,2,-0.018041282896602385
17109678,3,-0.03242097818786109
17109678,4,0.09726691513379275
17109678,5,-0.11107679697033461
17109678,6,0.06756022108597633
17109733,1,0.13456822144653538
17109733,2,0.04411619134104045
17109733,3,-0.06259812499909413
17109733,4,0.02441651941326721
17109733,5,0.03588929730398427
17109733,6,-0.08590431346526363
17109782,1,0.007192927666279361
17109782,2,-0.01725518840290672
17109782,3,0.11667374123129809
17109782,4,0.06338923869941092
17109782,5,0.06477958129814297
17109782,6,0.026785180605346064
17110265,1,-0.04377013719591238
17110265,2,-0.11114896766992041
17110265,3,-0.10814566668467106
17110265,4,0.04768069927023268
17110265,5,0.05790439504851439
17110265,6,-0.010161739005793572
17110753,1,0.1314988271595174
17110753,2,0.03661417973602632
17110753,3,-0.06745148296351094
17110753,4,0.02683438558281633
17110753,5,0.027644837180650993
17110753,6,-0.08655503277994774
17112342,1,0.004250888449786597
17112342,2,-0.017569655641590857
17112342,3,0.11478301854622343
17112342,4,0.0675785723900927
17112342,5,0.0740958102271536
17112342,6,0.011433604852934445
17112414,1,-0.004148008762236515
17112414,2,-0.002022252780271224
17112414,3,-0.0038539623000646453
17112414,4,-8.712018965812522e-4
17112414,5,-0.012139697715638718
17112414,6,0.033721428874392625
17112636,1,-0.04850650633442793
17112636,2,-0.10972099193468307
17112636,3,-0.09607042133222213
17112636,4,0.040515931590097455
17112636,5,0.06013052213247493
17112636,6,-0.012754203059842189
17113826,1,-0.046382127995993755
17113826,2,-0.1065720005079732
17113826,3,-0.10603098693506618
17113826,4,0.04444518196829701
17113826,5,0.05744422234538257
17113826,6,0.0019246576135913324
17114304,1,0.0021584578186049307
17114304,2,-0.006152161529531314
17114304,3,0.1113765092443716
17114304,4,0.06957900792512957
17114304,5,0.0655970200522022
17114304,6,0.007189152056150033
17114855,1,0.013625352098698652
17114855,2,0.017438927567773377
17114855,3,-0.0012084528844585785
17114855,4,-0.01591864250581151
17114855,5,0.009213992400356143
17114855,6,0.03294912026315258
17114897,1,0.013435658794566253
17114897,2,-0.0138492426364278
17114897,3,0.11030725220110918
17114897,4,0.07608585749171584
17114897,5,0.07287277137310823
17114897,6,0.03622962833834043
17115797,1,-0.0884247469795576
17115797,2,0.1448306640733453
17115797,3,-0.04478191650200554
17115797,4,0.08918528555206805
17115797,5,-0.007809720150128734
17115797,6,-0.015421375493236003
17116398,1,0.016045321278098133
17116398,2,0.019274216812563628
17116398,3,-0.04576438618737192
17116398,4,0.0699832408027361
17116398,5,0.053694191000584764
17116398,6,0.0666515920284903
17117059,1,0.12087245072084009
17117059,2,-0.016057540165072832
17117059,3,-0.04182116574849857
17117059,4,0.09702449001174028
17117059,5,-0.11446551620767059
17117059,6,0.04475760260145663
17117094,1,0.12485555633057392
17117094,2,-0.015856088709117054
17117094,3,-0.038806029108871244
17117094,4,0.09958181409561453
17117094,5,-0.1084708519960756
17117094,6,0.07659515922611711
17117130,1,0.006718928822240669
17117130,2,-0.011196929701266822
17117130,3,0.07310796282639995
17117130,4,0.03925747221297995
17117130,5,0.058150538113618117
17117130,6,-0.03421769338774561
17118076,1,0.07071061165960402
17118076,2,0.047606280600229714
17118076,3,-0.03210963287427534
17118076,4,-0.11924371371500181
17118076,5,0.11461604997793269
17118076,6,0.14153022796275713
17118461,1,-0.09149971706424662
17118461,2,0.14710988416613194
17118461,3,-0.03805311762100327
17118461,4,0.08303337236026566
17118461,5,-0.014605318759313344
17118461,6,-0.003547602634690553
17118505,1,0.07186410558883817
17118505,2,0.05919944693907407
17118505,3,-0.04833689063319699
17118505,4,-0.12914402022554167
17118505,5,0.13893407320301993
17118505,6,0.09045420128511594
17118618,1,0.07808705179442633
17118618,2,0.06329147555017904
17118618,3,-0.04984203427380078
17118618,4,-0.13590509630925543
17118618,5,0.14632022657850083
17118618,6,0.06253521592443835
17118747,1,0.13075191901085867
17118747,2,0.04412717456424122
17118747,3,-0.0701720473457117
17118747,4,0.01597282083025915
17118747,5,0.03491080081630712
17118747,6,-0.08064921638044616
17118882,1,2.2932877271151272e-4
17118882,2,-0.010667226096526677
17118882,3,0.11257604926262826
17118882,4,0.06684232013924751
17118882,5,0.08222846676629703
17118882,6,0.047448366012568265
17118907,1,0.13155741469414964
17118907,2,0.040468575988606516
17118907,3,-0.0623338773689211
17118907,4,0.02033415479644476
17118907,5,0.04011346172795311
17118907,6,-0.08134429524192266
17118945,1,0.011851881333915402
17118945,2,-0.021482501619840597
17118945,3,0.11040320229461023
17118945,4,0.08015448580493652
17118945,5,0.07128486922401285
17118945,6,0.017945832865891232
17119095,1,0.005356643278664691
17119095,2,-0.020354832037405204
17119095,3,0.10548867788480303
17119095,4,0.07307366568216059
17119095,5,0.0666585855882404
17119095,6,0.01528598547879198
17119098,1,-0.015129641412136999
17119098,2,-0.03822126240318557
17119098,3,-0.026994477217058582
17119098,4,0.02457323172699531
17119098,5,0.013168556752463284
17119098,6,-7.226011839024772e-4
17119446,1,-0.008976167977441912
17119446,2,0.009339155653761054
17119446,3,0.03939424284795785
17119446,4,0.033343665648462535
17119446,5,0.031798251515454096
17119446,6,-0.005734070741066758
17119450,1,-0.08126375026681802
17119450,2,0.13887962071833598
17119450,3,-0.05411209919087519
17119450,4,0.09778576350862472
17119450,5,-0.02022370653629801
17119450,6,-0.015645377787110087
17119647,1,-0.031736345652303745
17119647,2,0.023525655659935373
17119647,3,-0.010949021948923585
17119647,4,0.0030052497607451364
17119647,5,-0.023853137754749957
17119647,6,0.0037463672623796796
17120558,1,-0.013877620070103399
17120558,2,-0.04619232909219868
17120558,3,-0.027643130813188775
17120558,4,0.025733568578708257
17120558,5,0.017223104547330212
17120558,6,-0.016731733837779046
17120645,1,0.07734865486778333
17120645,2,0.0673486221966281
17120645,3,-0.05201165692758434
17120645,4,-0.12917449545358495
17120645,5,0.13539208558802895
17120645,6,0.06718043246226796
17120724,1,0.12545222570451844
17120724,2,0.040211920500012745
17120724,3,-5.122467015938845e-4
17120724,4,0.05786448517788189
17120724,5,0.0690282892409686
17120724,6,-0.05844372419700725
17121558,1,-0.020751880537507518
17121558,2,-0.0399961692465112
17121558,3,-0.03166472711556747
17121558,4,0.014987546085260444
17121558,5,0.015122814744451634
17121558,6,0.006402232723103368
17121787,1,0.012750928703993948
17121787,2,-0.018828344615501362
17121787,3,0.11687092752866036
17121787,4,0.07440245175425395
17121787,5,0.06719754990691905
17121787,6,0.014545303256834846
17122332,1,-0.04183162178402326
17122332,2,-0.10819457200684213
17122332,3,-0.10333793558850222
17122332,4,0.04252740211385215
17122332,5,0.06037872943089607
17122332,6,-0.0017379705749466302
17122591,1,0.1306844077345487
17122591,2,0.05076299004710757
17122591,3,-0.06223734350799668
17122591,4,0.024776858915707738
17122591,5,0.03943341493671813
17122591,6,-0.09315130486476486
17122884,1,0.007618279649109333
17122884,2,0.025040196368360624
17122884,3,-0.034837071082763564
17122884,4,0.06395379083010613
17122884,5,0.054811887409092874
17122884,6,0.07376243190642578
17123175,1,-0.04165146184007932
17123175,2,-0.11141599360462513
17123175,3,-0.11945476299859839
17123175,4,0.048481686135054824
17123175,5,0.06123443562140316
17123175,6,-0.02657868283987322
17123971,1,0.010276723306159566
17123971,2,0.021452338677040772
17123971,3,-0.03600939414535425
17123971,4,0.0707189269993741
17123971,5,0.05169000275292098
17123971,6,0.0727611794643346
17124052,1,0.015019472759946313
17124052,2,0.013878941867610737
17124052,3,-0.028423662675264538
17124052,4,0.0640942400969123
17124052,5,0.06434008701437119
17124052,6,0.0640895969177682
17124134,1,0.016994454103451632
17124134,2,0.02456912771809362
17124134,3,-0.04390707936954553
17124134,4,0.08003674744033286
17124134,5,0.0658811026991859
17124134,6,0.0725988141206665
17124175,1,0.009110383700398593
17124175,2,-0.007140222533048853
17124175,3,0.0689418552528389
17124175,4,0.04091467406750294
17124175,5,0.04767764487963619
17124175,6,-0.03814842128141332
17124307,1,0.1331354080903136
17124307,2,0.05331715737775381
17124307,3,-0.06298935196110321
17124307,4,0.022685568353972937
17124307,5,0.038030505103775654
17124307,6,-0.07129867488277954
17124893,1,-0.04327063507463446
17124893,2,-0.11534680693329588
17124893,3,-0.10004608323128854
17124893,4,0.04887975123166631
17124893,5,0.06248998938683961
17124893,6,-0.011908196509425817
17126077,1,0.11746539525476386
17126077,2,-0.0184756925880978
17126077,3,-0.03085466729332365
17126077,4,0.09711626096366012
17126077,5,-0.10951976934571335
17126077,6,0.07386614694131506
17126163,1,0.11598527472581958
17126163,2,0.04627436882732526
17126163,3,0.0066164548786812934
17126163,4,0.05953063545916925
17126163,5,0.06691338191692138
17126163,6,-0.06858009160433504
17126324,1,-0.007048990183751679
17126324,2,-0.014425359686894854
17126324,3,0.03308379417556508
17126324,4,-0.036263541230273366
17126324,5,-0.021751448319437285
17126324,6,-0.03825978172483179
17126427,1,0.014623480989230008
17126427,2,0.029362010845513053
17126427,3,-0.0325730448702098
17126427,4,0.06885923688994346
17126427,5,0.054328219540934225
17126427,6,0.06238218915543077
17127075,1,0.020279681733534664
17127075,2,-0.015290887045847103
17127075,3,-0.011006905934974363
17127075,4,0.027352375530641185
17127075,5,-0.010619299620561002
17127075,6,-0.06830109814327082
17127157,1,-0.04851912874515858
17127157,2,-0.10422189712143864
17127157,3,-0.10156033947222691
17127157,4,0.04358620851871533
17127157,5,0.06036041051991661
17127157,6,0.004327562536063985
17127617,1,0.009578981273608431
17127617,2,0.015149571820018016
17127617,3,-0.024937962319883537
17127617,4,0.05967874313937144
17127617,5,0.060974722783761946
17127617,6,0.06357413915791399
17127706,1,-0.08970367934726625
17127706,2,0.14337194713817883
17127706,3,-0.0457373569141421
17127706,4,0.08004924807198896
17127706,5,-0.019296000592712442
17127706,6,-0.01325955369529895
17127902,1,-0.004787529454005876
17127902,2,-0.008764527792372679
17127902,3,0.0164675172608586
17127902,4,-0.030737010776315094
17127902,5,-0.03856427134663555
17127902,6,-0.03449268613446854
17127987,1,-0.01001276199248755
17127987,2,0.026592894794360427
17127987,3,0.01434030167545806
17127987,4,-4.1796081599610255e-4
17127987,5,-0.010928845363847679
17127987,6,0.01308611614439318
17128089,1,0.13092895303773724
17128089,2,0.03835336044295557
17128089,3,-0.05382898374881807
17128089,4,0.02937231285319708
17128089,5,0.04070675883951573
17128089,6,-0.08250756270158033
17128705,1,0.0024158722582089944
17128705,2,-0.020839693208106004
17128705,3,0.1101370387609711
17128705,4,0.05642266415844408
17128705,5,0.07059528806781856
17128705,6,0.02274915413283223
17128716,1,0.04585905003571791
17128716,2,-0.01933776488878035
17128716,3,-0.006007994845795787
17128716,4,0.03443383214896577
17128716,5,-0.028867847853326637
17128716,6,-0.008959630601762738
17128758,1,0.007983901499658096
17128758,2,-5.716395496557493e-4
17128758,3,0.06940205138078896
17128758,4,0.03985430938598855
17128758,5,0.04724947127015884
17128758,6,-0.03540242455422118
17128890,1,0.003985662154816411
17128890,2,-0.00927910062278567
17128890,3,0.07652020705671327
17128890,4,0.04337457273731222
17128890,5,0.04939418166771784
17128890,6,-0.04744741753421378
17128908,1,-0.043338230598261765
17128908,2,-0.11103213011790831
17128908,3,-0.10075939408169583
17128908,4,0.04231264736236446
17128908,5,0.06471877101483003
17128908,6,-0.005584521958820976
17129087,1,-0.01446713534053882
17129087,2,-0.03413367685414547
17129087,3,-0.01950471588068811
17129087,4,0.010842187303694368
17129087,5,0.003333341890553415
17129087,6,0.005536853874116114
17129250,1,-0.008957821852653789
17129250,2,-0.02093554840409607
17129250,3,0.05711758252319505
17129250,4,-0.0819462176027972
17129250,5,-0.08048870898267796
17129250,6,-0.07956771189410404
17129645,1,0.01047350704510474
17129645,2,-0.018897741389926996
17129645,3,0.11636566167081874
17129645,4,0.0659047362042834
17129645,5,0.06612677463684057
17129645,6,0.03379651334593197
17129738,1,-0.08643724774239936
17129738,2,0.14817028169625288
17129738,3,-0.04580087980106542
17129738,4,0.0802137609904322
17129738,5,-0.011193462142082973
17129738,6,0.016619529758575023
17129935,1,-0.013784278014540515
17129935,2,0.023037000200644087
17129935,3,0.004750219526779635
17129935,4,-0.010946031991570822
17129935,5,-0.01891184191731512
17129935,6,-0.017429478841412875
17130142,1,8.85201394099018e-4
17130142,2,-0.018237727411162055
17130142,3,0.10479626876507413
17130142,4,0.07120197457080903
17130142,5,0.06517092419158096
17130142,6,0.016057258606848496
17130268,1,-0.048414008832819704
17130268,2,-0.10628835088972502
17130268,3,-0.09772942073245554
17130268,4,0.05103971931772514
17130268,5,0.06236376081792553
17130268,6,-0.02075970630908542
17130402,1,-0.04914169920848397
17130402,2,-0.11949531879576693
17130402,3,-0.10240603363385664
17130402,4,0.04057128848044279
17130402,5,0.05497531176790827
17130402,6,0.01255841229801922
17130409,1,0.12241338446082571
17130409,2,-0.011803127433017408
17130409,3,-0.03199405955668735
17130409,4,0.0976497753855447
17130409,5,-0.10207977193485519
17130409,6,0.07568572549653972
17130657,1,0.12478722596735219
17130657,2,0.046544808777213384
17130657,3,-0.05982538693720818
17130657,4,0.04007461958925486
17130657,5,0.0247747915817719
17130657,6,-0.0790459370446613
17131307,1,-0.08754116828579973
17131307,2,0.1428061303704744
17131307,3,-0.04506538987582304
17131307,4,0.08115912599148042
17131307,5,-0.011065370052069015
17131307,6,0.015611182192447098
17131413,1,0.011011816743817753
17131413,2,-0.019607793289591134
17131413,3,0.11120694357751787
17131413,4,0.06746972702903599
17131413,5,0.066696438512715
17131413,6,0.022459922135895434
17131416,1,0.06813235117123662
17131416,2,-0.07166070788085767
17131416,3,-0.10529935524420737
17131416,4,0.11670619357002646
17131416,5,-0.038311169578968886
17131416,6,0.11573473940048715
17132490,1,0.016808076884449238
17132490,2,0.02493474299162375
17132490,3,-0.0393399450794221
17132490,4,0.07133728523197362
17132490,5,0.06282971928285452
17132490,6,0.052537419100880306
17132608,1,0.1326061422645767
17132608,2,0.043579060922747076
17132608,3,-0.06250629210432605
17132608,4,0.03377489293506176
17132608,5,0.02958005527722335
17132608,6,-0.09607226693910262
17132719,1,-0.09265064164533886
17132719,2,0.1483508760967595
17132719,3,-0.04476840754495709
17132719,4,0.08966445794887458
17132719,5,-0.019935541573893316
17132719,6,-0.032485744752586566
17133009,1,-0.008385557496931624
17133009,2,-0.015734773102247777
17133009,3,-0.016779946503866702
17133009,4,0.005546322876887111
17133009,5,0.02163736622676935
17133009,6,-0.0018658528950872774
17133322,1,-0.008292242672063856
17133322,2,-0.032179549511679256
17133322,3,-0.019826594930217267
17133322,4,0.010318735505137991
17133322,5,-0.006321026276168119
17133322,6,-0.008534898179630709
17133436,1,-0.0872786312723941
17133436,2,0.13697365099976283
17133436,3,-0.049725312704234366
17133436,4,0.0852522247121242
17133436,5,-0.01353802316436328
17133436,6,0.009086646812000675
17133464,1,0.11943080993871569
17133464,2,0.03905356647282972
17133464,3,0.004780667439266091
17133464,4,0.05179607348864949
17133464,5,0.06531628059066934
17133464,6,-0.046495027130902686
17133465,1,0.009052520729215141
17133465,2,0.02387664205460594
17133465,3,-0.028766220803303398
17133465,4,0.06441112950818705
17133465,5,0.05986758510547161
17133465,6,0.0689200109904729
17133557,1,0.006391412700819998
17133557,2,0.008699232033270917
17133557,3,0.009988120470941591
17133557,4,4.031359177624911e-4
17133557,5,0.04082911100072278
17133557,6,0.009745935101204183
17133617,1,0.007627465171470239
17133617,2,-0.012915753347147703
17133617,3,0.11127599139096431
17133617,4,0.07836315543703537
17133617,5,0.07604854959821082
17133617,6,0.028211081919030802
17133669,1,0.0756326738460759
17133669,2,0.06068705644025997
17133669,3,-0.038381331351348795
17133669,4,-0.13339339320498123
17133669,5,0.1268510557945848
17133669,6,0.09512732398233692
17133893,1,0.013911774314744267
17133893,2,0.025451432632040312
17133893,3,-0.02207931707241463
17133893,4,0.06837007851300773
17133893,5,0.07374855137834549
17133893,6,0.05194448095764694
17134494,1,-0.0390114082284982
17134494,2,-0.10377630634271681
17134494,3,-0.1060714601516427
17134494,4,0.05180474781988847
17134494,5,0.06445819605462098
17134494,6,-0.02104302280481677
17134498,1,0.002183894354371881
17134498,2,-0.0217669649307547
17134498,3,0.10956697479947587
17134498,4,0.06189163791180635
17134498,5,0.07480317485483094
17134498,6,0.023962014571862283
17134526,1,0.007177055176650322
17134526,2,-0.0058776948765105015
17134526,3,0.10552426274544534
17134526,4,0.0627084857743348
17134526,5,0.07733599398651517
17134526,6,0.02345189852011634
17134538,1,0.008266226810843045
17134538,2,-0.023662033019207555
17134538,3,0.11507094290945563
17134538,4,0.08084256654671132
17134538,5,0.07599987458154688
17134538,6,0.039021479136231496
17134766,1,-0.015062285185721827
17134766,2,0.003438234894584587
17134766,3,0.001495589496261672
17134766,4,0.01129594036764812
17134766,5,-0.008236293804775087
17134766,6,0.010820125264197811
17135337,1,-0.041978685771806044
17135337,2,-0.10292493114713341
17135337,3,-0.10724185890238634
17135337,4,0.04151701877281961
17135337,5,0.059282952578193715
17135337,6,0.0019036740033729581
17136658,1,-0.08546766679533678
17136658,2,0.14502354830905723
17136658,3,-0.044802863362211016
17136658,4,0.08473090884246369
17136658,5,-0.01029155157153642
17136658,6,-0.015320891238687193
17136860,1,-0.04053326772282811
17136860,2,-0.10216705554020494
17136860,3,-0.10574464358438518
17136860,4,0.04418781365514509
17136860,5,0.06097940112425232
17136860,6,0.011048189400530798
17136863,1,0.005846592736010163
17136863,2,-0.010167841498145296
17136863,3,0.10830803219898572
17136863,4,0.060880744156146444
17136863,5,0.06185186217811486
17136863,6,0.0186378106564839
17137315,1,0.0010783563846535563
17137315,2,-0.008287918770121418
17137315,3,0.10895612021218558
17137315,4,0.06942782123501812
17137315,5,0.06298332938824411
17137315,6,0.024494205582608255
17138713,1,0.028434995708189328
17138713,2,0.07121979913279639
17138713,3,-0.02170744534699527
17138713,4,0.07635138457748111
17138713,5,0.041918438773861866
17138713,6,0.07517029932999193
17139200,1,0.11254160048033036
17139200,2,-0.014318950235354944
17139200,3,-0.02936603940180007
17139200,4,0.08630355094613629
17139200,5,-0.10278690723723229
17139200,6,0.08541347370537927
17139672,1,-0.011304062312440747
17139672,2,-0.027373169568235
17139672,3,-0.013104120156850117
17139672,4,0.013200729754700343
17139672,5,-2.2846545053640535e-4
17139672,6,-0.013906262706491451
17139866,1,-0.04772035133576099
17139866,2,-0.10201651397012172
17139866,3,-0.10666243782453702
17139866,4,0.04233854590898064
17139866,5,0.0679626948599029
17139866,6,-0.005884913903387299
17140023,1,0.13577622561108796
17140023,2,0.0386538283281283
17140023,3,-0.05319960041006416
17140023,4,0.030678342110221055
17140023,5,0.012050788899777419
17140023,6,-0.0825042912608578
17140165,1,-0.011269167937266367
17140165,2,-0.034240813054007564
17140165,3,-0.021747597474562598
17140165,4,-0.001411198731820895
17140165,5,0.011669831327590885
17140165,6,0.013809420887907231
17140593,1,0.0112609047298748
17140593,2,0.015753556444386335
17140593,3,-0.037346326668257185
17140593,4,0.0645633481038022
17140593,5,0.06421734264432057
17140593,6,0.058331761060191396
17141339,1,-0.037233713263213605
17141339,2,-0.057940307009338186
17141339,3,-0.0611670989336992
17141339,4,0.012533202397299477
17141339,5,0.05637874782629762
17141339,6,0.048340494735542174
17141349,1,0.006917385528650276
17141349,2,-0.01703636126865155
17141349,3,0.10803868925955287
17141349,4,0.07598460427493506
17141349,5,0.06208340752706584
17141349,6,0.009993185864046704
17141389,1,0.1261466732771563
17141389,2,0.04531565441247575
17141389,3,-0.06141196143564026
17141389,4,0.03481998740487161
17141389,5,0.03433254772067235
17141389,6,-0.07971973217916206
17141482,1,0.008306177938482949
17141482,2,-0.013505576554921059
17141482,3,0.09757911815295893
17141482,4,0.04779338989801519
17141482,5,0.05137568519876908
17141482,6,0.0034946120027222827
17141559,1,-0.008599858995859577
17141559,2,0.020925884033487677
17141559,3,-0.00756481499612691
17141559,4,0.011696579940545617
17141559,5,-0.01445716725591211
17141559,6,-0.00604659930189035
17141753,1,0.13484674839498034
17141753,2,0.044996715445219194
17141753,3,-0.06220313374546699
17141753,4,0.024273794284022744
17141753,5,0.024568876202023977
17141753,6,-0.09300235939122724
17142108,1,-0.08402363422359148
17142108,2,0.14760944365178402
17142108,3,-0.038716398547283544
17142108,4,0.08115351714699597
17142108,5,-0.014085230258010775
17142108,6,6.412291174063938e-4
17142585,1,0.12164348255737235
17142585,2,0.04618756317696726
17142585,3,0.00987384710599197
17142585,4,0.06041384763526869
17142585,5,0.05984383675005951
17142585,6,-0.04210036452993243
17142633,1,0.004459070976957832
17142633,2,-0.018141601545414537
17142633,3,0.11781796840919988
17142633,4,0.07514164490772965
17142633,5,0.06030824316891389
17142633,6,0.01395081008045515
17142671,1,-0.039578030072438014
17142671,2,-0.10315894535349635
17142671,3,-0.11175886688676098
17142671,4,0.05033390383761467
17142671,5,0.06298739633245323
17142671,6,-0.007295823699449158
17143028,1,0.004132991943598024
17143028,2,-0.013658470685622306
17143028,3,0.11641846244284616
17143028,4,0.06263332567949602
17143028,5,0.06601956284683662
17143028,6,0.031025397297717666
17143793,1,0.01002283714320927
17143793,2,0.02391286298239059
17143793,3,-0.03459361455339287
17143793,4,0.06682342314132071
17143793,5,0.06428595801542752
17143793,6,0.08555399183121482
17143842,1,-0.08980391820093488
17143842,2,0.14637807040391304
17143842,3,-0.0506289753285529
17143842,4,0.08944030425302592
17143842,5,-0.013043168704265272
17143842,6,-0.00680200392493866
17144555,1,0.13161328037528855
17144555,2,0.044222053267786963
17144555,3,-0.06071256671731792
17144555,4,0.02183356158064028
17144555,5,0.030437971635931156
17144555,6,-0.08122268968775488
17144856,1,-0.017689512049295014
17144856,2,0.016117433768254776
17144856,3,-0.012921228814683668
17144856,4,0.037299311935198476
17144856,5,3.4456227009809127e-4
17144856,6,-0.01890854372626637
17145110,1,0.010199561631168372
17145110,2,-0.013717963691816016
17145110,3,0.10287635825514427
17145110,4,0.061752064995068974
17145110,5,0.07828615796673653
17145110,6,0.01603192439290367
17145314,1,0.010177965356494312
17145314,2,0.03383796796204137
17145314,3,-0.03642273553016078
17145314,4,0.07341932524895076
17145314,5,0.06382972308267587
17145314,6,0.05758760390432261
17145351,1,0.08006595932342316
17145351,2,0.06442804175587521
17145351,3,-0.040059393777135244
17145351,4,-0.12902317305511526
17145351,5,0.13810253985444595
17145351,6,0.09283867203604751
17145419,1,0.1312088736400615
17145419,2,0.04225576804472913
17145419,3,-0.06061477180463585
17145419,4,0.023613250651258112
17145419,5,0.02684404468087892
17145419,6,-0.07953828531510668
17145480,1,0.12121013834043524
17145480,2,0.038053166676076756
17145480,3,-0.006308233387946761
17145480,4,0.055070423384963894
17145480,5,0.06843213519246505
17145480,6,-0.03698492692012933
17146898,1,-0.01140057623996492
17146898,2,0.011639768128659845
17146898,3,0.004673481158430946
17146898,4,-0.00634386740468853
17146898,5,-0.012526210307192564
17146898,6,0.007106636250288286
17147139,1,-0.011667676487768322
17147139,2,-0.0031515742337507027
17147139,3,-0.013009488012670621
17147139,4,0.004394046771392138
17147139,5,-0.013030351598972489
17147139,6,0.029852179170666487
17147156,1,0.0089791772916451
17147156,2,-0.025098396771186485
17147156,3,0.10794076235783384
17147156,4,0.06400568389115331
17147156,5,0.06999061337598449
17147156,6,0.0157230827399551
17147306,1,0.005814233450244966
17147306,2,-0.021627832606314804
17147306,3,0.12358246345233165
17147306,4,0.06538457493732514
17147306,5,0.07388127725245373
17147306,6,0.02345498780850239
17147355,1,0.10936695628649404
17147355,2,-0.005646968115297393
17147355,3,-0.030571485616236686
17147355,4,0.10529617600764377
17147355,5,-0.11947186400230143
17147355,6,0.07969377475147653
17148769,1,-0.04734994796701934
17148769,2,-0.10067545877225509
17148769,3,-0.10042331262874224
17148769,4,0.03974354678315743
17148769,5,0.053419227055451254
17148769,6,-0.016160038957858745
17149033,1,-0.09245490829249911
17149033,2,0.14984343533113564
17149033,3,-0.04401119836172859
17149033,4,0.08100281632114939
17149033,5,-0.017954700541049102
17149033,6,-0.015259391565684401
17149300,1,0.006933783127948375
17149300,2,-0.010925931955499938
17149300,3,0.11331952638728024
17149300,4,0.07496287025004708
17149300,5,0.07760534220094648
17149300,6,0.01697314814711155
17150676,1,-0.038388822540754104
17150676,2,-0.11638189535928548
17150676,3,-0.10097536728996921
17150676,4,0.042352994789379345
17150676,5,0.0597299841282148
17150676,6,-0.023732797031408993
17151068,1,-0.04358687352842312
17151068,2,-0.11158034546363392
17151068,3,-0.10372070971213353
17151068,4,0.041086783019689196
17151068,5,0.05729857039866765
17151068,6,-0.03960736408832502
17152611,1,0.1107521809452239
17152611,2,0.0481027809483802
17152611,3,-7.567336267479512e-5
17152611,4,0.05882091621168714
17152611,5,0.06520182850164565
17152611,6,-0.031265141784778606
17152633,1,-0.009122030383726075
17152633,2,0.017982258108241736
17152633,3,8.536665623732568e-4
17152633,4,0.0024219697132902345
17152633,5,-0.01822426858607204
17152633,6,-0.02473472578837826
17152828,1,0.07604242904049695
17152828,2,0.055977422759477626
17152828,3,-0.04109145115127974
17152828,4,-0.11837863666188175
17152828,5,0.13476131080452416
17152828,6,0.11825101367230428
17153549,1,0.004923280087114033
17153549,2,-0.01686957019416778
17153549,3,0.10540177590820408
17153549,4,0.07101754291034312
17153549,5,0.07163888164253263
17153549,6,0.029326133097527542
17153718,1,-0.02486145286967254
17153718,2,0.019954199148767424
17153718,3,-0.009496283692784734
17153718,4,0.010839341299326202
17153718,5,0.002522290031765
17153718,6,0.02729205847465188
17153964,1,-0.08578010289834298
17153964,2,0.14920209556682196
17153964,3,-0.04575803150338342
17153964,4,0.08871822262373312
17153964,5,-0.020470678816396193
17153964,6,0.01725941258619281
17154984,1,0.005367913074564965
17154984,2,-0.0067428518427888615
17154984,3,0.11814404907858052
17154984,4,0.0555625041267211
17154984,5,0.0762170764296267
17154984,6,0.02964578495613336
17154992,1,-0.03254259620881444
17154992,2,0.02507998674687513
17154992,3,-0.0075348041112546565
17154992,4,0.01892654991092175
17154992,5,-0.029322050579449765
17154992,6,0.008957020500457989
17155383,1,0.11325929018504749
17155383,2,-0.005779930154428211
17155383,3,-0.03961214381300131
17155383,4,0.09108472671731531
17155383,5,-0.11103629000686498
17155383,6,0.08386279085335414
17156061,1,0.12201734944573317
17156061,2,0.058274150953988996
17156061,3,-0.059666637437091406
17156061,4,0.037256456742846056
17156061,5,0.017547476093031377
17156061,6,-0.09051457289625361
17156280,1,0.014040633766759259
17156280,2,0.020090051951863332
17156280,3,-0.019182439518510307
17156280,4,0.03101214156217219
17156280,5,0.045789767985156916
17156280,6,0.05773140525621138
17159617,1,-0.0558231928662791
17159617,2,-0.09687152586589351
17159617,3,-0.0969972648023951
17159617,4,0.049241979589039114
17159617,5,0.05480976569944606
17159617,6,0.04364991919063645
17169522,1,0.007915600203575766
17169522,2,0.03452061954661505
17169522,3,0.03686736346944557
17169522,4,-0.012068711391491713
17169522,5,-0.026183918631287245
17169522,6,0.03227086372422176
17169762,1,0.005011820742368607
17169762,2,-0.015665508734013248
17169762,3,0.020258036870395322
17169762,4,0.012457102250060862
17169762,5,0.02438219258219977
17169762,6,0.0500796240688465
17169979,1,0.005956361034328827
17169979,2,0.034596438310001906
17169979,3,0.03906008567932519
17169979,4,-7.259708581381153e-4
17169979,5,-0.03169847881040143
17169979,6,0.023726890446444028
17175610,1,-0.007394614327988245
17175610,2,-0.034472330626937386
17175610,3,-0.015936571395147547
17175610,4,0.006768944974886329
17175610,5,0.006312340622879764
17175610,6,0.017634903144706636
17177470,1,-0.0031276969092964044
17177470,2,0.016458404613668334
17177470,3,0.00863452514571037
17177470,4,-0.007527407778582082
17177470,5,0.021174787328818823
17177470,6,-0.01978750554007707
17178230,1,-0.02430541139340183
17178230,2,-0.05083900464834328
17178230,3,-0.036030355508050185
17178230,4,0.018578038626247365
17178230,5,0.018623303557740896
17178230,6,0.003385009391429641
17178601,1,0.04512967119932202
17178601,2,0.006408191819613663
17178601,3,-0.03442611767120081
17178601,4,0.044520075945649266
17178601,5,-0.022222157748102635
17178601,6,0.0036313126218229094
17179031,1,0.017462447467121982
17179031,2,-0.00328005657201473
17179031,3,-0.010526738795304826
17179031,4,0.007177014049011664
17179031,5,-0.027792585481231022
17179031,6,-0.020975514183250003
