SNP_ID,PC,loading
16849105,1,-0.08958744039456945
16849535,1,-0.07378656259118363
16849573,1,-0.06563407530109716
16849681,1,-0.08551474076801996
16849725,1,-0.08805551081949067
16849843,1,-0.08743508017608428
16849971,1,-0.09028715999527626
16850089,1,-0.0849044739876089
16850115,1,-0.0895162014167081
16850164,1,-0.08669985505107214
16850281,1,-0.08737213575879677
16850297,1,-0.08439121647220002
16850437,1,-0.08972918115170803
16850463,1,-0.08673977330763168
16850671,1,-0.08501229091102049
16850676,1,-0.08325607284311468
16850744,1,-0.08633083193524656
16851053,1,-0.08444904654906236
16851088,1,-0.08678471608728766
16851108,1,-0.08744983964403921
16851125,1,-0.08713615381838044
16851141,1,0.0360589426666992
16851225,1,-0.08695660015702647
16851356,1,-0.09015955774896303
16851640,1,-0.08643762611021082
16851673,1,-0.08564958925896429
16851819,1,-0.08405709279418547
16851822,1,-0.08362794211046021
16851899,1,-0.0844333144748228
16852303,1,-0.08591346904648672
16852312,1,-0.08385904566120447
16852652,1,-0.08830382418243168
16852683,1,-0.0879814410288675
16852820,1,-0.0936470778980696
16852835,1,-0.08557433673136648
16852914,1,-0.08234127914947717
16853019,1,-0.08749184537348216
16853055,1,-0.09047841664895612
16853071,1,-0.08728687064482288
16853122,1,-0.08756538362378984
16853178,1,-0.08498840019525976
16853218,1,-0.08189942750184157
16853231,1,-0.08688716693049893
16853232,1,-0.08774276361621483
16853399,1,-0.08583818008198886
16853425,1,-0.08779739597878204
16853625,1,-0.08660318183986743
16853948,1,-0.08878155516964484
16854064,1,-0.08510780038990125
16854330,1,-0.08499241708920961
16854396,1,-0.0868341293287925
16854435,1,-0.0854182174869767
16854448,1,-0.08655793491321032
16854565,1,-0.08839334066579742
16854643,1,-0.08950645659485874
16854652,1,-0.08772867524116996
16854792,1,-0.0841322764162289
16854831,1,-0.0871918331231179
16854859,1,-0.08253648578502117
16855160,1,-0.08873081377896654
16855274,1,-0.08732142760691293
16855350,1,0.03550183157957143
16855476,1,-0.0812719561860304
16855563,1,-0.08712325050912005
16855618,1,-0.08972540902091507
16855677,1,-0.088001168858429
16855731,1,-0.08382498374647862
16855764,1,-0.08937932552841832
16855904,1,-0.08949833664439355
16856181,1,-0.08732094601617559
16856188,1,-0.09004697150248261
16856465,1,-0.0867545027585921
16856544,1,-0.08952958303790533
16856672,1,-0.08920662327027684
16856803,1,-0.0875296891268665
16856809,1,-0.016619911050821865
16856878,1,-0.0889905112077462
16856915,1,-0.08501783240475148
16857015,1,-0.08485010656758588
16857035,1,-0.08468661788047997
16857041,1,-0.08834129234139987
16857140,1,-0.0850818787032434
16857165,1,-0.08306951974396065
16857414,1,-0.0931118594243967
16857418,1,-0.08988516489646017
16857422,1,-0.08780972070393317
16857510,1,-0.08377836267054972
16857983,1,-0.0840252218947437
16858076,1,-0.09048871821951512
16858191,1,-0.08931925411642216
16858219,1,-0.08600540421851766
16858364,1,-0.0864822697233555
16858472,1,-0.08429018551592914
16858684,1,-0.08876093958553413
16858723,1,-0.08683646781922011
16858843,1,-0.08951523173404044
16858863,1,-0.0829617790869779
16858968,1,-0.08675702463630001
16859182,1,-0.08941861988569902
16859366,1,-0.08930969069018335
16859587,1,-0.08431613365618185
16859704,1,-0.08491869461573384
16860036,1,-0.08319131862012759
16860066,1,-0.07945232474295803
16860139,1,-0.08797667999072684
16860258,1,-0.08732176308923782
16860336,1,-0.09139563066475799
16860360,1,-0.08818715577232536
16860413,1,-0.0891318283936098
16860442,1,-0.08608924385292792
16860496,1,-0.09062524157862903
16860617,1,-0.08675492750355368
16860752,1,-0.019394515135665293
16860767,1,-0.08602831822827432
16860813,1,-0.08993354533159165
16860967,1,-0.08765559610841202
16860985,1,-0.08597224162960529
16861056,1,-0.08160119792686721
16861182,1,-0.09057955767539737
16861293,1,-0.08679250008192999
16861577,1,-0.08904446814446866
16861592,1,-0.08765734968242424
16861595,1,-0.08325908199473449
16861599,1,-0.0867658203710956
16861786,1,-0.08906942516929225
16861919,1,-0.0868918878934377
16861975,1,-0.08709054472724978
16862057,1,-0.08249395439457795
16862213,1,-0.0887716483312335
16862282,1,-0.08868295201565422
16862531,1,-0.08546469440564564
16862729,1,-0.08397913682528028
16863070,1,-0.08308507398907855
16863454,1,-0.07923857645078844
16864090,1,-0.08606937535204355
16865510,1,-0.08849663578158483
16866339,1,-0.08678210562541656
