SNP_ID,PC,loading
17128705,1,0.007443264610903166
17128705,2,0.059505703386291055
17128705,3,-0.14197750739559317
17128705,4,0.06920492350162954
17128705,5,0.03403736654335201
17128705,6,0.003001489519577183
17128705,7,0.0671444447883692
17128705,8,0.027179196888227897
17128716,1,0.0928791209673181
17128716,2,-0.05258327529963963
17128716,3,-0.014487563909704685
17128716,4,-0.004260533791590592
17128716,5,0.048628775519789454
17128716,6,0.04782530337409496
17128716,7,-0.029962014525109854
17128716,8,-0.07570574759681714
17128758,1,0.018855820794309863
17128758,2,0.04741535279351711
17128758,3,-0.08829842964724006
17128758,4,0.04776587140406385
17128758,5,0.034044004349723586
17128758,6,0.01639229403811726
17128758,7,0.03379806215412175
17128758,8,-0.004813819264396717
17128890,1,0.007541933416921637
17128890,2,0.030018826127268416
17128890,3,-0.08616165642046991
17128890,4,0.04303205950717559
17128890,5,0.04230842488911167
17128890,6,0.00665791176029823
17128890,7,0.01481671989237654
17128890,8,-0.04914468622116068
17128908,1,-0.06508842009971906
17128908,2,-0.10177950604531572
17128908,3,-0.07166606690230827
17128908,4,-0.144748992987486
17128908,5,0.1113459379320091
17128908,6,0.10727886718403476
17128908,7,0.074406907254650545
17128908,8,-0.017086822441679972
17129087,1,-0.005711340179011511
17129087,2,-0.018970174742400148
17129087,3,-0.026972667079665072
17129087,4,-0.04512475078481287
17129087,5,0.017188613917321793
17129087,6,-0.021072204797618288
17129087,7,0.04763083154551204
17129087,8,0.036810627191779605
17129250,1,-5.168540597336973e-4
17129250,2,-0.030745918632440333
17129250,3,-0.012672158234496633
17129250,4,0.053005443886772925
17129250,5,-0.17346670394750335
17129250,6,-0.05633306247565591
17129250,7,0.023119472918660566
17129250,8,0.03710298897479014
17129645,1,0.011854759117044405
17129645,2,0.05412794398600897
17129645,3,-0.14524078374438476
17129645,4,0.06975258174497645
17129645,5,0.03282210828659393
17129645,6,-0.018816034858445893
17129645,7,0.047762472971293504
17129645,8,0.002896864116382153
17129738,1,-0.11509566537361358
17129738,2,-0.0372013730529772
17129738,3,0.13088792414592593
17129738,4,0.14437930833657173
17129738,5,0.20825164599293855
17129738,6,-0.008539990184746965
17129738,7,-0.027644552771908748
17129738,8,0.024402379056875367
17129935,1,-0.027261208620001552
17129935,2,-0.0013204242830427817
17129935,3,0.02714552148900959
17129935,4,0.013933273919040201
17129935,5,0.005603390111488138
17129935,6,-0.04641498666293735
17129935,7,-0.06386320222236358
17129935,8,0.07574393608505078
17130142,1,0.010775080826629667
17130142,2,0.06261542186009296
17130142,3,-0.1459573167975595
17130142,4,0.07433062696481572
17130142,5,0.03714551796606931
17130142,6,-0.0026201145654830144
17130142,7,0.08457864432433443
17130142,8,0.002579632947849353
17130268,1,-0.0654928144093071
17130268,2,-0.09260496781144882
17130268,3,-0.05749188688724479
17130268,4,-0.14797820502868417
17130268,5,0.09556376109028736
17130268,6,0.11638225704092842
17130268,7,0.08283844763235759
17130268,8,-0.018470827353292807
17130402,1,-0.05922449354859664
17130402,2,-0.09140347479279315
17130402,3,-0.06384313628859441
17130402,4,-0.15657084831501153
17130402,5,0.09985873670310412
17130402,6,0.10577603499615676
17130402,7,0.09158594178916594
17130402,8,0.0030317084984562287
17130409,1,0.16991288619297687
17130409,2,0.043951078131681455
17130409,3,0.03150633314515355
17130409,4,-0.08360542438340421
17130409,5,0.08045754626426052
17130409,6,-0.1346672188781262
17130409,7,0.02047424812116249
17130409,8,-0.23725051234052313
17130657,1,0.16182411343972875
17130657,2,0.11104573415721435
17130657,3,0.09270630604786503
17130657,4,-0.06488325925619828
17130657,5,0.08494675108790349
17130657,6,0.05944613533399482
17130657,7,-0.00870311569849869
17130657,8,0.06189794488072284
17131307,1,-0.12034994351927857
17131307,2,-0.03749072589922222
17131307,3,0.13607205043875994
17131307,4,0.15276978954493223
17131307,5,0.1989229796535712
17131307,6,-0.0036461215677390467
17131307,7,-0.034354037395112266
17131307,8,0.010735992884745143
17131413,1,0.01984182477273878
17131413,2,0.04774029130464887
17131413,3,-0.13812471568271234
17131413,4,0.07469297097157807
17131413,5,0.042082157397863126
17131413,6,-0.021346866146964537
17131413,7,0.06733584332984044
17131413,8,0.01715611086164335
17131416,1,0.0767491627614703
17131416,2,-0.017034696365923592
17131416,3,-0.0040899789198584925
17131416,4,-0.18083623809787192
17131416,5,0.14035739313331017
17131416,6,-0.061809831965897004
17131416,7,0.07068613103657238
17131416,8,-0.25583871111266676
17132490,1,0.01165842143865712
17132490,2,0.0364743110599545
17132490,3,0.019105991307665694
17132490,4,-0.020088376481420433
17132490,5,0.14183250822295676
17132490,6,-0.006635798742455898
17132490,7,-0.004295539042977664
17132490,8,0.029113229399300423
17132608,1,0.16365712646798708
17132608,2,0.09945404905322973
17132608,3,0.09300839384254594
17132608,4,-0.06903639806658865
17132608,5,0.0892681340746462
17132608,6,0.05349213017574092
17132608,7,0.010358303452575705
17132608,8,0.045738600412912764
17132719,1,-0.11155005100337777
17132719,2,-0.04770166667703498
17132719,3,0.12211338072069838
17132719,4,0.1466330370721988
17132719,5,0.2072372606482487
17132719,6,-0.01311580617060057
17132719,7,-0.0010839160918281144
17132719,8,0.012943078467329531
17133009,1,-0.020040415088451554
17133009,2,-0.01417269320866095
17133009,3,-0.014030490265715607
17133009,4,-0.02293531456561682
17133009,5,0.012827652484972744
17133009,6,0.0537736830274604
17133009,7,-0.020694050457996722
17133009,8,-0.021375922540926306
17133322,1,-0.015131141314329988
17133322,2,-0.019146227786543624
17133322,3,-0.035304960370548664
17133322,4,-0.024325569244633315
17133322,5,0.0011603415217622504
17133322,6,-0.020125666443185725
17133322,7,0.04811890057442186
17133322,8,0.0395214636159544
17133436,1,-0.10985858262229622
17133436,2,-0.03856156303413201
17133436,3,0.12881046843123153
17133436,4,0.1537380513318864
17133436,5,0.20028196158349176
17133436,6,-0.014990527569773416
17133436,7,-0.013557662291018456
17133436,8,0.007416011765044367
17133464,1,0.15957231933646268
17133464,2,0.1332082801117178
17133464,3,0.03426585779409148
17133464,4,-0.028567472859559247
17133464,5,0.09971713938265496
17133464,6,0.03782311126649939
17133464,7,0.07448680837271549
17133464,8,0.059242864554839104
17133465,1,0.012412380156660286
17133465,2,0.04247961435850451
17133465,3,0.011616865293779515
17133465,4,-0.016992899382700134
17133465,5,0.11288941094621258
17133465,6,-0.013769465490551224
17133465,7,0.011222946836546836
17133465,8,0.005469419348010834
17133557,1,0.010970323071367768
17133557,2,0.017520207779218935
17133557,3,-0.003393290132509719
17133557,4,0.004208842414079173
17133557,5,-0.020257954491372417
17133557,6,0.031206890305919898
17133557,7,0.03556991244404184
17133557,8,0.011778023472561945
17133617,1,0.01669126954581894
17133617,2,0.05846419451937883
17133617,3,-0.1495547013423033
17133617,4,0.07316915932968102
17133617,5,0.03774217563748819
17133617,6,-0.0097390670693028
17133617,7,0.0738783104419154
17133617,8,0.007054449461909475
17133669,1,0.06863492613593399
17133669,2,0.11479597821498726
17133669,3,0.10818496087426031
17133669,4,-0.03283920490973251
17133669,5,-0.0649527414097573
17133669,6,0.20472512581296132
17133669,7,-0.027770331075527253
17133669,8,0.24538003066978722
17133893,1,0.0010560814928337737
17133893,2,0.028350900055805123
17133893,3,0.004728607049645593
17133893,4,-0.02649642080626552
17133893,5,0.12690049569900105
17133893,6,0.004443315840817992
17133893,7,0.00195969545761492
17133893,8,0.02520549557951612
17134494,1,-0.06434489055982649
17134494,2,-0.09130700251970907
17134494,3,-0.07206376538838317
17134494,4,-0.16747169258949945
17134494,5,0.10251562550057376
17134494,6,0.10486138170883756
17134494,7,0.0637318149380715
17134494,8,-9.829801261350105e-4
17134498,1,0.010472557369186819
17134498,2,0.05611618499963687
17134498,3,-0.14919123843237278
17134498,4,0.07383642949415468
17134498,5,0.0610205111882795
17134498,6,-0.015253363540347188
17134498,7,0.08196946078627676
17134498,8,0.012795510847346507
17134526,1,0.011900109495188986
17134526,2,0.06251228173910166
17134526,3,-0.13823116022523885
17134526,4,0.06520314703515583
17134526,5,0.04812989721963026
17134526,6,-0.013820582804656275
17134526,7,0.07788327780549369
17134526,8,0.00463572658482409
17134538,1,0.01154116463929366
17134538,2,0.054325777626181404
17134538,3,-0.14493039634408658
17134538,4,0.07257582174082548
17134538,5,0.05680890931076736
17134538,6,-0.0032659926181285354
17134538,7,0.06436876254576193
17134538,8,0.01173201607414485
17134766,1,-0.018018223875376077
17134766,2,-0.0027848518706110005
17134766,3,0.017831487850868053
17134766,4,0.014988586555843335
17134766,5,-0.002396748535278771
17134766,6,-0.01018906896432928
17134766,7,-0.016125755506212303
17134766,8,0.004939259045287922
17135337,1,-0.0724300825428124
17135337,2,-0.09746375441150631
17135337,3,-0.06126519432534355
17135337,4,-0.1611959761967496
17135337,5,0.09664303554769545
17135337,6,0.11429531945522943
17135337,7,0.10021846309360118
17135337,8,-0.006665181677791565
17136658,1,-0.1088940675978215
17136658,2,-0.04934509077096247
17136658,3,0.12152194629410083
17136658,4,0.1505687876625474
17136658,5,0.20667705874693149
17136658,6,-0.02568489477905949
17136658,7,-0.023646645861545468
17136658,8,0.015993563193062086
17136860,1,-0.06611161360665146
17136860,2,-0.09608850714883378
17136860,3,-0.0616094548335323
17136860,4,-0.1631774115156427
17136860,5,0.09291050336532822
17136860,6,0.11243460840835882
17136860,7,0.07281418101746015
17136860,8,-0.0031419607548669425
17136863,1,0.014117794442794809
17136863,2,0.06381391271596455
17136863,3,-0.14088335337124822
17136863,4,0.07134030813314995
17136863,5,0.049463047229645916
17136863,6,-0.00467232091792365
17136863,7,0.07923568470208239
17136863,8,0.024446019089063208
17137315,1,0.002673465716024751
17137315,2,0.06645383359098836
17137315,3,-0.13629163092246777
17137315,4,0.06562124258717823
17137315,5,0.03924970167124784
17137315,6,-0.01009260748446877
17137315,7,0.07878294455830105
17137315,8,-1.3433940664760376e-5
17138713,1,0.03575734908439096
17138713,2,0.06809100274134769
17138713,3,0.05957718227975762
17138713,4,0.026065922746499222
17138713,5,0.14947229519783942
17138713,6,-0.005700695429538503
17138713,7,0.02692345524569981
17138713,8,0.040031287136259266
17139200,1,0.15395952429454818
17139200,2,0.05702419468087427
17139200,3,0.0462006715948759
17139200,4,-0.07934536359584829
17139200,5,0.06896561082910731
17139200,6,-0.1292683172431575
17139200,7,0.050937010595237586
17139200,8,-0.29777038348929996
17139672,1,-0.02272493113504572
17139672,2,-0.022703891591684316
17139672,3,-0.02310546367966275
17139672,4,-0.03854874376898333
17139672,5,-0.0035057811001311507
17139672,6,0.012342860601777245
17139672,7,0.038283242803275046
17139672,8,-0.019029981366593403
17139866,1,-0.06509008910979767
17139866,2,-0.10577876320598499
17139866,3,-0.05323925537363986
17139866,4,-0.1633398970545768
17139866,5,0.09571329691387383
17139866,6,0.11834805380577362
17139866,7,0.07183100519106206
17139866,8,-0.02089597028399638
17140023,1,0.15103823453713372
17140023,2,0.10777636259164762
17140023,3,0.08750191974904264
17140023,4,-0.07945946635571202
17140023,5,0.09371428018704014
17140023,6,0.023730349137777003
17140023,7,-0.006520338499904143
17140023,8,0.03679659196577499
17140165,1,-0.02399323248229835
17140165,2,2.1168602478058345e-4
17140165,3,-0.02317846482017434
17140165,4,-0.05365639429704899
17140165,5,0.0014366526609977336
17140165,6,0.022382885151183994
17140165,7,-0.03247676440939325
17140165,8,-0.048765831953164855
17140593,1,0.009661077139730554
17140593,2,0.03710481978610851
17140593,3,0.01001428892871144
17140593,4,-0.015028088371493253
17140593,5,0.12326918017057432
17140593,6,0.007629040405975585
17140593,7,0.003251500578172914
17140593,8,0.031160423299196174
17141339,1,-0.05150613300371845
17141339,2,-0.04447955582450537
17141339,3,-0.04535070316523767
17141339,4,-0.0875193328729267
17141339,5,0.061287769661487135
17141339,6,0.10631752921108745
17141339,7,-0.024311547549587142
17141339,8,0.019694254889250074
17141349,1,0.015775088387391376
17141349,2,0.06492284451183841
17141349,3,-0.12709943374702887
17141349,4,0.06660145858657773
17141349,5,0.033723880885778
17141349,6,-0.024396428753249034
17141349,7,0.0817224909702051
17141349,8,0.005357028068449491
17141389,1,0.1665932864898128
17141389,2,0.10475518305308487
17141389,3,0.10839155136531703
17141389,4,-0.07981644960128297
17141389,5,0.07208540868801767
17141389,6,0.044826005830300344
17141389,7,4.894327656646429e-5
17141389,8,0.03166239551295536
17141482,1,0.01403237622517263
17141482,2,0.07397042886628216
17141482,3,-0.11520912077982082
17141482,4,0.060127238723682155
17141482,5,0.02400989223320525
17141482,6,-0.0025031637571210556
17141482,7,0.06027521935990146
17141482,8,-0.01877037082302961
17141559,1,-0.016252545657758397
17141559,2,-0.007011467123772081
17141559,3,0.01838708320662279
17141559,4,0.02933983611436152
17141559,5,0.019063363002536513
17141559,6,0.003061306634592054
17141559,7,0.006933729864637627
17141559,8,-0.0030908295415952025
17141753,1,0.16768529280212258
17141753,2,0.11616901522470059
17141753,3,0.1116025636973825
17141753,4,-0.08107928934244298
17141753,5,0.08443062911989838
17141753,6,0.0448749018398509
17141753,7,0.01809368928613215
17141753,8,0.04405140858078934
17142108,1,-0.10879612462220034
17142108,2,-0.03979336592608726
17142108,3,0.1297119408967919
17142108,4,0.15382323716912627
17142108,5,0.20225969810693378
17142108,6,-0.03191044208585616
17142108,7,-0.01111518566224018
17142108,8,-0.011932151205766971
17142585,1,0.1499772428457132
17142585,2,0.13180274024996858
17142585,3,0.040892604452792046
17142585,4,-0.0026162400685347796
17142585,5,0.10371426726041368
17142585,6,0.03642381501617401
17142585,7,0.04947102021917593
17142585,8,0.017201154771737524
17142633,1,0.010973126007210806
17142633,2,0.05670469262374593
17142633,3,-0.13130889335959994
17142633,4,0.07157243642857605
17142633,5,0.04399676681193704
17142633,6,-0.01584915797309397
17142633,7,0.07655421433171425
17142633,8,0.031070459971917153
17142671,1,-0.061217842893967735
17142671,2,-0.08567332796206341
17142671,3,-0.06855004294600922
17142671,4,-0.15740072495029117
17142671,5,0.09657814121206157
17142671,6,0.10778246156776601
17142671,7,0.09320550952674536
17142671,8,-0.018197533198776997
17143028,1,0.01585653770562789
17143028,2,0.060665145461254816
17143028,3,-0.12927756272287116
17143028,4,0.07879878510822334
17143028,5,0.041122979663875625
17143028,6,-0.026183456853558922
17143028,7,0.07789784739258603
17143028,8,0.0030694592677484533
17143793,1,-0.003185229663810935
17143793,2,0.03237131727050937
17143793,3,0.010234278097566952
17143793,4,-0.03382828740045929
17143793,5,0.13561828497364617
17143793,6,0.013458937297115123
17143793,7,-6.497812668192833e-4
17143793,8,0.007096962012041313
17143842,1,-0.11769457408859937
17143842,2,-0.043296547201205675
17143842,3,0.12908024947618715
17143842,4,0.13552384297768252
17143842,5,0.20359143868931517
17143842,6,-0.012693209728042817
17143842,7,-0.03224816943580782
17143842,8,0.002845527531369609
17144555,1,0.1690753214768896
17144555,2,0.10083932347965242
17144555,3,0.08263070917756793
17144555,4,-0.06288553068046183
17144555,5,0.09740235494139612
17144555,6,0.03354385959844644
17144555,7,6.937340101014868e-4
17144555,8,0.06383421782156472
17144856,1,-0.004633494351777678
17144856,2,-0.025270848078685397
17144856,3,0.0046255489562301785
17144856,4,0.022099755784859523
17144856,5,0.04475468370066477
17144856,6,0.0016828430155921086
17144856,7,0.013784239681416708
17144856,8,-0.027929820374191058
17145110,1,0.004788313545987814
17145110,2,0.05813619314334716
17145110,3,-0.13747972397347927
17145110,4,0.07588505621133568
17145110,5,0.04535103515929589
17145110,6,-0.019062849469651314
17145110,7,0.0970836527994887
17145110,8,0.039254944788794446
17145314,1,0.0023206532895070145
17145314,2,0.051007684541383616
17145314,3,0.009597938900053315
17145314,4,-0.035787199096265127
17145314,5,0.1278505234602411
17145314,6,0.011573808244155874
17145314,7,-0.012414689504269303
17145314,8,0.03543679521211919
17145351,1,0.06171638214758109
17145351,2,0.10313206028322683
17145351,3,0.10477867844328688
17145351,4,-0.032027924391918546
17145351,5,-0.053336476247773816
17145351,6,0.2030643586167428
17145351,7,-0.038648887847575635
17145351,8,0.2555668113820693
17145419,1,0.16696666691683382
17145419,2,0.10250503198351987
17145419,3,0.09989407217674853
17145419,4,-0.06501847644820245
17145419,5,0.10646077141450816
17145419,6,0.009393488164026763
17145419,7,-0.008511579189803354
17145419,8,0.04642966532461689
17145480,1,0.15960165792652298
17145480,2,0.12369285044605774
17145480,3,0.030156575773292737
17145480,4,-0.012543954918098893
17145480,5,0.09252648620342208
17145480,6,0.039960308910541274
17145480,7,0.008183085223085727
17145480,8,0.05039260182586705
17146898,1,-0.014558957343978718
17146898,2,0.003907238481535132
17146898,3,0.010027329866096352
17146898,4,0.008612270986484354
17146898,5,-0.0065869795900575165
17146898,6,-0.003327275688037848
17146898,7,0.015580436113002312
17146898,8,-0.035560420962222304
17147139,1,-0.01446957845286105
17147139,2,-0.02258660058830503
17147139,3,-0.006861154485616992
17147139,4,-0.014880565003706365
17147139,5,0.03498736019842075
17147139,6,-0.03305718082869701
17147139,7,-0.01850683354159716
17147139,8,0.013028986289835627
17147156,1,0.019343513625937437
17147156,2,0.05911627444629582
17147156,3,-0.13262616637457103
17147156,4,0.06213526595987898
17147156,5,0.04000169447233838
17147156,6,0.013446298435662174
17147156,7,0.06018492412315572
17147156,8,0.00155312931429207
17147306,1,0.002912998992719195
17147306,2,0.060461683277425265
17147306,3,-0.13635503881603606
17147306,4,0.07344182590310766
17147306,5,0.03578735877571467
17147306,6,-0.024259625824417805
17147306,7,0.059582241714008534
17147306,8,0.007351527160883736
17147355,1,0.1661231381524996
17147355,2,0.04049543831124868
17147355,3,0.032448879541508616
17147355,4,-0.08080738129579447
17147355,5,0.06950410819347692
17147355,6,-0.1350938406045138
17147355,7,0.021842011959674532
17147355,8,-0.23628859975435035
17148769,1,-0.057375322828849225
17148769,2,-0.0995611986073315
17148769,3,-0.05567599487849151
17148769,4,-0.14972610418988963
17148769,5,0.08941590614717365
17148769,6,0.10148178579820508
17148769,7,0.09779407995136777
17148769,8,-0.011952127307166494
17149033,1,-0.11711480700235323
17149033,2,-0.036275940179139106
17149033,3,0.1267915079808992
17149033,4,0.14730492925193722
17149033,5,0.2023724415896558
17149033,6,-0.017027883725798568
17149033,7,-0.01449081024707969
17149033,8,0.0015909929274713912
17149300,1,0.005913700897039579
17149300,2,0.06631251223593848
17149300,3,-0.13841884097412058
17149300,4,0.06792899177921867
17149300,5,0.031225366397114165
17149300,6,-0.0047524213041908224
17149300,7,0.06393680980803451
17149300,8,0.02528259932819465
17150676,1,-0.06673462930486693
17150676,2,-0.0843176153510358
17150676,3,-0.062101434613003395
17150676,4,-0.15519600190303504
17150676,5,0.10134959715609987
17150676,6,0.10767156689278004
17150676,7,0.10059431509843152
17150676,8,0.002460949663025598
17151068,1,-0.054859926916726816
17151068,2,-0.09492536644344947
17151068,3,-0.05274934485887101
17151068,4,-0.15668126045048691
17151068,5,0.09605884132538722
17151068,6,0.09027560717864722
17151068,7,0.09061918422773169
17151068,8,0.019996764546841798
17152611,1,0.14941308067704595
17152611,2,0.1278996377366042
17152611,3,0.03631424191540653
17152611,4,-0.014434938108272887
17152611,5,0.10874413545116857
17152611,6,0.016577750621571734
17152611,7,0.021889401202564558
17152611,8,0.00940521369673565
17152633,1,0.0015702143760693461
17152633,2,-0.013175594710333706
17152633,3,0.016890629409760546
17152633,4,0.030589318486731493
17152633,5,0.020893386920919955
17152633,6,0.026939744062040485
17152633,7,-0.003612732274138979
17152633,8,-0.023866252919571597
17152828,1,0.08316898411634432
17152828,2,0.11452646213316635
17152828,3,0.09536932168067198
17152828,4,-0.022968029028269145
17152828,5,-0.08034293903005249
17152828,6,0.2018234005179356
17152828,7,-0.05226462840026909
17152828,8,0.274111530201569
17153549,1,0.008845308924021517
17153549,2,0.056447724550193555
17153549,3,-0.14458635304724712
17153549,4,0.06802440992339683
17153549,5,0.051461360674628386
17153549,6,0.0013264816708110226
17153549,7,0.07002786999588176
17153549,8,0.048141814729537775
17153718,1,-0.03292599528501847
17153718,2,-0.016183846685101803
17153718,3,0.0035810023998270072
17153718,4,0.006656309743991443
17153718,5,0.02305593873276875
17153718,6,-0.06859007659486423
17153718,7,-0.06731843031684794
17153718,8,0.06293031829408953
17153964,1,-0.11181098353611534
17153964,2,-0.03130439633021268
17153964,3,0.13906444455546685
17153964,4,0.1581465422787168
17153964,5,0.2207777443968044
17153964,6,-0.03313388036023987
17153964,7,0.003668310444643404
17153964,8,-0.025531482714682124
17154984,1,0.0072938349953176555
17154984,2,0.06082336717326796
17154984,3,-0.14076651426061512
17154984,4,0.06671220722300647
17154984,5,0.050558423912700344
17154984,6,-0.018400444619957355
17154984,7,0.07179452410578559
17154984,8,-0.006957778302211446
17154992,1,-0.04463129556578725
17154992,2,-0.03022687124594193
17154992,3,0.031983155901791634
17154992,4,0.037090452192810236
17154992,5,0.004279167221881866
17154992,6,-0.06732038323990666
17154992,7,-0.0028785303440700067
17154992,8,-0.039220736155366975
17155383,1,0.16103725251428155
17155383,2,0.05557697591891362
17155383,3,0.044477844008000963
17155383,4,-0.06387828184787321
17155383,5,0.08742101254369919
17155383,6,-0.13497059676148243
17155383,7,0.019325408270873163
17155383,8,-0.28188283913624756
17156061,1,0.15316428015960598
17156061,2,0.11319187728194297
17156061,3,0.09400928417170074
17156061,4,-0.06424251393813817
17156061,5,0.07698697358711734
17156061,6,0.0163368179278587
17156061,7,0.02395314430568162
17156061,8,0.0184792520893279
17156280,1,0.0068988825725190914
17156280,2,0.03301427052060342
17156280,3,0.01468138150212907
17156280,4,-0.02171596450425441
17156280,5,0.08842992350973376
17156280,6,0.006018713506080699
17156280,7,-0.0036718060082028903
17156280,8,2.6389277235204983e-4
17159617,1,-0.07452579784656055
17159617,2,-0.09282217759353152
17159617,3,-0.060391882406974615
17159617,4,-0.15903594439489616
17159617,5,0.10386876701993068
17159617,6,0.1041690116653231
17159617,7,0.061716022061456745
17159617,8,0.002793784933733038
17169522,1,0.01414711321360903
17169522,2,0.023309544403550663
17169522,3,0.03389720552166802
17169522,4,0.0810555639503641
17169522,5,-0.03435144817931374
17169522,6,-0.031766475549096944
17169522,7,0.15905263046502674
17169522,8,0.009582543228139766
17169762,1,0.004732335576216767
17169762,2,0.01162088188268037
17169762,3,-0.04212994456575259
17169762,4,-7.142687466026312e-4
17169762,5,-0.0034079967513999847
17169762,6,-0.007367450908036192
17169762,7,0.01754909864855645
17169762,8,0.03563669919144168
17169979,1,0.012708683273708051
17169979,2,0.01861398361365739
17169979,3,0.03556260410861489
17169979,4,0.07917071820021099
17169979,5,-0.04318847731102844
17169979,6,-0.04480834075146563
17169979,7,0.15293341143522876
17169979,8,0.015221043720469481
17175610,1,-0.018903631852512197
17175610,2,-0.020921434176423268
17175610,3,-0.0207362156467356
17175610,4,-0.05278412634067293
17175610,5,-0.004420878190754487
17175610,6,0.005212682471016613
17175610,7,-0.051109540880644476
17175610,8,-0.016733706939430534
17177470,1,5.850098642336885e-4
17177470,2,0.010554335323016773
17177470,3,0.009567052654742064
17177470,4,0.015655191959712152
17177470,5,0.011454501655632363
17177470,6,0.05414361179596142
17177470,7,-0.03833605250214259
17177470,8,0.04445748651195937
17178230,1,-0.037576227407074864
17178230,2,-0.04781715104102093
17178230,3,-0.006016083587690742
17178230,4,-0.07878484406832005
17178230,5,0.029706560271875907
17178230,6,-0.016436385731745166
17178230,7,0.056640692915405425
17178230,8,0.04012986429025927
17178601,1,0.13989652513079448
17178601,2,-0.099059514712681
17178601,3,0.010738536647386124
17178601,4,0.019416467448219926
17178601,5,0.06951205179458252
17178601,6,0.0088025409734744
17178601,7,0.022535745242073104
17178601,8,-0.015303922897687549
17179031,1,0.010332656908790734
17179031,2,0.032402652355962826
17179031,3,0.010978805118493551
17179031,4,-0.02371968731905658
17179031,5,-0.012944930909507586
17179031,6,-0.04167382860157047
17179031,7,-0.02700701567448422
17179031,8,-0.027536483597716984
17183103,1,0.011434201246129882
17183103,2,0.088656506931572
17183103,3,-0.10296457487910596
17183103,4,0.0663464941336241
17183103,5,0.05897003346013375
17183103,6,0.09972339908636921
17183103,7,-0.057955902291420724
17183103,8,0.024119615938088153
17187637,1,0.004267146920893843
17187637,2,0.013222495855260709
17187637,3,0.009656950865929832
17187637,4,9.714456487275999e-4
17187637,5,-0.004633540447391132
17187637,6,0.0071807427452264755
17187637,7,0.025230631240606875
17187637,8,-0.008775383242986348
17188325,1,-0.0024092125855703075
17188325,2,2.9311491754354524e-4
17188325,3,0.018521970340087943
17188325,4,0.012409628564452008
17188325,5,-8.222144700016352e-4
17188325,6,-0.03461360707058014
17188325,7,0.11859605400951138
17188325,8,0.040020901836639824
17196213,1,0.007142589755078173
17196213,2,0.06329801414183216
17196213,3,-0.11506463029850872
17196213,4,0.05447011869468719
17196213,5,0.027844573980261342
17196213,6,0.030405574871256065
17196213,7,0.038951249099865456
17196213,8,0.0042860344548341905
17196300,1,-0.0047170073134318235
17196300,2,0.012239760282562115
17196300,3,-0.0027025171886738224
17196300,4,-0.03355942776109106
17196300,5,-0.008990548192073948
17196300,6,0.026094383520709925
17196300,7,-0.02543570858518115
17196300,8,0.11981916330905117
17197386,1,0.136575026139795
17197386,2,-0.1505945128188189
17197386,3,-0.009950833314134593
17197386,4,0.08721565243818069
17197386,5,-0.007821000128927792
17197386,6,0.015121654814506306
17197386,7,0.024809283712840857
17197386,8,-0.0375564500858789
17197460,1,0.014838069627445315
17197460,2,-0.0023303488604328308
17197460,3,-0.00868169789865452
17197460,4,-0.016699226236523822
17197460,5,0.006624863280117679
17197460,6,7.894828610917569e-4
17197460,7,-0.03451698060842797
17197460,8,-0.019751593450076224
17197521,1,0.0036699696633036606
17197521,2,-0.024814561088479247
17197521,3,-0.021746151923167034
17197521,4,-0.0040291610097428964
17197521,5,-0.06464111797947142
17197521,6,-0.05870974798768138
17197521,7,-0.006272784757420028
17197521,8,-8.791151755714967e-4
17198802,1,-0.034587432793276106
17198802,2,0.06644016148443657
17198802,3,0.13639911327154275
17198802,4,0.09420881280426753
17198802,5,-0.13819966761772165
17198802,6,0.21651404983893952
17198802,7,0.2070513331343133
17198802,8,-0.16511016047740096
17199044,1,0.02429490113724568
17199044,2,0.0012618650413875297
17199044,3,-7.064337441625245e-4
17199044,4,0.008129363777155887
17199044,5,-0.05236770808477395
17199044,6,-0.16052317657545132
17199044,7,0.04725008231386932
17199044,8,-0.003241316781006588
17199093,1,0.00681009677077137
17199093,2,0.06103468124058188
17199093,3,-0.12438472114576117
17199093,4,0.04764696203917973
17199093,5,0.009208464439284119
17199093,6,0.030332015609346535
17199093,7,0.03467446715613588
17199093,8,-0.027156316578829418
17199548,1,-7.350953905897962e-4
17199548,2,-7.841558158502417e-4
17199548,3,0.020184579985717297
17199548,4,2.7423956392686903e-4
17199548,5,0.01110316345138286
17199548,6,0.0070902703564225305
17199548,7,-0.020562898049337135
17199548,8,-0.07053937680921474
17200646,1,0.13288159397970814
17200646,2,-0.15354902339483137
17200646,3,-0.014474419250136726
17200646,4,0.08417615801887024
17200646,5,-0.011200358831288459
17200646,6,0.031117928472568186
17200646,7,0.029744538857302816
17200646,8,-0.03323676432932306
17200789,1,-0.004773517880900423
17200789,2,-0.015103254810021305
17200789,3,-0.011610840492247379
17200789,4,-0.00390717131468362
17200789,5,-0.07188153494950383
17200789,6,-0.0591100902234039
17200789,7,-0.016265665248751168
17200789,8,0.005957143132953435
17201824,1,0.13519780057504618
17201824,2,-0.14301011674035322
17201824,3,-0.008472624732664262
17201824,4,0.07560103799667324
17201824,5,0.014095700767777176
17201824,6,-0.009402209121393652
17201824,7,0.006661852464034821
17201824,8,0.0015808290583717197
17202602,1,-0.004392190657486291
17202602,2,-0.009276575638732435
17202602,3,0.056149973840750565
17202602,4,-0.0053693612506155635
17202602,5,-0.015353350145488243
17202602,6,-0.06195191783422495
17202602,7,0.18438715017728535
17202602,8,0.08482648748975417
17202794,1,-0.04229602480975662
17202794,2,-0.022660642125529974
17202794,3,0.009442933665383796
17202794,4,-0.0034168798877415815
17202794,5,0.0643181992647998
17202794,6,-0.08303741875402011
17202794,7,-0.05138474318915474
17202794,8,0.10307341006551747
17202942,1,0.0014068637497989536
17202942,2,-0.005038370534107987
17202942,3,-0.017075023868050283
17202942,4,-0.018808784806028434
17202942,5,-0.004954613226849568
17202942,6,-0.008040220082883907
17202942,7,-0.05636039311157204
17202942,8,0.0283549806962853
17203103,1,-0.011250557623334306
17203103,2,-0.013289533498868421
17203103,3,0.041768276557124576
17203103,4,-0.0019067554990400254
17203103,5,0.013239885194345696
17203103,6,-0.0211167972821878
17203103,7,0.12675813748311482
17203103,8,0.07032321278639471
17203532,1,0.00905604936377348
17203532,2,0.0012337150994370801
17203532,3,-0.014803502985517721
17203532,4,-0.14646196072915885
17203532,5,0.028989650793653607
17203532,6,-0.3205428160530882
17203532,7,0.11151277445634458
17203532,8,0.19857926093009007
17203568,1,0.1338884413445489
17203568,2,-0.12888726501389297
17203568,3,0.007570220511299786
17203568,4,0.07497700174454577
17203568,5,0.009013553032662472
17203568,6,0.01085764482606656
17203568,7,0.009905990996025862
17203568,8,-0.014816632538557441
17203762,1,0.13317479767964532
17203762,2,-0.14959709540575916
17203762,3,-0.010451533459921898
17203762,4,0.06530477040832953
17203762,5,0.015724571145121533
17203762,6,0.011245636040071278
17203762,7,0.001920119232288203
17203762,8,-0.01932790870995495
17204454,1,-0.024338220963950333
17204454,2,-0.04330644564536575
17204454,3,-0.03177760693209492
17204454,4,-0.06833781027307716
17204454,5,0.03371547708215839
17204454,6,-0.02448568584678088
17204454,7,0.05207717267424683
17204454,8,0.026224138549438624
17205097,1,-0.0010983811054690725
17205097,2,-0.020448077931017626
17205097,3,0.019193800479975705
17205097,4,0.01281700355204788
17205097,5,0.024162626192501896
17205097,6,-0.02215743397868043
17205097,7,-0.0020321142049581228
17205097,8,-0.01277361387980556
17205814,1,0.010292678291282909
17205814,2,-0.002838517260382678
17205814,3,-0.005263238221176074
17205814,4,-0.007832959631844461
17205814,5,0.012441987772958138
17205814,6,0.0243162671835093
17205814,7,0.0056946091546608
17205814,8,0.03717247625084074
17206294,1,0.006727879938279989
17206294,2,-9.582340625009364e-4
17206294,3,-0.013989495172761546
17206294,4,-0.1454084188563494
17206294,5,0.0069228126996790885
17206294,6,-0.29006307744923504
17206294,7,0.11122909041224008
17206294,8,0.2038124320349361
17207798,1,-0.024279473886815832
17207798,2,-0.004969080577121552
17207798,3,0.06495494244804119
17207798,4,0.0038448669436832263
17207798,5,-0.011796264819189625
17207798,6,-0.01737288533311237
17207798,7,0.15274784417295723
17207798,8,0.09635001953188345
17208210,1,3.777724147202225e-4
17208210,2,0.090710424619303065
17208210,3,-0.11510695634082627
17208210,4,0.06800832482262768
17208210,5,0.055660802224644944
17208210,6,0.08775713900030993
17208210,7,-0.06628125225535353
17208210,8,0.016023803708662146
17208423,1,0.12637645125139965
17208423,2,-0.16929395024250432
17208423,3,-0.013167942177847605
17208423,4,0.05779760418294418
17208423,5,0.004764553932290614
17208423,6,0.06529278717429395
17208423,7,0.0034584020793337208
17208423,8,0.053966719348614745
17208726,1,0.0019831878116989402
17208726,2,-0.007252788460617587
17208726,3,-0.004843529007451661
17208726,4,0.010817631750740419
17208726,5,-0.0029379009668717205
17208726,6,-0.038874564090021366
17208726,7,0.11480574149523974
17208726,8,0.050857153176704424
17210318,1,0.0075673122973811124
17210318,2,-0.013889619062832615
17210318,3,0.03088291959129633
17210318,4,0.005034068348404825
17210318,5,0.0036817952637858043
17210318,6,-0.03956539710679586
17210318,7,0.11817024981539409
17210318,8,0.07975374534651375
17211075,1,-0.016312146691371508
17211075,2,-0.012375670916935037
17211075,3,0.05237196937267509
17211075,4,-0.013993307432776478
17211075,5,-0.04677848483060796
17211075,6,-0.051967614443518176
17211075,7,0.13362182719198915
17211075,8,0.08520133801498209
17211440,1,0.021831383010532196
17211440,2,0.003474273787774442
17211440,3,0.006707501063243707
17211440,4,-0.002570207518667905
17211440,5,-0.06335354180300923
17211440,6,-0.1529488311704398
17211440,7,0.01566588638485417
17211440,8,-0.011026299136339403
17212553,1,4.5911209217122727e-4
17212553,2,-0.006406577754796028
17212553,3,-0.010522207692206034
17212553,4,-0.012734712969373247
17212553,5,-0.021610211386337303
17212553,6,-0.008407430349009244
17212553,7,-0.052769214343228635
17212553,8,0.006257109877872071
17213298,1,0.138306252854517
17213298,2,-0.15510537908284794
17213298,3,-0.007484969254098766
17213298,4,0.08711203012426928
17213298,5,-0.006289972756910477
17213298,6,0.004850442307307756
17213298,7,0.03816459678134352
17213298,8,0.003770300268109355
17214005,1,0.016882983902929197
17214005,2,0.03910243383565803
17214005,3,-0.08336290932181763
17214005,4,0.02798360122520821
17214005,5,0.04280504165739764
17214005,6,0.018895582018860643
17214005,7,-0.029136491321229474
17214005,8,-0.015129914047771323
17214110,1,0.13391734645825848
17214110,2,-0.16191120771387896
17214110,3,-0.011471084521232564
17214110,4,0.0809515864498863
17214110,5,4.430034166794817e-4
17214110,6,0.011595373795284044
17214110,7,-1.8619831519724878e-4
17214110,8,-0.01733192741263616
17216536,1,0.13327669444518028
17216536,2,-0.15854654219226585
17216536,3,-0.018793090841622565
17216536,4,0.0810376810968197
17216536,5,0.01028589592891578
17216536,6,0.025133670723668775
17216536,7,0.011763373482784747
17216536,8,0.006589372071594512
17217025,1,0.006531121642335794
17217025,2,0.07844150585028813
17217025,3,-0.10437843422008394
17217025,4,0.07644103547907619
17217025,5,0.03961104484351309
17217025,6,0.07881519535383703
17217025,7,-0.04802318914376701
17217025,8,-0.0051634902354567875
17217247,1,0.010891934495422202
17217247,2,0.063593876857645
17217247,3,-0.12104187829925789
17217247,4,0.05986279436961155
17217247,5,0.023239523879723153
17217247,6,0.015060867335530664
17217247,7,0.008622812666321993
17217247,8,-0.015352741724458318
17217285,1,0.0024908844430902885
17217285,2,0.021220348994770905
17217285,3,0.016524079033120736
17217285,4,0.009454811466444706
17217285,5,0.010667468433023658
17217285,6,0.07287418500033323
17217285,7,-0.07417512767277955
17217285,8,0.018277617289232943
17217317,1,0.008557974263244004
17217317,2,0.08863100402532495
17217317,3,-0.1041389594744717
17217317,4,0.07901692926619482
17217317,5,0.056211850148802596
17217317,6,0.10614855551709104
17217317,7,-0.0648258519620379
17217317,8,-0.022997304269176493
17217989,1,0.008973072646913452
17217989,2,0.041276891104488185
17217989,3,-0.07033580993912093
17217989,4,0.04035688764937851
17217989,5,0.027967110419967908
17217989,6,0.021163316251478853
17217989,7,0.02877790476354214
17217989,8,-0.02039123290290496
17219250,1,0.12996644146602418
17219250,2,-0.16216204094308356
17219250,3,-0.01676400945047184
17219250,4,0.09092073668622974
17219250,5,0.003696911657680844
17219250,6,0.03353010344387932
17219250,7,0.024984322293733943
17219250,8,-0.007611654409671214
17219356,1,0.007027243929360296
17219356,2,0.08828318580021424
17219356,3,-0.09923075503692101
17219356,4,0.0789753801371248
17219356,5,0.056303620156643114
17219356,6,0.0880815337176852
17219356,7,-0.05225116413415397
17219356,8,0.0035025198744851054
17220001,1,-0.019907030075178526
17220001,2,0.0031972836969130737
17220001,3,0.05477181014336818
17220001,4,0.01913993983902975
17220001,5,-0.022463447063564203
17220001,6,-0.0733075735034223
17220001,7,0.16840870710254877
17220001,8,0.058352011285609136
17220813,1,0.12915650693410677
17220813,2,-0.1563399479188838
17220813,3,-0.017496194505938024
17220813,4,0.08898267764512086
17220813,5,-0.009751167218034266
17220813,6,-5.334072003608612e-4
17220813,7,0.00895669654998528
17220813,8,-0.023180332562089963
17220864,1,-0.0024051284396999517
17220864,2,0.014627307599214014
17220864,3,0.005112149191548832
17220864,4,0.011627414395963893
17220864,5,0.01917256618273684
17220864,6,0.06894718385618188
17220864,7,-0.09570264643557513
17220864,8,0.005530198898591737
17221208,1,0.13706164950109095
17221208,2,-0.1480010918423588
17221208,3,-0.02105995893428163
17221208,4,0.10875225452487251
17221208,5,-0.003691248772642292
17221208,6,-0.0014613195395162025
17221208,7,0.011968213917410963
17221208,8,0.010728322354428664
17221495,1,-0.03401492811385792
17221495,2,0.06337061973192266
17221495,3,0.13788696727464234
17221495,4,0.10352272909092732
17221495,5,-0.1264004566372493
17221495,6,0.2171576299620325
17221495,7,0.2270353712562902
17221495,8,-0.17995388368849757
17221812,1,-0.01541348450853742
17221812,2,-0.0055776023086796835
17221812,3,0.050688522970370256
17221812,4,-0.0014960588541466752
17221812,5,-0.012836512332144794
17221812,6,-0.05663913097247382
17221812,7,0.16318934684831898
17221812,8,0.08911059412403478
17222785,1,-0.019444517921848932
17222785,2,0.005561016965298409
17222785,3,0.06884197384382902
17222785,4,0.009512508284536108
17222785,5,-0.014710705886105575
17222785,6,-0.06339170526946335
17222785,7,0.16923372730836475
17222785,8,0.09387973110616947
17222894,1,0.003293933618266328
17222894,2,-0.005821583927841987
17222894,3,-0.016557099271443523
17222894,4,-0.017334679949034162
17222894,5,-0.004653852452618013
17222894,6,-0.02226615528035039
17222894,7,-0.02637356514662019
17222894,8,0.009239764017122504
17222934,1,0.001364974432544791
17222934,2,-0.006190618021848377
17222934,3,0.0015532708436377983
17222934,4,-0.008433615502037304
17222934,5,-0.001446568256748155
17222934,6,-0.01674773278223175
17222934,7,-0.05561890871823092
17222934,8,9.634228550590877e-4
17222962,1,-0.010121634517161257
17222962,2,0.010553116598482421
17222962,3,0.06710813291689482
17222962,4,0.03272481962628794
17222962,5,-0.010967853618143312
17222962,6,-0.0434918869629983
17222962,7,0.20104194172253212
17222962,8,0.047275789897097964
17223264,1,0.13558703183361623
17223264,2,-0.15898367165882682
17223264,3,-0.04216161584266431
17223264,4,0.041069077877217
17223264,5,-0.0014018959469093688
17223264,6,0.04501848016100278
17223264,7,7.445474474725816e-4
17223264,8,0.08534147517882204
17223271,1,0.1315465152492705
17223271,2,-0.16004631608396366
17223271,3,-0.03147290318074596
17223271,4,0.054898578087325796
17223271,5,0.014628275807345936
17223271,6,0.04575091816287422
17223271,7,0.016303824160376647
17223271,8,0.09258551293373236
17223534,1,0.0033038781324683073
17223534,2,0.08928155346803092
17223534,3,-0.10089152365645983
17223534,4,0.07861101755921496
17223534,5,0.04655937315432821
17223534,6,0.09413284775566232
17223534,7,-0.081288286008996
17223534,8,-0.028744382289095868
17223562,1,0.1314274691057091
17223562,2,-0.14797366782840154
17223562,3,-0.014003511060200173
17223562,4,0.05684667488650675
17223562,5,0.011753388439867687
17223562,6,0.06601826673057012
17223562,7,0.015819764070010196
17223562,8,0.06489698265619717
17223938,1,-0.03104256696739655
17223938,2,-0.004421663981542836
17223938,3,0.06790599311184631
17223938,4,0.03824382504585494
17223938,5,-0.0149192778940171
17223938,6,-0.07219637672570467
17223938,7,0.20017091495036496
17223938,8,0.057027506184660286
17224026,1,0.13075046663934403
17224026,2,-0.1648221697630719
17224026,3,-0.02991646552716349
17224026,4,0.0611767425475974
17224026,5,0.024433927676674152
17224026,6,0.05129095698650048
17224026,7,0.011953361542356121
17224026,8,0.056075694650056906
17224038,1,0.00870920256510713
17224038,2,0.004876141785623608
17224038,3,0.048649809801003134
17224038,4,0.020747227549546728
17224038,5,-0.005387382858919391
17224038,6,-0.038096902654407294
17224038,7,0.1503341674496001
17224038,8,0.055958836209573745
17224283,1,0.008138021215649585
17224283,2,-0.014036098372083562
17224283,3,-0.017291937138991197
17224283,4,-0.015219436716518963
17224283,5,0.00601008116404287
17224283,6,-0.017920053081002436
17224283,7,-0.04735448049712701
17224283,8,-0.012047464841320436
17224285,1,0.1379800505345852
17224285,2,-0.1577876173249138
17224285,3,-0.012470558758180959
17224285,4,0.060053129318332184
17224285,5,0.02070302918359397
17224285,6,0.04894025657194945
17224285,7,-0.003789000485918689
17224285,8,0.04670035487113876
17224424,1,0.022074260837796237
17224424,2,0.008062947068449868
17224424,3,-0.009839932706014463
17224424,4,-0.03014219779249149
17224424,5,0.009887543343100916
17224424,6,-0.004041324763569163
17224424,7,-0.13177087313783215
17224424,8,-0.038987935065122874
17224430,1,0.1352293205328959
17224430,2,-0.16861627324283063
17224430,3,-0.010399692404179211
17224430,4,0.05689974422919338
17224430,5,0.006736601116533061
17224430,6,0.042239270314238075
17224430,7,0.01566565141550663
17224430,8,0.04814736183571996
17224544,1,0.1327178531663076
17224544,2,-0.1713579292706225
17224544,3,-0.030481714916482164
17224544,4,0.0573883465715122
17224544,5,0.017243167346358643
17224544,6,0.051100212724395876
17224544,7,-0.00986159416532833
17224544,8,0.06699813150490998
17224835,1,-0.046844946971517615
17224835,2,0.06240888192362323
17224835,3,0.14553881859713563
17224835,4,0.07717772066773543
17224835,5,-0.1353828663977277
17224835,6,0.2249136605951562
17224835,7,0.2125610272130326
17224835,8,-0.16472298582157996
17225319,1,0.011571895810755777
17225319,2,-0.011951855103847747
17225319,3,0.04624686274665436
17225319,4,0.00790208215770424
17225319,5,-0.0023965417655619063
17225319,6,-0.04188903271676155
17225319,7,0.16084877879758155
17225319,8,0.061962816415122246
17225629,1,-0.02317425088618537
17225629,2,-4.134534729882591e-5
17225629,3,0.019669093812549672
17225629,4,0.015920023930873873
17225629,5,0.020674112359408966
17225629,6,-0.06253967192335591
17225629,7,-0.04771176931195806
17225629,8,0.05851937868772021
17225692,1,-0.039010372589966036
17225692,2,0.06405277239813026
17225692,3,0.15279415318589437
17225692,4,0.09618438698186534
17225692,5,-0.11845259294467415
17225692,6,0.22334104611917394
17225692,7,0.21149665769469883
17225692,8,-0.1908288751502287
17225773,1,-2.0591972430386648e-5
17225773,2,-0.009625826950366161
17225773,3,-0.005671546420383412
17225773,4,-0.034826722907640204
17225773,5,0.013624023213785596
17225773,6,0.0358743406598947
17225773,7,-0.014094688612189628
17225773,8,0.07981601407949954
17225903,1,0.010484177650741996
17225903,2,0.0017709568671522079
17225903,3,0.043314444805338054
17225903,4,0.020525387580516866
17225903,5,-0.0057053037124259924
17225903,6,-0.033570397901693354
17225903,7,0.15108413321247938
17225903,8,0.08303099534208006
17226065,1,0.003599544473403747
17226065,2,-0.0070767481870951865
17226065,3,0.034378151278227194
17226065,4,0.020603410199656693
17226065,5,-0.007984153894182113
17226065,6,-0.05016922212747283
17226065,7,0.12339149039873382
17226065,8,0.05312077422415217
17226076,1,-0.002007157568611158
17226076,2,0.009547221610079207
17226076,3,0.006627098663111364
17226076,4,0.0033935606037359635
17226076,5,0.006221753838397059
17226076,6,0.01822933663498223
17226076,7,-0.005885909040406391
17226076,8,-0.03883994555116108
17226822,1,0.005576252863557694
17226822,2,0.007418118303395108
17226822,3,0.022259463624366736
17226822,4,0.01439172296599379
17226822,5,0.004295322544482898
17226822,6,-0.014310125870693215
17226822,7,0.058976103227063786
17226822,8,0.012216633093945883
17226906,1,0.006567029856030443
17226906,2,0.0127203714282135
17226906,3,0.015226685937483291
17226906,4,0.026057377346236695
17226906,5,0.007412800331679773
17226906,6,-0.024585760169413277
17226906,7,0.07857233117950053
17226906,8,-0.004191416428027988
17226948,1,0.012233252589882192
17226948,2,0.08565160100615717
17226948,3,-0.11096604736324701
17226948,4,0.07909779553308517
17226948,5,0.03799939411350924
17226948,6,0.09255308902754415
17226948,7,-0.06796027804917083
17226948,8,0.0126241773805182
17227182,1,0.006118841960313931
17227182,2,0.013861271725538677
17227182,3,0.013268517666534302
17227182,4,0.025403818943051295
17227182,5,0.023195984164053798
17227182,6,-0.01445551751267359
17227182,7,0.04983162676494994
17227182,8,0.005285948371092077
