SNP_ID,PC,loading
16849105,1,-0.08685049092490515
16849535,1,-0.07472940040451928
16849573,1,-0.06902155714789389
16849681,1,-0.08787174352663964
16849725,1,-0.08738985529684477
16849843,1,-0.08985788583001775
16849971,1,-0.08621731064899653
16850089,1,-0.08707425954520392
16850115,1,-0.08448177652305817
16850164,1,-0.08760106835167528
16850281,1,-0.08778910656135319
16850297,1,-0.08622518608188036
16850437,1,-0.08919882390333599
16850463,1,-0.08313884118568919
16850671,1,-0.08746618182857664
16850676,1,-0.09153727354016214
16850744,1,-0.08687414972306663
16851053,1,-0.08732833850441318
16851088,1,-0.08726612264564887
16851108,1,-0.08788456214965869
16851125,1,-0.08629223549243818
16851141,1,0.0334090095039248
16851225,1,-0.09387404452000152
16851356,1,-0.0893235311510467
16851640,1,-0.08605410119909897
16851673,1,-0.08883687797002725
16851819,1,-0.08481173864117096
16851822,1,-0.0873041410785416
16851899,1,-0.08722925845228448
16852303,1,-0.08529384524421836
16852312,1,-0.0870033943489954
16852652,1,-0.08102691863099364
16852683,1,-0.09168238428663415
16852820,1,-0.08499598263208487
16852835,1,-0.08694572568905076
16852914,1,-0.08335929301679389
16853019,1,-0.089417701531734
16853055,1,-0.08720167196666984
16853071,1,-0.08573118603016011
16853122,1,-0.089829074440617
16853178,1,-0.08680518253818711
16853218,1,-0.0863725259018097
16853231,1,-0.08808116523546804
16853232,1,-0.0856421797539948
16853399,1,-0.092762150102727
16853425,1,-0.0836765276621094
16853625,1,-0.08445892273192866
16853948,1,-0.09140879792293861
16854064,1,-0.08806262165319681
16854330,1,-0.08481244348746161
16854396,1,-0.09018605654532806
16854435,1,-0.08699844950050199
16854448,1,-0.08482722739030245
16854565,1,-0.08603077668058588
16854643,1,-0.08569774195489642
16854652,1,-0.0900556506582532
16854792,1,-0.08920590637130475
16854831,1,-0.08955179028366816
16854859,1,-0.08610187063952919
16855160,1,-0.08781348936396527
16855274,1,-0.08858364129736221
16855350,1,0.027183597147740164
16855476,1,-0.08835097091791151
16855563,1,-0.08724248346589493
16855618,1,-0.085656147148565
16855677,1,-0.08702309603618044
16855731,1,-0.08671725429375919
16855764,1,-0.08952992332511699
16855904,1,-0.08193457491901524
16856181,1,-0.08721583443937346
16856188,1,-0.09014968660475361
16856465,1,-0.08193382911247139
16856544,1,-0.0836313644022864
16856672,1,-0.08863561534685196
16856803,1,-0.0882879709597059
16856809,1,-0.016611954176302318
16856878,1,-0.08672839677309419
16856915,1,-0.0844939712559893
16857015,1,-0.08642569289444617
16857035,1,-0.08767887931183892
16857041,1,-0.07971564503308425
16857140,1,-0.08534438143615099
16857165,1,-0.08703982987769
16857414,1,-0.08828207130899904
16857418,1,-0.08310626717841771
16857422,1,-0.08819441780010336
16857510,1,-0.08976007669323526
16857983,1,-0.08156152472449718
16858076,1,-0.0857375805752566
16858191,1,-0.08990887485107998
16858219,1,-0.08569652443511622
16858364,1,-0.08711592944502294
16858472,1,-0.08620425198921094
16858684,1,-0.08734397127582785
16858723,1,-0.08800754892423304
16858843,1,-0.08689870701953205
16858863,1,-0.0849629066987724
16858968,1,-0.08598712203657283
16859182,1,-0.0874759122471558
16859366,1,-0.08734512233059691
16859587,1,-0.08778648918252781
16859704,1,-0.08448109147067887
16860036,1,-0.0837054320570333
16860066,1,-0.08708936456786581
16860139,1,-0.08837576226932313
16860258,1,-0.08064485658442327
16860336,1,-0.08561237154095529
16860360,1,-0.08726520798867186
16860413,1,-0.08922277254036609
16860442,1,-0.08369351616111428
16860496,1,-0.08545749468456616
16860617,1,-0.08640751306865706
16860752,1,-0.015276856384838612
16860767,1,-0.09003784409922969
16860813,1,-0.08821139169350764
16860967,1,-0.08397079531582155
16860985,1,-0.08663152095188523
16861056,1,-0.08244118290311718
16861182,1,-0.08863148359144218
16861293,1,-0.08580192356012888
16861577,1,-0.08786814036384183
16861592,1,-0.08615557647521557
16861595,1,-0.08902868653501587
16861599,1,-0.08539897181101995
16861786,1,-0.09125696652144633
16861919,1,-0.08285776986024068
16861975,1,-0.09335741709639635
16862057,1,-0.08597316860920716
16862213,1,-0.08387811957256996
16862282,1,-0.08738604112088065
16862531,1,-0.08996230193702327
16862729,1,-0.08360959619128996
16863070,1,-0.0878732475244553
16863454,1,-0.0747494306601927
16864090,1,-0.08703300739459553
16865510,1,-0.08499285644571197
16866339,1,-0.08748967724784881
