SNP_ID,PC,loading
17055074,1,-5.914256640260215e-4
17055074,2,0.002312823815747831
17055074,3,-0.02367055192827602
17055074,4,-0.024228687528486417
17055074,5,0.07990006279262973
17055074,6,-0.2894496685061375
17055074,7,0.011408464672371261
17055458,1,-0.00479458838338359
17055458,2,0.00860937949550066
17055458,3,-0.014692559047982962
17055458,4,-0.016438642718077046
17055458,5,0.08093226615060463
17055458,6,-0.26868169515759144
17055458,7,0.03552773937549676
17055569,1,0.016231818353739116
17055569,2,0.006938294957267134
17055569,3,-0.039775604109559486
17055569,4,-0.03358323747574443
17055569,5,-0.048904863608207144
17055569,6,0.008036897699662744
17055569,7,-0.05056801552824245
17055818,1,0.021460983576750154
17055818,2,0.004631807268582163
17055818,3,-0.044180394990183364
17055818,4,-0.028205066876778137
17055818,5,-0.03985806343982076
17055818,6,0.010347743890387033
17055818,7,-0.01873671615965937
17055978,1,-0.018268584933171014
17055978,2,-8.121296236183854e-4
17055978,3,0.029892285477472892
17055978,4,0.025864611740109643
17055978,5,0.0387242455498254
17055978,6,0.03243267134357409
17055978,7,-0.22555707081823845
17055984,1,-0.0021002479797364378
17055984,2,0.014016205063313972
17055984,3,-0.02499309609961556
17055984,4,-0.030216104676675966
17055984,5,0.07189273890254332
17055984,6,-0.2959730167627812
17055984,7,0.03925796995769233
17056298,1,0.020850451451794618
17056298,2,0.01750539822179922
17056298,3,-0.043564111793682
17056298,4,-0.032261391579065234
17056298,5,-0.04315154789893969
17056298,6,-0.003593841645838759
17056298,7,-0.034995781696669344
17056415,1,0.013634176172391722
17056415,2,0.01170625942829071
17056415,3,-0.040861486496000084
17056415,4,-0.03431968230356264
17056415,5,-0.043990088825308346
17056415,6,-0.009583648673941307
17056415,7,-0.029847106704131366
17057597,1,0.00589531222267861
17057597,2,0.007524894497893768
17057597,3,-0.011585311050629373
17057597,4,-0.03224850411519191
17057597,5,0.06807282004748841
17057597,6,-0.2696162328360592
17057597,7,0.028024663190391725
17058482,1,-0.0010360895543979809
17058482,2,0.0059834941865287575
17058482,3,-0.006576008898307128
17058482,4,-0.022812735610332386
17058482,5,0.061765088682684974
17058482,6,-0.26971955430462663
17058482,7,0.05710673198580119
17058616,1,-0.020283276324044253
17058616,2,-0.0017183091460281593
17058616,3,0.021632722102821616
17058616,4,0.008918876911218862
17058616,5,0.02337624951640022
17058616,6,0.043681350208866994
17058616,7,-0.21727744054743392
17059916,1,-0.019561903900695662
17059916,2,-0.007027655977304733
17059916,3,0.033927643261555285
17059916,4,0.015179592638326394
17059916,5,0.027446910222325125
17059916,6,0.04566846621367051
17059916,7,-0.21834976631114952
17060166,1,0.0021800887707163594
17060166,2,0.0027491338501506152
17060166,3,-0.024594111288800694
17060166,4,-0.024543761472368544
17060166,5,0.060885112577959005
17060166,6,-0.2725416826809364
17060166,7,0.027429706337672215
17060419,1,-0.018146722309319577
17060419,2,0.00749600697607927
17060419,3,0.025393909938691443
17060419,4,0.010388279136926224
17060419,5,0.03516218254164431
17060419,6,0.04329745377247689
17060419,7,-0.23021114554191563
17060707,1,-0.01533792830399984
17060707,2,-0.051134809205102126
17060707,3,0.03280005299749447
17060707,4,0.06947225366358187
17060707,5,0.033626411700607636
17060707,6,0.0412570875682634
17060707,7,0.14536378756313087
17061093,1,-0.01458615835649299
17061093,2,-0.00759667144816244
17061093,3,0.023204753447345915
17061093,4,0.017292254328484153
17061093,5,0.028657443865198917
17061093,6,0.02522450039604872
17061093,7,-0.2252741215945436
17061305,1,-0.01093833047407572
17061305,2,-0.06600504206697298
17061305,3,0.037939990460843336
17061305,4,0.07517440741890019
17061305,5,0.04480963998288207
17061305,6,0.039054950809154214
17061305,7,0.1413145944381352
17063176,1,-0.012841502618631748
17063176,2,-0.04482225250801156
17063176,3,0.03313481848897904
17063176,4,0.06018282645158596
17063176,5,0.046818967699553085
17063176,6,0.04062192673674556
17063176,7,0.16313741732537757
17063530,1,-0.012909861463770241
17063530,2,-0.057281599343991914
17063530,3,0.026955917225813263
17063530,4,0.060496445176989246
17063530,5,0.052194979352461736
17063530,6,0.03338540600347762
17063530,7,0.1475166067203783
17064010,1,-0.0038847483802794936
17064010,2,-0.003571480799483349
17064010,3,-0.007908444601980051
17064010,4,-0.027998965095510156
17064010,5,0.06973263428807575
17064010,6,-0.25114560793789525
17064010,7,0.02432850321871628
17064885,1,-0.019517182301507605
17064885,2,0.005653771558017167
17064885,3,0.019892699407867136
17064885,4,0.023577518584993726
17064885,5,0.030455114530758422
17064885,6,0.04314550648199994
17064885,7,-0.22528198547658904
17065079,1,0.003655694739574419
17065079,2,0.003624618640008058
17065079,3,-0.017766287141529332
17065079,4,-0.03513899678003841
17065079,5,0.06499853830906309
17065079,6,-0.2596143955071633
17065079,7,0.04039523767605414
17066034,1,-0.019189843597937104
17066034,2,6.410987950067468e-4
17066034,3,0.02282747374500411
17066034,4,0.01972181232648581
17066034,5,0.03057946633844922
17066034,6,0.026232034432441348
17066034,7,-0.21141742307030403
17066400,1,0.018036992795491064
17066400,2,0.006614123171490932
17066400,3,-0.026139879307331023
17066400,4,-0.020226274118270802
17066400,5,-0.040041430142749586
17066400,6,0.013661873605710658
17066400,7,-0.04149500245796856
17066493,1,-0.02974060272798453
17066493,2,0.025675563326968708
17066493,3,-0.004637760541703253
17066493,4,-0.01713617774039382
17066493,5,0.10964812042503358
17066493,6,-0.2302080223178552
17066493,7,-0.1708762270764445
17066622,1,-0.012685038027059807
17066622,2,-0.04023338844754902
17066622,3,-0.02607770512216777
17066622,4,0.00990432715324217
17066622,5,0.011670743145110641
17066622,6,0.03790034422265981
17066622,7,0.08804166778906795
17066700,1,-0.00609827826012963
17066700,2,0.007550554510172215
17066700,3,-0.017339422927207554
17066700,4,-0.02673448545936495
17066700,5,0.07918338334200185
17066700,6,-0.2734057364313572
17066700,7,0.034646777612658906
17066768,1,-0.013292545849561086
17066768,2,0.004484920802388911
17066768,3,0.021373600414937667
17066768,4,0.02761120943627933
17066768,5,0.02194120419154714
17066768,6,0.043255084953843725
17066768,7,-0.24196989373446143
17068748,1,-0.017926869470376493
17068748,2,-0.04108702704863437
17068748,3,-0.03491872615864444
17068748,4,0.012207100875672018
17068748,5,0.004446641002341964
17068748,6,0.04635395698227187
17068748,7,0.09997273736169408
17070109,1,-0.008176448824720363
17070109,2,-0.035652498783809064
17070109,3,-0.013913398586857844
17070109,4,-0.006391814592407797
17070109,5,0.019004767696917092
17070109,6,-0.013312853168163977
17070109,7,-0.02276688111513764
17070407,1,-0.01866652009417357
17070407,2,-0.041524853088361985
17070407,3,-0.03075601937131862
17070407,4,0.023360032750320527
17070407,5,0.008268244384964487
17070407,6,0.045456265447307354
17070407,7,0.11448849719286915
17070764,1,-8.569886992049176e-4
17070764,2,-0.03371048202582957
17070764,3,0.07266755264444569
17070764,4,0.0029076914158994646
17070764,5,0.007088394242908165
17070764,6,0.01064384013335546
17070764,7,0.03842221206075304
17071513,1,-0.00725979306619213
17071513,2,-0.01545955567039843
17071513,3,0.0735077805907745
17071513,4,-0.002084736622887576
17071513,5,0.007126139139302667
17071513,6,0.018762490466648508
17071513,7,0.03072781645434941
17073119,1,-0.0016327257288940007
17073119,2,-0.018786146685916046
17073119,3,0.008571297068080044
17073119,4,-0.005838341347540013
17073119,5,-0.018973081783667946
17073119,6,-0.021029734725151
17073119,7,-0.023163834427301994
17074090,1,0.003040860702427411
17074090,2,-0.004715430081840397
17074090,3,0.018406187897283967
17074090,4,-0.0014829475692593407
17074090,5,-0.007436531299597245
17074090,6,-0.0030501137313223474
17074090,7,-0.038826474550564434
17075467,1,-0.029500254234961117
17075467,2,-0.050837992846402766
17075467,3,-0.032429660272624575
17075467,4,0.02282626410579146
17075467,5,0.006834008757146625
17075467,6,0.04988249676766389
17075467,7,0.1082334138799392
17076273,1,0.014891587542114953
17076273,2,0.014614698094452495
17076273,3,-0.04977478350697749
17076273,4,0.03776790400289459
17076273,5,-0.07195933375509043
17076273,6,0.06606310561250361
17076273,7,-0.0019403930518056111
17076878,1,0.007988445176032189
17076878,2,-0.011424692838639257
17076878,3,0.019761432925796317
17076878,4,-0.059473327532555485
17076878,5,0.05335722917086615
17076878,6,-0.2097955615187191
17076878,7,0.0024871485590593216
17077901,1,0.09235063965835763
17077901,2,-0.05636389207876107
17077901,3,-0.002135990145788315
17077901,4,0.018937174681917024
17077901,5,-0.15601990622348247
17077901,6,-0.05210791370695397
17077901,7,-1.0158157116954225e-4
17077949,1,-0.011506770241415864
17077949,2,0.03350506795878489
17077949,3,-0.01087669432857175
17077949,4,-0.04828193497934647
17077949,5,0.00835935506034323
17077949,6,0.0035767145317747366
17077949,7,-0.10755269125043304
17078105,1,0.08610167699744081
17078105,2,-0.060843295888816644
17078105,3,0.017620034632773552
17078105,4,0.02462421201151508
17078105,5,-0.17335782611551137
17078105,6,-0.03287123302047661
17078105,7,-0.03917781439104193
17078853,1,-0.01949298295208401
17078853,2,-0.03877670541418094
17078853,3,-0.04329011567529922
17078853,4,0.025347322953309086
17078853,5,-0.005023904181979497
17078853,6,0.04497431994421485
17078853,7,0.12369677475641035
17079196,1,-0.01890319593546787
17079196,2,-0.04283814537770618
17079196,3,-0.043971643005267846
17079196,4,0.021687931869998282
17079196,5,-0.01186015496091498
17079196,6,0.044210499453495006
17079196,7,0.1120305221026909
17079417,1,-3.6861510361740674e-5
17079417,2,0.0327774463375993
17079417,3,-0.03757542504287402
17079417,4,-0.03980113489329944
17079417,5,0.024704086427999317
17079417,6,-0.006922056427861044
17079417,7,-0.10653054018511578
17079469,1,0.004552800396382844
17079469,2,-0.0158714087939984
17079469,3,0.05753157718021716
17079469,4,0.0431872760114091
17079469,5,0.03644700145993291
17079469,6,-0.006361274439516308
17079469,7,0.05346705277379178
17079536,1,7.234446876634716e-4
17079536,2,-0.013498070803190872
17079536,3,0.06697331078165651
17079536,4,0.047007034543555225
17079536,5,0.035204515305028015
17079536,6,-0.005572857272708419
17079536,7,0.04688682538824965
17079911,1,4.7192496554383594e-4
17079911,2,-0.021614026923740464
17079911,3,0.054348705132988805
17079911,4,0.03653036299008338
17079911,5,0.040481645795952426
17079911,6,0.0016145722382691942
17079911,7,0.05103442468199896
17080190,1,-0.012974925247983753
17080190,2,0.03343718385897534
17080190,3,-0.01845696722482304
17080190,4,-0.05852552795569011
17080190,5,0.018337815026701704
17080190,6,-0.01043717632414048
17080190,7,-0.08340281936300367
17081040,1,0.10542942968170611
17081040,2,-0.05988496497922596
17081040,3,0.011020013887408834
17081040,4,0.04907434834309765
17081040,5,-0.15864247522344763
17081040,6,-0.029501827929383807
17081040,7,-0.04998216690645509
17081763,1,0.09549594909278385
17081763,2,-0.05115953165710741
17081763,3,0.011390811729996496
17081763,4,0.03755565185779543
17081763,5,-0.14574779878244506
17081763,6,-0.052025903908889906
17081763,7,-0.05599690042122231
17082713,1,-0.023751933179112502
17082713,2,-0.05281668268254823
17082713,3,-0.03573498606164393
17082713,4,0.023589231705383018
17082713,5,0.007190992270441066
17082713,6,0.04668362771229361
17082713,7,0.09331313281851182
17083590,1,-0.01196996508088885
17083590,2,0.05825993343892227
17083590,3,-0.017244506767979163
17083590,4,-0.05892965440071929
17083590,5,0.012332746767151848
17083590,6,-0.007644242013001094
17083590,7,-0.1121452722639976
17083747,1,8.760378770904175e-5
17083747,2,-0.013816551474181578
17083747,3,0.05639157073826175
17083747,4,0.03666996020923393
17083747,5,0.028738523858218176
17083747,6,-0.003574874668974027
17083747,7,0.04520982693759296
17084609,1,-0.0021899573292032504
17084609,2,0.046340232722217
17084609,3,-0.010211736600770596
17084609,4,-0.05341911129575178
17084609,5,0.004284357260863184
17084609,6,-0.03530185909671872
17084609,7,-0.10791554205418906
17084717,1,-0.007602897980613254
17084717,2,0.04674953903392591
17084717,3,-0.010846494283170329
17084717,4,-0.045544204491869564
17084717,5,0.010117796596099264
17084717,6,-0.025090091273514532
17084717,7,-0.1074914910521894
17084762,1,-0.005328949589517096
17084762,2,0.05601796301374533
17084762,3,-0.008352795218961635
17084762,4,-0.05240172920517718
17084762,5,-0.002507659027267353
17084762,6,-0.02305619367519798
17084762,7,-0.10620317161398579
17085109,1,-1.2212930222816866e-4
17085109,2,-0.011293729359825503
17085109,3,0.05796326904046158
17085109,4,0.03718755174615137
17085109,5,0.04449515788975421
17085109,6,-0.0064896813280326815
17085109,7,0.044817200561609136
17085899,1,0.011971224887891095
17085899,2,0.016545775995800847
17085899,3,-0.005493832458464046
17085899,4,-0.00235637704911915
17085899,5,0.014111131701943018
17085899,6,0.020632853670536074
17085899,7,-7.556154189267271e-4
17086614,1,0.07062311223050195
17086614,2,-0.08403772845786554
17086614,3,-0.017801780466133687
17086614,4,0.06237764842199735
17086614,5,-0.15177905152018312
17086614,6,-0.020314404218975745
17086614,7,0.025556901909772573
17086835,1,-0.02827491371386558
17086835,2,0.027067711051900565
17086835,3,-0.018193980239121624
17086835,4,0.014027432702121532
17086835,5,6.416794967289162e-4
17086835,6,0.03772888553118915
17086835,7,0.06715398468579284
17087283,1,-0.011610539822365628
17087283,2,0.05425520840737979
17087283,3,-0.020148892769436995
17087283,4,-0.05589637692232879
17087283,5,0.0036879857785496804
17087283,6,-0.00914582580947088
17087283,7,-0.10807818461390323
17087381,1,-0.0045963528696621875
17087381,2,-0.013001194028767364
17087381,3,0.013247064545464874
17087381,4,-0.043809194368095446
17087381,5,-0.02868186748033274
17087381,6,0.006183931359264806
17087381,7,-0.017791532244063213
17087656,1,-0.005580928997963784
17087656,2,0.05245354879060198
17087656,3,-0.020094223153722633
17087656,4,-0.07081460696162495
17087656,5,0.015809508904279186
17087656,6,0.0014314650054744564
17087656,7,-0.12176367870099582
17087705,1,-0.010741384400901123
17087705,2,0.0494797248108248
17087705,3,-0.016770945148614744
17087705,4,-0.04837601433495114
17087705,5,0.027448865080499863
17087705,6,-0.00887480073428455
17087705,7,-0.12392420143376164
17088861,1,-0.030479020384293575
17088861,2,-0.04355381261276958
17088861,3,-0.032148519213802816
17088861,4,0.02816979373932188
17088861,5,-0.007887050422877061
17088861,6,0.028078659771346867
17088861,7,0.11587028349943426
17089061,1,-0.01222498418629965
17089061,2,0.050641191554038116
17089061,3,-0.01310047518186404
17089061,4,-0.06344314979011105
17089061,5,0.01667114444229545
17089061,6,0.009322027881079805
17089061,7,-0.11921817273854475
17089228,1,-0.015297357072708436
17089228,2,-0.019075068397448203
17089228,3,-0.02948499839442482
17089228,4,-0.008958792405202693
17089228,5,0.044179392538610154
17089228,6,-0.012623273082462853
17089228,7,-0.05763644819234939
17089569,1,0.0664368248507212
17089569,2,-0.07154339972383607
17089569,3,0.02708130966503994
17089569,4,0.0824727418067737
17089569,5,-0.11306817148099041
17089569,6,-0.024021860396335876
17089569,7,0.03335340205565524
17089639,1,0.04979047302973697
17089639,2,-0.09262373507181877
17089639,3,-0.011250895558671778
17089639,4,0.08627473250690812
17089639,5,-0.05549548561245951
17089639,6,-0.004847007510317668
17089639,7,-0.049294306043480285
17090624,1,0.04023483794370551
17090624,2,-0.06416410597222774
17090624,3,-0.002879867329372575
17090624,4,0.07334636274448658
17090624,5,-0.04892755201637946
17090624,6,-5.562409032470141e-4
17090624,7,-0.013596356559869287
17090784,1,-0.00486664737059846
17090784,2,-0.017891455137183068
17090784,3,0.0666148880541162
17090784,4,0.04747784319221105
17090784,5,0.032427088790529954
17090784,6,-0.009779217355987831
17090784,7,0.06208417060793204
17091201,1,0.06820712237249413
17091201,2,-0.068390990104104
17091201,3,-0.021238330448791778
17091201,4,0.04973103880250279
17091201,5,-0.1488525669818946
17091201,6,-0.00460548419590249
17091201,7,0.01979317018626353
17091996,1,0.10587645094524609
17091996,2,-0.035177206956306765
17091996,3,-0.0057854451598122756
17091996,4,0.030460414421939662
17091996,5,-0.10723339105458236
17091996,6,0.048174848074635804
17091996,7,-0.020516202666049164
17092028,1,0.11573063366749442
17092028,2,-0.037513334797741056
17092028,3,0.0015481678223338378
17092028,4,0.01919463372138264
17092028,5,-0.11679015319113732
17092028,6,0.05037026586773291
17092028,7,-0.03161929811845309
17092185,1,0.10097073341810493
17092185,2,-0.028313687835763605
17092185,3,-0.013893707717449992
17092185,4,0.046452609485297156
17092185,5,-0.09151225984769383
17092185,6,0.048405443519112426
17092185,7,-0.00861937753013471
17092247,1,-0.03727394181848999
17092247,2,-0.0406659024249437
17092247,3,0.023708640544062357
17092247,4,-0.002944923418511935
17092247,5,-0.04079001157220209
17092247,6,0.010143325972759699
17092247,7,-0.05717371161516768
17092546,1,-0.005790937174560247
17092546,2,0.001864408637758532
17092546,3,0.008560948019413997
17092546,4,-0.016454498495366156
17092546,5,-0.012451791023242856
17092546,6,0.006247937987055345
17092546,7,-0.0015372328368930051
17092611,1,0.00426852656641942
17092611,2,-0.01882278566680817
17092611,3,0.11277403236789504
17092611,4,0.0705735369381217
17092611,5,0.04951754371070535
17092611,6,0.018098329317574314
17092611,7,-0.02191613463169582
17093033,1,-0.005999756270026998
17093033,2,-0.03560972465052282
17093033,3,-0.025583213118253706
17093033,4,9.892265218468099e-4
17093033,5,0.032736611266765026
17093033,6,-0.0022501346858800463
17093033,7,-0.0570562318249422
17093416,1,-0.048012722170316054
17093416,2,-0.09687620512019623
17093416,3,-0.10369557914788839
17093416,4,0.040265744237111704
17093416,5,0.05454457535668745
17093416,6,-0.0017553813471968243
17093416,7,-0.031217594140182017
17093467,1,0.004481166056330188
17093467,2,-0.02187993207040753
17093467,3,0.11401686225313451
17093467,4,0.07583928500792159
17093467,5,0.05094855494742513
17093467,6,0.019021768922446763
17093467,7,-0.03628888786241913
17093947,1,-0.048916554808724345
17093947,2,-0.09511200140494229
17093947,3,-0.09224622588379719
17093947,4,0.045778848258143406
17093947,5,0.06069612212120791
17093947,6,0.003360021570909319
17093947,7,-0.019788522178264985
17094130,1,-0.008124551974322478
17094130,2,0.009318569600316701
17094130,3,0.008200039159742595
17094130,4,-0.001303714549574692
17094130,5,-0.012714130380904824
17094130,6,-0.011755055559927388
17094130,7,0.0246319932179914
17094154,1,-0.04549761507059596
17094154,2,-0.09850182815400099
17094154,3,-0.1065587635522492
17094154,4,0.05134325945928884
17094154,5,0.04694874845784779
17094154,6,0.014624388938983423
17094154,7,-0.005192868383941585
17094509,1,0.006528978775037937
17094509,2,-0.023782671881395597
17094509,3,0.11443255364521673
17094509,4,0.06825572764565192
17094509,5,0.04669315001593799
17094509,6,-0.015313561804225015
17094509,7,-0.02116483544455704
17094569,1,0.006226197539852036
17094569,2,0.011099042130730557
17094569,3,-0.0034775833766587526
17094569,4,0.00726117888677858
17094569,5,-8.47103971820849e-4
17094569,6,-0.0020628575038313486
17094569,7,0.007468678287822085
17094670,1,0.011685347808896606
17094670,2,0.025645157400891894
17094670,3,-0.03146885591193698
17094670,4,0.0732293063894278
17094670,5,0.06007467780933536
17094670,6,0.003873985160689187
17094670,7,-0.00918830332282758
17094749,1,0.010796875774127742
17094749,2,0.03219280271505863
17094749,3,-0.032558947343607786
17094749,4,0.06512566302867787
17094749,5,0.05656476002736378
17094749,6,-0.003759468509360315
17094749,7,-0.013033565895725942
17095501,1,0.08183867733486037
17095501,2,0.06295092715318881
17095501,3,-0.04019083364255277
17095501,4,-0.09647349222092022
17095501,5,0.15436915107803792
17095501,6,0.07704617356728909
17095501,7,0.03953601632926786
17095652,1,-0.08484579237347749
17095652,2,0.13817871561118478
17095652,3,-0.04214033865392969
17095652,4,0.09257262628766201
17095652,5,-0.022732517770114896
17095652,6,0.010647239250866138
17095652,7,0.018881878643556286
17096707,1,-0.08828788789211282
17096707,2,0.13932977556903334
17096707,3,-0.047304538627213226
17096707,4,0.08833014060838248
17096707,5,-0.027787972147619504
17096707,6,0.0064306479001229495
17096707,7,0.01964011539349102
17096864,1,0.1340842488739604
17096864,2,0.04680344707169192
17096864,3,-0.058182210523684184
17096864,4,0.04765859636117479
17096864,5,0.02355071620427895
17096864,6,0.011048249837677774
17096864,7,0.006446996057164883
17097205,1,-0.09175276377120274
17097205,2,0.13892904584372406
17097205,3,-0.0311115901452611
17097205,4,0.09087928719040109
17097205,5,-0.02844468012443458
17097205,6,-0.013612275829625467
17097205,7,0.022009386768302372
17097339,1,-0.08684059673613279
17097339,2,0.1343262921568438
17097339,3,-0.0378158005397323
17097339,4,0.09337875446833324
17097339,5,-0.024871846267520183
17097339,6,-0.0016865573515139093
17097339,7,0.022714339822100974
17097416,1,-0.08591422009764299
17097416,2,0.13930669832358952
17097416,3,-0.035434138572772986
17097416,4,0.08847009625801529
17097416,5,-0.028507516560229144
17097416,6,0.009420790216061417
17097416,7,0.03504024795856637
17097910,1,0.014731266043054138
17097910,2,0.024349262611860236
17097910,3,-0.03056145955128227
17097910,4,0.07040013879465438
17097910,5,0.055223547442376265
17097910,6,-0.029314650766019485
17097910,7,-0.01970826541535268
17098137,1,0.08093223103427526
17098137,2,0.05686959996674124
17098137,3,-0.0242877139398109
17098137,4,-0.08154191613234985
17098137,5,0.12415779813382705
17098137,6,0.03137436964548307
17098137,7,0.06247128699585396
17099107,1,-0.04216720083991657
17099107,2,-0.09253733683935665
17099107,3,-0.08475639552956707
17099107,4,0.05637144050770618
17099107,5,0.06059036115974358
17099107,6,0.04080138342821346
17099107,7,-0.005852363897536887
17099462,1,0.129509738297597
17099462,2,0.04514334286406583
17099462,3,-0.05790307027900099
17099462,4,0.03790159229601629
17099462,5,0.021387939156208794
17099462,6,0.010656804034433425
17099462,7,-1.4169039368169698e-4
17099492,1,-0.08642723064388182
17099492,2,0.13412696636437468
17099492,3,-0.03671703955895344
17099492,4,0.08734167485863377
17099492,5,-0.02270814047459567
17099492,6,-0.00555642840553448
17099492,7,0.021976392903369012
17099883,1,0.012866132872491977
17099883,2,0.025527818752653288
17099883,3,-0.03775836866790899
17099883,4,0.07461923433971232
17099883,5,0.044246274723239144
17099883,6,-0.021822241061722543
17099883,7,-0.003932094792718227
17099965,1,0.021990807698400526
17099965,2,-0.00597374724865961
17099965,3,-0.012935974423171345
17099965,4,0.009633004308439578
17099965,5,-0.028510733579472654
17099965,6,-0.0456193906263056
17099965,7,-0.006292319501316763
17100415,1,-0.005599102039664187
17100415,2,-0.016209979032446094
17100415,3,-0.014575357927193321
17100415,4,-0.0033851098706859347
17100415,5,1.0175988987141057e-4
17100415,6,9.169607370451847e-5
17100415,7,-0.0565316409014097
17100497,1,0.11997592352936488
17100497,2,-0.022712589400504433
17100497,3,-0.03486287665724946
17100497,4,0.0824263153008479
17100497,5,-0.11838891869846324
17100497,6,-0.05431672203564825
17100497,7,-0.00687010848488316
17100730,1,-0.047146434121888285
17100730,2,-0.10972090019710502
17100730,3,-0.09983206733780352
17100730,4,0.04852869144670903
17100730,5,0.05906792063750592
17100730,6,0.009345279205405685
17100730,7,-0.049953171045447733
17100911,1,0.009070341235499584
17100911,2,-0.02262852860865769
17100911,3,0.11433244699001253
17100911,4,0.06766817571344927
17100911,5,0.057285371006493294
17100911,6,-0.021275011943472134
17100911,7,-0.011807619588091702
17101074,1,-0.09817847036606828
17101074,2,0.13843939544120168
17101074,3,-0.04561179074460918
17101074,4,0.1020443850169521
17101074,5,-0.035671003503551714
17101074,6,0.01029496422022095
17101074,7,0.033666588872628224
17101672,1,-0.0028383303501041883
17101672,2,-0.011988218326434248
17101672,3,0.11730284006141321
17101672,4,0.06981067842574216
17101672,5,0.05788282985056851
17101672,6,-0.00619618687472021
17101672,7,-0.012662288734574133
17101987,1,0.0080289660288911
17101987,2,0.02446665017639869
17101987,3,-0.043081053768115406
17101987,4,0.08015669693329806
17101987,5,0.05359465342840469
17101987,6,-0.008533250788382886
17101987,7,-0.01969412236379378
17102433,1,0.010701051459520569
17102433,2,0.017545540349572692
17102433,3,-0.040073806724086274
17102433,4,0.07394729349471987
17102433,5,0.04030745661292674
17102433,6,-0.024424325373394045
17102433,7,-0.029551439392333588
17102620,1,0.014008361209553849
17102620,2,0.007111740350437294
17102620,3,0.0028714056452077336
17102620,4,-0.0330680562168903
17102620,5,0.0529173150917266
17102620,6,-0.11125817819098087
17102620,7,0.035422483827010035
17102631,1,0.017624065260076576
17102631,2,0.02993749527467765
17102631,3,-0.03183054640533632
17102631,4,0.07726010526705127
17102631,5,0.051613504622770444
17102631,6,-0.010304602903891456
17102631,7,-0.0021781638519132525
17102725,1,0.001800204863472715
17102725,2,-0.016770935176831796
17102725,3,0.060558777863500945
17102725,4,0.0472229071078175
17102725,5,0.03528490609331155
17102725,6,-0.01651724694795281
17102725,7,0.05968049976004682
17103034,1,-0.08731563923939899
17103034,2,0.13992312768310042
17103034,3,-0.039727396578937015
17103034,4,0.08463783054803184
17103034,5,-0.044178013820181786
17103034,6,-0.015704256047014822
17103034,7,0.014338234533283777
17103078,1,-0.04138817307560536
17103078,2,-0.10872888169730562
17103078,3,-0.08659565643815641
17103078,4,0.05327980047746957
17103078,5,0.054915759303431386
17103078,6,0.01597298335150314
17103078,7,-0.022020806511286264
17103304,1,-0.007778390058537102
17103304,2,-0.0444281956997594
17103304,3,-0.026068412916791402
17103304,4,-0.012805422583245251
17103304,5,0.03433024424221443
17103304,6,0.004032610984262382
17103304,7,-0.03891121559911773
17103717,1,0.12588764677600073
17103717,2,0.05026778845494461
17103717,3,-0.051237130326425
17103717,4,0.04093929547799105
17103717,5,0.026248276618413374
17103717,6,0.014151277611039586
17103717,7,-0.01716448681267556
17103916,1,0.01653556587236509
17103916,2,0.029134057482657388
17103916,3,-0.02336272296439748
17103916,4,0.07162820356890566
17103916,5,0.049503340354493365
17103916,6,-0.03777689991246236
17103916,7,-0.02524636269691852
17104269,1,0.011914309244931302
17104269,2,0.02137719584252132
17104269,3,-0.03391518563814565
17104269,4,0.07865511425815663
17104269,5,0.05554640839403755
17104269,6,-0.008439332361186751
17104269,7,-0.0057101535841062355
17104369,1,0.1231594493794024
17104369,2,0.037490720227044555
17104369,3,0.008777159225618357
17104369,4,0.07165423972372027
17104369,5,0.05502040580419133
17104369,6,0.030410075284703488
17104369,7,-0.0316736825990387
17105001,1,0.11748907409918143
17105001,2,0.036580139431034185
17105001,3,0.0076455136016111295
17105001,4,0.06728972977952995
17105001,5,0.04924460930930456
17105001,6,0.033117134808009645
17105001,7,-0.02799593836282569
17105497,1,0.12745459670587034
17105497,2,0.05421762324928363
17105497,3,-0.05159245638802079
17105497,4,0.043062371594134764
17105497,5,0.028591986816673458
17105497,6,0.02235358415525727
17105497,7,0.008287761263610279
17105666,1,0.001811706183886892
17105666,2,-0.016907163807047293
17105666,3,0.12261763372814034
17105666,4,0.07663778112354058
17105666,5,0.049845816754339814
17105666,6,-6.232532681014764e-4
17105666,7,-0.02126227736548922
17106294,1,-0.08452043514238662
17106294,2,0.01986919854287149
17106294,3,-0.027308634516239886
17106294,4,0.1808191317524493
17106294,5,0.040816209690508025
17106294,6,0.0033192062309920973
17106294,7,0.01308376079529219
17106443,1,-0.04263668492781662
17106443,2,-0.10836757798975569
17106443,3,-0.10817105061666796
17106443,4,0.04422642133646856
17106443,5,0.0683165199215795
17106443,6,-0.006154842204956341
17106443,7,-0.038208092479985724
17106549,1,0.010626337725985572
17106549,2,0.03646013809584968
17106549,3,-0.027408927142376114
17106549,4,0.08482597763279304
17106549,5,0.0478871582234699
17106549,6,-0.007729764674209914
17106549,7,0.01845008374435386
17107266,1,0.13227965530691976
17107266,2,0.047284231757174514
17107266,3,-0.054527626083258694
17107266,4,0.05138687130493233
17107266,5,0.01909361655770697
17107266,6,0.016193829137165668
17107266,7,-5.928881037724461e-4
17107330,1,-0.0869487378651913
17107330,2,0.1379298138332553
17107330,3,-0.04256194061276892
17107330,4,0.1003487077839404
17107330,5,-0.035839046407195804
17107330,6,-0.0019064971443137637
17107330,7,0.01985412345629972
17107567,1,-0.0024624488809122363
17107567,2,0.00804673423157257
17107567,3,-0.0014544542678901827
17107567,4,-0.005075520685339688
17107567,5,-0.020441876350709497
17107567,6,-0.0071312790890407235
17107567,7,-0.010282100910506875
17107631,1,-0.04385298906370987
17107631,2,-0.10664428276399879
17107631,3,-0.10195905473430097
17107631,4,0.04902073764875708
17107631,5,0.049590171433806236
17107631,6,0.007639756076848112
17107631,7,-0.031907990515799935
17108394,1,0.07509705188321099
17108394,2,0.06319605760066166
17108394,3,-0.031175370530996203
17108394,4,-0.1000131813110288
17108394,5,0.15048078456736902
17108394,6,0.07916548582909395
17108394,7,0.03371722832833916
17108419,1,0.07162855380293374
17108419,2,0.07480870430527382
17108419,3,-0.03689308552474266
17108419,4,-0.10489866169004337
17108419,5,0.15746353685832556
17108419,6,0.06783548378431661
17108419,7,0.0347088665698253
17109150,1,0.07667707006104543
17109150,2,0.06475880168439216
17109150,3,-0.040063164315281424
17109150,4,-0.1048064950428534
17109150,5,0.152069720637876
17109150,6,0.08040188061571439
17109150,7,0.021800471955194394
17109678,1,0.11571584890173098
17109678,2,-0.015976547123881427
17109678,3,-0.037703640233703054
17109678,4,0.07451301528311437
17109678,5,-0.1226745588984021
17109678,6,-0.06308928386418336
17109678,7,-0.004721390527385976
17109733,1,0.1278638956304356
17109733,2,0.0561548197616293
17109733,3,-0.056091046261591566
17109733,4,0.05061730096837709
17109733,5,0.02837851843332008
17109733,6,0.013781041102233388
17109733,7,0.02289277948591326
17109782,1,0.009214046903216543
17109782,2,-0.014289769455082752
17109782,3,0.1006592351476929
17109782,4,0.062317127815672474
17109782,5,0.05054221601077631
17109782,6,-0.008190734337728683
17109782,7,-0.012655711583515273
17110265,1,-0.04651647238827748
17110265,2,-0.09851471422930234
17110265,3,-0.10725201897951957
17110265,4,0.05722194011803192
17110265,5,0.04533211836103287
17110265,6,0.029610337171443322
17110265,7,-0.026933693551152153
17110753,1,0.1358581398416076
17110753,2,0.05085915054775247
17110753,3,-0.056291283053834074
17110753,4,0.040603772662415896
17110753,5,0.03210874202963469
17110753,6,0.024386818348906207
17110753,7,-0.012416916627312109
17112342,1,-0.0026901963991290364
17112342,2,-0.018670924996431852
17112342,3,0.11078834952583594
17112342,4,0.08132914072804356
17112342,5,0.0411244199614091
17112342,6,-0.005894305413224344
17112342,7,-4.1337748056421053e-4
17112414,1,-0.006851919428386089
17112414,2,0.012773444713160165
17112414,3,0.007788879938565438
17112414,4,-0.007380243795276119
17112414,5,-0.0018054087207908316
17112414,6,-0.030254187943922276
17112414,7,-0.0028224136203949543
17112636,1,-0.03419981428564417
17112636,2,-0.1053935079959229
17112636,3,-0.09959084282991629
17112636,4,0.05577716273109365
17112636,5,0.05178276763220809
17112636,6,0.019282096117896743
17112636,7,-0.013307739676069739
17113826,1,-0.040163026591021556
17113826,2,-0.10441882542865476
17113826,3,-0.11867242434148113
17113826,4,0.05242834956405891
17113826,5,0.04529920030282181
17113826,6,0.00723024697795808
17113826,7,-0.008149043407516317
17114304,1,0.0037267855711860687
17114304,2,-0.01748612808462591
17114304,3,0.12002511932740921
17114304,4,0.07365064740097942
17114304,5,0.05488145435069088
17114304,6,0.009373657608330354
17114304,7,-0.007123870531313142
17114855,1,0.01676580992197511
17114855,2,0.004568895390367421
17114855,3,-0.013391435283669558
17114855,4,-0.017204017296848072
17114855,5,0.03539645067230683
17114855,6,0.01735572157229506
17114855,7,0.019441020984019085
17114897,1,-0.001273143197510306
17114897,2,-0.015947170732008124
17114897,3,0.11038914926601792
17114897,4,0.06952360174438116
17114897,5,0.054194813123367026
17114897,6,0.004823337027369207
17114897,7,-0.0014231013451386717
17115797,1,-0.08598321836677901
17115797,2,0.1438124565750096
17115797,3,-0.04317256378171515
17115797,4,0.1012512240496161
17115797,5,-0.03142313596525788
17115797,6,0.0026934819980687493
17115797,7,0.009224268992949782
17116398,1,0.014148179464488986
17116398,2,0.026109512170988936
17116398,3,-0.026212433131608804
17116398,4,0.07780005059549404
17116398,5,0.054621127021361585
17116398,6,-0.011015812337056778
17116398,7,-0.01103938063521553
17117059,1,0.12022125140860354
17117059,2,-0.016174627416375365
17117059,3,-0.040458434411998145
17117059,4,0.08889154532880342
17117059,5,-0.10738334373593635
17117059,6,-0.05823157030329244
17117059,7,0.0013542327583923165
17117094,1,0.1262880458801648
17117094,2,-0.01926493121549513
17117094,3,-0.03414912749236122
17117094,4,0.07718791280396024
17117094,5,-0.11440470470852418
17117094,6,-0.058483448074132166
17117094,7,-0.013178850687961754
17117130,1,0.0016438000361076275
17117130,2,-0.012668850297821879
17117130,3,0.06745341361677268
17117130,4,0.05246053446870822
17117130,5,0.05000769235419888
17117130,6,-0.0028494725675895995
17117130,7,0.030504217357538617
17118076,1,0.07253303111842042
17118076,2,0.052410384405608454
17118076,3,-0.02893466133632794
17118076,4,-0.09018449777574207
17118076,5,0.12273015224781261
17118076,6,0.020247768385624195
17118076,7,0.08266982766294566
17118461,1,-0.09765980900321086
17118461,2,0.1331742148226577
17118461,3,-0.039689301719610416
17118461,4,0.08508096281498902
17118461,5,-0.019029563840281902
17118461,6,-0.009012325902674638
17118461,7,0.008681361111295164
17118505,1,0.07046499330977274
17118505,2,0.060967761009819474
17118505,3,-0.03498947349908726
17118505,4,-0.0978763959749922
17118505,5,0.15465435933719085
17118505,6,0.08044807538701769
17118505,7,0.031796877663915174
17118618,1,0.07768872348810203
17118618,2,0.06376913208356604
17118618,3,-0.0338503131075689
17118618,4,-0.08021740058424941
17118618,5,0.1466574276469692
17118618,6,0.08874666473951899
17118618,7,0.05350993454210255
17118747,1,0.12902240197615383
17118747,2,0.04167372139075685
17118747,3,-0.06179623059892437
17118747,4,0.03926512550604598
17118747,5,0.022411644705184957
17118747,6,0.001706063603523049
17118747,7,0.015288072053770125
17118882,1,0.00184125968153726
17118882,2,-0.015124457104400036
17118882,3,0.12243750075415037
17118882,4,0.08353181042384909
17118882,5,0.03694159711760166
17118882,6,0.0058707269960475445
17118882,7,-0.004748123295478673
17118907,1,0.13337629136551962
17118907,2,0.04587186493563779
17118907,3,-0.057683024266592504
17118907,4,0.03787159899284532
17118907,5,0.01563986148897842
17118907,6,0.02493730485900809
17118907,7,-0.013399499608017338
17118945,1,4.0227560140519177e-4
17118945,2,-0.018365275788114328
17118945,3,0.10495718532950833
17118945,4,0.07330563986641309
17118945,5,0.04441487536060418
17118945,6,-0.002360409447466636
17118945,7,-0.008084909348188259
17119095,1,0.0042689122778514724
17119095,2,-0.026846783146415854
17119095,3,0.1153805110564992
17119095,4,0.07332617754622907
17119095,5,0.0544064443669606
17119095,6,-0.003774985890809612
17119095,7,-0.003693004113398111
17119098,1,-0.01671188433788846
17119098,2,-0.0415659931449659
17119098,3,-0.026772935814405874
17119098,4,0.020650802965826377
17119098,5,0.008114040435216656
17119098,6,0.055037914247495406
17119098,7,0.09574733399661124
17119446,1,-0.004603781520526883
17119446,2,-0.007250784256690316
17119446,3,0.04428840620046259
17119446,4,0.03963257686988283
17119446,5,0.022460083577257164
17119446,6,0.0117983965534459
17119446,7,-0.014072679587747102
17119450,1,-0.08639929965281251
17119450,2,0.12491051540189271
17119450,3,-0.05548978959641633
17119450,4,0.11079109326073414
17119450,5,-0.0372364426850011
17119450,6,-0.0059185692400429805
17119450,7,0.0040062260841241225
17119647,1,-0.029292263031565728
17119647,2,0.030796154881143487
17119647,3,-0.00423811806497264
17119647,4,0.008523258755823581
17119647,5,-0.02493363575762852
17119647,6,0.028541795726245895
17119647,7,-0.030750693703477102
17120558,1,-0.017413053552965
17120558,2,-0.04280985942464268
17120558,3,-0.02674004428912677
17120558,4,0.027792815038210985
17120558,5,0.005939519747616254
17120558,6,0.05969877357808355
17120558,7,0.1087229869217074
17120645,1,0.07791143691126166
17120645,2,0.06837152906242316
17120645,3,-0.039385939080320446
17120645,4,-0.10025953344864688
17120645,5,0.15024256768102875
17120645,6,0.05745424263548417
17120645,7,0.044538732743814084
17120724,1,0.12083660683452067
17120724,2,0.041870015050622066
17120724,3,0.018200311943094023
17120724,4,0.0778504979520998
17120724,5,0.05668788505273317
17120724,6,0.010000499455804054
17120724,7,-0.038468822802947535
17121558,1,-0.01339745964275241
17121558,2,-0.04896458214973681
17121558,3,-0.038132125635141234
17121558,4,0.016912168582399422
17121558,5,-0.005464697065717324
17121558,6,0.04888916532132666
17121558,7,0.1117840497650858
17121787,1,0.0025487177738013596
17121787,2,-0.029233587338235705
17121787,3,0.11483166467483467
17121787,4,0.0603337491569817
17121787,5,0.05269836768331737
17121787,6,-0.010232299858983305
17121787,7,-0.0041815534428823594
17122332,1,-0.036070174936235544
17122332,2,-0.10848198891660572
17122332,3,-0.10172150385692659
17122332,4,0.05044562582714703
17122332,5,0.05361268500274175
17122332,6,0.006332208816488355
17122332,7,-0.024868344436243684
17122591,1,0.13350480450216567
17122591,2,0.040447807203952316
17122591,3,-0.059748674245549124
17122591,4,0.03998058841779436
17122591,5,0.026657194818254713
17122591,6,0.025020746169612494
17122591,7,-0.002044472794407729
17122884,1,0.01355771734898542
17122884,2,0.012839315360998225
17122884,3,-0.028110650047142898
17122884,4,0.06359417159882175
17122884,5,0.06028786211719039
17122884,6,-0.018942456130127877
17122884,7,-0.026918226798991984
17123175,1,-0.037405510459602845
17123175,2,-0.11427816081436257
17123175,3,-0.10942100612262196
17123175,4,0.0559719296926062
17123175,5,0.06181391729300309
17123175,6,0.011288743027115992
17123175,7,-0.013692135707665365
17123971,1,0.009920071312356482
17123971,2,0.01873990705856063
17123971,3,-0.030549157974432167
17123971,4,0.06849413328198299
17123971,5,0.05628520121448011
17123971,6,-0.010298726363958522
17123971,7,0.002069079171960617
17124052,1,0.008972067673147316
17124052,2,0.0204675546648941
17124052,3,-0.026411286630874338
17124052,4,0.07517053696930315
17124052,5,0.051995715279679604
17124052,6,-0.011613648425012373
17124052,7,-0.0113311020140162
17124134,1,0.016554880517009526
17124134,2,0.019304800301268243
17124134,3,-0.03504126246897669
17124134,4,0.08238239936451751
17124134,5,0.055730586774617986
17124134,6,-0.012814958871666808
17124134,7,-0.002220292416118718
17124175,1,0.010401862979681032
17124175,2,-0.012112129946643875
17124175,3,0.06695992533375195
17124175,4,0.05035345798823235
17124175,5,0.037006273969748774
17124175,6,0.0015313903195515548
17124175,7,0.046350354833572825
17124307,1,0.13571089913537834
17124307,2,0.03995088386688421
17124307,3,-0.06291627939101617
17124307,4,0.044550177066332595
17124307,5,0.019923223357099566
17124307,6,0.025617612676328803
17124307,7,0.01025560950389625
17124893,1,-0.04161844828230464
17124893,2,-0.1121235223026374
17124893,3,-0.10417403257315892
17124893,4,0.05170322835425563
17124893,5,0.056069610034155434
17124893,6,0.008912224641672274
17124893,7,-0.041614622604646025
17126077,1,0.11888082629877035
17126077,2,-0.0316210920061553
17126077,3,-0.03192159818544002
17126077,4,0.07858925720296958
17126077,5,-0.1073998209626711
17126077,6,-0.06444048695646058
17126077,7,8.18120220336401e-4
17126163,1,0.11772448557831292
17126163,2,0.03962640859610126
17126163,3,0.012495026112470572
17126163,4,0.061618264745462246
17126163,5,0.05842520676361429
17126163,6,0.0366654136247948
17126163,7,-0.047218748614075275
17126324,1,-0.001582364468973166
17126324,2,-0.0033050837108522324
17126324,3,0.015461405147508597
17126324,4,-0.040195431778411984
17126324,5,-0.023617713324325253
17126324,6,0.014567394797817261
17126324,7,0.021354652235090588
17126427,1,0.012892774769221039
17126427,2,0.023470232861449385
17126427,3,-0.033672208177176116
17126427,4,0.07133375601428427
17126427,5,0.050126355442950916
17126427,6,-0.013395850791166772
17126427,7,-0.013061198606225278
17127075,1,0.019215048095802455
17127075,2,-0.02912003398764963
17127075,3,-0.012500137263960393
17127075,4,0.02418481355149257
17127075,5,-0.012179926704817755
17127075,6,-0.020092532957116462
17127075,7,0.03167259616589432
17127157,1,-0.03288128970419582
17127157,2,-0.10867333584867413
17127157,3,-0.11400876066358204
17127157,4,0.04969167021865594
17127157,5,0.06178805644229543
17127157,6,0.0018926372898266696
17127157,7,-0.02991360838452535
17127617,1,0.015136530613813317
17127617,2,0.024135978115487868
17127617,3,-0.0338481410500901
17127617,4,0.08777813093091999
17127617,5,0.06305923024261707
17127617,6,-0.007769925194974108
17127617,7,-0.01789385754777272
17127706,1,-0.08296338928676486
17127706,2,0.14253778533091804
17127706,3,-0.039952462209058896
17127706,4,0.08142841052445406
17127706,5,-0.03593621370490063
17127706,6,-0.00799495935561368
17127706,7,0.005528298338067027
17127902,1,5.933629444926234e-4
17127902,2,-0.00988458976335852
17127902,3,0.017293809820873383
17127902,4,-0.032870330006173606
17127902,5,-0.031718771294019024
17127902,6,0.004862671265956029
17127902,7,0.01642349623811294
17127987,1,-0.012609679586802387
17127987,2,0.015595736608220204
17127987,3,0.011784741849096236
17127987,4,0.027186322267136437
17127987,5,-0.004712223232425001
17127987,6,0.015489980105167656
17127987,7,-0.09415860943450245
17128089,1,0.13593821353799063
17128089,2,0.04810443425039998
17128089,3,-0.050159461524944264
17128089,4,0.035920370924830705
17128089,5,0.025359529217481403
17128089,6,0.0024388694665228774
17128089,7,-0.019347024449531656
17128705,1,0.0012376752132715247
17128705,2,-0.023959988779257358
17128705,3,0.11313881043685031
17128705,4,0.062207016972489024
17128705,5,0.05587826091981809
17128705,6,0.00732974579124769
17128705,7,-0.003941649167742346
17128716,1,0.04506988912991606
17128716,2,-0.018739222909143628
17128716,3,-0.019758912216304096
17128716,4,0.02539391072006167
17128716,5,-0.025956755207063576
17128716,6,-6.663082522780424e-4
17128716,7,0.012942857556121888
17128758,1,0.007204015181286156
17128758,2,-0.014660336457743393
17128758,3,0.07681413399460904
17128758,4,0.04810826965874482
17128758,5,0.0551398626503802
17128758,6,-0.007562646380120175
17128758,7,0.0510291025905599
17128890,1,0.010458183947288894
17128890,2,-0.01772178206834382
17128890,3,0.06830799431514195
17128890,4,0.047350426014829056
17128890,5,0.040131544868691936
17128890,6,-0.016061093153862147
17128890,7,0.0477935956028184
17128908,1,-0.04094279516084341
17128908,2,-0.1032341789711072
17128908,3,-0.11124592523991465
17128908,4,0.050193166708724375
17128908,5,0.07044567368055717
17128908,6,0.011115223341738792
17128908,7,-0.02335027422659067
17129087,1,-0.0016157703353387922
17129087,2,-0.03572515649341032
17129087,3,-0.013597491917421402
17129087,4,0.015268101161333281
17129087,5,0.0110689369802145
17129087,6,0.018183054795943614
17129087,7,0.061247093873349735
17129250,1,-0.014549063861489988
17129250,2,-0.007443683752955269
17129250,3,0.055195712293635936
17129250,4,-0.10539153476244487
17129250,5,-0.06170114483174728
17129250,6,0.03946644791804272
17129250,7,-0.050645249224649004
17129645,1,0.0066100090721299834
17129645,2,-0.018349382623707715
17129645,3,0.11022359017071542
17129645,4,0.07524223163548771
17129645,5,0.04769946725461126
17129645,6,-0.0026560266963438876
17129645,7,-0.010027283029655335
17129738,1,-0.08963801297725656
17129738,2,0.13925436168186603
17129738,3,-0.02714236230971056
17129738,4,0.07757166655788941
17129738,5,-0.027970129614022406
17129738,6,0.017669270317622863
17129738,7,0.0062312755026788375
17129935,1,-0.018769178305903786
17129935,2,0.016236354077583108
17129935,3,0.005954092652361489
17129935,4,-0.004892461191181942
17129935,5,-0.00443610948500071
17129935,6,0.008293530172618906
17129935,7,0.016488705347177668
17130142,1,0.009243014944475955
17130142,2,-0.017309092541221236
17130142,3,0.11166153428698923
17130142,4,0.08749518222631553
17130142,5,0.05007794950321745
17130142,6,0.001170754324419037
17130142,7,-0.012359560011135223
17130268,1,-0.03737026301867296
17130268,2,-0.10161195304621026
17130268,3,-0.10488887663578506
17130268,4,0.051590272495819975
17130268,5,0.04971223884083865
17130268,6,0.008458328195980136
17130268,7,-0.027596104610897294
17130402,1,-0.044059143415660175
17130402,2,-0.11042519663164278
17130402,3,-0.11360105722804761
17130402,4,0.04736157785609306
17130402,5,0.055054580027380604
17130402,6,0.015403665071485084
17130402,7,-0.02528631291323978
17130409,1,0.11953295844000619
17130409,2,-0.02101927901684569
17130409,3,-0.037217083478051825
17130409,4,0.06620220702058258
17130409,5,-0.11182195233431844
17130409,6,-0.05014708444941864
17130409,7,0.0014672197848670792
17130657,1,0.13038686734796323
17130657,2,0.04817325134295664
17130657,3,-0.04956595529452864
17130657,4,0.04509584792808824
17130657,5,0.030814036321517444
17130657,6,-0.004185038812906084
17130657,7,-0.009927923191441495
17131307,1,-0.08748220187616342
17131307,2,0.14155759000077278
17131307,3,-0.040875787048716535
17131307,4,0.08381211929943276
17131307,5,-0.02693546372884444
17131307,6,0.0020372248718393666
17131307,7,0.015057495128757505
17131413,1,0.007726476006249079
17131413,2,-0.031773775438447574
17131413,3,0.10959784069445061
17131413,4,0.07367854629311657
17131413,5,0.0440533888287264
17131413,6,-0.014675273365183176
17131413,7,-0.002721193893189386
17131416,1,0.07027876803450947
17131416,2,-0.07609855733529575
17131416,3,-0.10009640476290299
17131416,4,0.11092305333787536
17131416,5,-0.047730656291384926
17131416,6,-0.014377388547745455
17131416,7,0.004721383614965635
17132490,1,0.018916795362232636
17132490,2,0.021367176199967537
17132490,3,-0.0405532483008939
17132490,4,0.06689800414563112
17132490,5,0.05332810254298952
17132490,6,-0.023549853538164446
17132490,7,0.001612645253641684
17132608,1,0.12989487741113756
17132608,2,0.0505016049734595
17132608,3,-0.05589067812678782
17132608,4,0.0429821609807612
17132608,5,0.033595033425077435
17132608,6,0.01937671016757534
17132608,7,-3.756270885403233e-4
17132719,1,-0.08331587691679526
17132719,2,0.13847249664744787
17132719,3,-0.03475069480861115
17132719,4,0.08223505521620851
17132719,5,-0.01967176167397417
17132719,6,0.0038594383141776277
17132719,7,-0.00439584934974311
17133009,1,-0.0043878539022454855
17133009,2,-0.016796856796232877
17133009,3,-0.02098782431073289
17133009,4,0.003550693559688989
17133009,5,0.01604508798973254
17133009,6,-0.03962971463509328
17133009,7,-0.05268197280253468
17133322,1,-0.006817247798390457
17133322,2,-0.037684721268346676
17133322,3,-0.022276036563106703
17133322,4,0.01584713993819569
17133322,5,0.004959575109825427
17133322,6,0.017375517568531926
17133322,7,0.06284421322593124
17133436,1,-0.09470682034746444
17133436,2,0.14451024125733125
17133436,3,-0.04764591272121171
17133436,4,0.09132652732166581
17133436,5,-0.02500470035111031
17133436,6,-0.00799571310154583
17133436,7,0.022581030397342137
17133464,1,0.12348714743937764
17133464,2,0.041417896994461495
17133464,3,0.008733756111041102
17133464,4,0.07613131658393134
17133464,5,0.0515562299506686
17133464,6,0.01519293009508159
17133464,7,-0.03910485222474199
17133465,1,0.013454213123700012
17133465,2,0.027236821014843232
17133465,3,-0.03558002561533049
17133465,4,0.08817933372628198
17133465,5,0.04451022269897804
17133465,6,-0.03391829812917526
17133465,7,-0.019391514932752575
17133557,1,0.0023767704581219543
17133557,2,0.012234193826554725
17133557,3,0.011999787800776384
17133557,4,-6.666032641839021e-4
17133557,5,0.03270196180235902
17133557,6,-0.04106036771046748
17133557,7,0.03729133030387693
17133617,1,0.007639060410232938
17133617,2,-0.017848252574719337
17133617,3,0.1112141881762902
17133617,4,0.07496810684855315
17133617,5,0.05186335635847131
17133617,6,-0.0046360514242853685
17133617,7,0.002374632817973928
17133669,1,0.06965274417032699
17133669,2,0.07098555823031749
17133669,3,-0.04618255445964341
17133669,4,-0.08430289692480232
17133669,5,0.14324186503247965
17133669,6,0.06933410977916664
17133669,7,0.03808312494652922
17133893,1,0.014719745983358979
17133893,2,0.023961503096263673
17133893,3,-0.028455815453271353
17133893,4,0.06745013353485832
17133893,5,0.052443225843002365
17133893,6,-0.0066667718576131265
17133893,7,-0.017336612456731487
17134494,1,-0.04120720696714228
17134494,2,-0.10392488226701758
17134494,3,-0.10597329478866525
17134494,4,0.04436882032072934
17134494,5,0.05215213351593249
17134494,6,0.01111426036246207
17134494,7,-0.029321893649842768
17134498,1,0.006339338854004536
17134498,2,-0.024253976925212983
17134498,3,0.10687762493548347
17134498,4,0.061427768760411575
17134498,5,0.05810271090745996
17134498,6,0.0014580941441850932
17134498,7,-0.005978518277604856
17134526,1,0.003031286139592332
17134526,2,-0.020061723790170863
17134526,3,0.10247754060142296
17134526,4,0.07864966973101149
17134526,5,0.04661917557651851
17134526,6,0.01622934701188723
17134526,7,-0.018015703005156296
17134538,1,0.007798545975579775
17134538,2,-0.014222663423932982
17134538,3,0.11035415828642925
17134538,4,0.07067541337345425
17134538,5,0.04649097448325415
17134538,6,0.0031963345866594904
17134538,7,-0.0038702208353039664
17134766,1,-0.007773200685887522
17134766,2,-0.007810999760467898
17134766,3,-7.286010132447166e-4
17134766,4,0.008727715874668848
17134766,5,-0.018244434070888903
17134766,6,-0.008821537946790727
17134766,7,-0.0016225614643226793
17135337,1,-0.040683757138243244
17135337,2,-0.1082129987004575
17135337,3,-0.0986243194718157
17135337,4,0.05751220732886958
17135337,5,0.04794144679609915
17135337,6,-0.0032789363697047244
17135337,7,-0.020369906753147978
17136658,1,-0.09333606913979745
17136658,2,0.1308631709329238
17136658,3,-0.0444347108509407
17136658,4,0.09113360131972668
17136658,5,-0.033303126854404876
17136658,6,0.01028323293231692
17136658,7,0.0022533209709041345
17136860,1,-0.03675993884148948
17136860,2,-0.11227080297152815
17136860,3,-0.10188183224688138
17136860,4,0.04681500204568883
17136860,5,0.052179906001345935
17136860,6,2.066747097215839e-4
17136860,7,-0.02260799224840382
17136863,1,-0.0017637677152049823
17136863,2,-0.018177387871731118
17136863,3,0.12418362414094529
17136863,4,0.08063388581042151
17136863,5,0.04640056786629315
17136863,6,0.008710707359106172
17136863,7,4.2647878896770203e-4
17137315,1,6.96615913507904e-4
17137315,2,-0.02953685396305577
17137315,3,0.10561183076280636
17137315,4,0.06489973194194483
17137315,5,0.045646368676325384
17137315,6,0.014542285841558615
17137315,7,-0.007386072535940472
17138713,1,0.028111052369009085
17138713,2,0.06693521880241056
17138713,3,-0.013435756219753675
17138713,4,0.07317455471118267
17138713,5,0.025908141160840094
17138713,6,-0.02248046049301323
17138713,7,-0.04450225582732716
17139200,1,0.11124787152737048
17139200,2,-0.01372991105608361
17139200,3,-0.029102725689646964
17139200,4,0.07077731135089076
17139200,5,-0.11161612563259948
17139200,6,-0.1096838017293647
17139200,7,0.013512524433875826
17139672,1,-0.009535966286627277
17139672,2,-0.027745097145425866
17139672,3,-0.02387204257961575
17139672,4,0.015908197402950238
17139672,5,-0.0016604491106756534
17139672,6,0.033730656657030386
17139672,7,0.06197885670347191
17139866,1,-0.04013078522739352
17139866,2,-0.10079377095956078
17139866,3,-0.1043022044446554
17139866,4,0.05720594567743029
17139866,5,0.061363659214205994
17139866,6,0.0067718006657159135
17139866,7,-0.029600026253711248
17140023,1,0.1282455141584252
17140023,2,0.03994014660875322
17140023,3,-0.061311036816538725
17140023,4,0.04650830545575076
17140023,5,0.030098274275505783
17140023,6,0.01739742643769073
17140023,7,-0.021308040067243218
17140165,1,-0.006997328710937913
17140165,2,-0.027817995264900808
17140165,3,-0.015518685133982685
17140165,4,-0.011458072369199152
17140165,5,0.011566800072443312
17140165,6,-0.006659721811164364
17140165,7,-0.013644163542491278
17140593,1,0.01333732151231828
17140593,2,0.020670863480751644
17140593,3,-0.03550669258836763
17140593,4,0.06186844322857505
17140593,5,0.06160036989650031
17140593,6,-0.021221402805911466
17140593,7,-0.009627041483535584
17141339,1,-0.030982208715384763
17141339,2,-0.05263810451782686
17141339,3,-0.06671128497942173
17141339,4,0.020749141975585764
17141339,5,0.06129435182326787
17141339,6,-0.028559774826694313
17141339,7,-0.06440107215754765
17141349,1,0.004588223725874406
17141349,2,-0.013719416191698256
17141349,3,0.11365037026903299
17141349,4,0.06979755518050024
17141349,5,0.050797284682068164
17141349,6,-0.012039200559323645
17141349,7,-0.021580754926417544
17141389,1,0.13140225550812082
17141389,2,0.04630626641635361
17141389,3,-0.05172649239493513
17141389,4,0.04278971843272608
17141389,5,0.026150744090631273
17141389,6,0.019219433271567946
17141389,7,0.0010607007037138397
17141482,1,0.008695382334002416
17141482,2,-0.02159897167738746
17141482,3,0.10201025425982546
17141482,4,0.06612645764547556
17141482,5,0.03882634299159223
17141482,6,0.005181729567257941
17141482,7,-0.025359626954734902
17141559,1,-0.005732579238106681
17141559,2,0.015127543963967998
17141559,3,-0.009684740844354495
17141559,4,-0.007634752075146498
17141559,5,-0.005526957901418002
17141559,6,0.010200938674343386
17141559,7,-0.05379692430820591
17141753,1,0.12394561186541886
17141753,2,0.04324137316991925
17141753,3,-0.05108280416444992
17141753,4,0.0439347824532027
17141753,5,0.016362827817947817
17141753,6,0.02504492712067223
17141753,7,-0.009267968955554982
17142108,1,-0.09133421122415478
17142108,2,0.13965117433750843
17142108,3,-0.03313023204320343
17142108,4,0.08606475703244634
17142108,5,-0.02337170033536784
17142108,6,-0.007773012228453939
17142108,7,0.002259974312299577
17142585,1,0.12070204911640019
17142585,2,0.043605250760301355
17142585,3,0.020145442563526544
17142585,4,0.07026216808896217
17142585,5,0.05694891468637881
17142585,6,-0.022454395388488323
17142585,7,-0.007230194312769459
17142633,1,0.0021505450765775635
17142633,2,-0.0165621296210289
17142633,3,0.10312085018017617
17142633,4,0.0810223001561861
17142633,5,0.053147439410428626
17142633,6,0.0011785808184369357
17142633,7,0.0041823261088268105
17142671,1,-0.04193450568453626
17142671,2,-0.11540689950187986
17142671,3,-0.10868711948942038
17142671,4,0.038480481717639514
17142671,5,0.04440688831203211
17142671,6,0.0014742227304448627
17142671,7,-0.023028215953645924
17143028,1,0.00999291071129994
17143028,2,-0.03226840775462769
17143028,3,0.10849368595350874
17143028,4,0.07600334001378145
17143028,5,0.055022368575541096
17143028,6,-0.0033320538730263493
17143028,7,-0.003597154762658838
17143793,1,0.010782266130393925
17143793,2,0.025140115172638058
17143793,3,-0.03273038156766963
17143793,4,0.07237102883384536
17143793,5,0.06274644489316958
17143793,6,-0.020664478869755018
17143793,7,-0.011751237672726608
17143842,1,-0.08951404830117848
17143842,2,0.13556173645438077
17143842,3,-0.04225636028230199
17143842,4,0.09165291468362363
17143842,5,-0.02577011429745775
17143842,6,-0.004838559965136981
17143842,7,0.019470382140486128
17144555,1,0.132143115795032
17144555,2,0.04615489418810463
17144555,3,-0.05197376509093058
17144555,4,0.030595396601202432
17144555,5,0.029952498408983005
17144555,6,0.00613085556610428
17144555,7,-0.008147926031824104
17144856,1,-0.012400013098266877
17144856,2,0.01676640515317936
17144856,3,-0.019455953429227794
17144856,4,0.024012559773147233
17144856,5,-0.01669910241747951
17144856,6,0.016613890182025307
17144856,7,-0.007374488886918683
17145110,1,0.006061569722153501
17145110,2,-0.035214863354798384
17145110,3,0.10525061399809463
17145110,4,0.077647286472031
17145110,5,0.048441567106387
17145110,6,0.012266002375742636
17145110,7,-0.01465354779943913
17145314,1,0.010982623639488797
17145314,2,0.023053234619203004
17145314,3,-0.04013599605451832
17145314,4,0.08116718484097356
17145314,5,0.04473944234976287
17145314,6,-0.029939276751072174
17145314,7,-0.002191815622170824
17145351,1,0.07349746206780057
17145351,2,0.06841682401812203
17145351,3,-0.03621174046589165
17145351,4,-0.0946773752136051
17145351,5,0.13527748107872933
17145351,6,0.05620553931871994
17145351,7,0.051554853914396064
17145419,1,0.131303151794542
17145419,2,0.05009945293329069
17145419,3,-0.0498562288053733
17145419,4,0.043631106705716884
17145419,5,0.03015125702473956
17145419,6,0.028041708952035355
17145419,7,-1.3080818925744674e-4
17145480,1,0.11853125081436429
17145480,2,0.03558765411582656
17145480,3,0.006957374701306107
17145480,4,0.0751374960379148
17145480,5,0.04426244683481768
17145480,6,0.047904426870976936
17145480,7,-0.04713167596482776
17146898,1,-0.0046962598745716585
17146898,2,0.004632538529645225
17146898,3,6.65844860196585e-4
17146898,4,-0.007239355960101903
17146898,5,-0.003426098314870818
17146898,6,-0.002945351692129462
17146898,7,-4.3231979988331786e-4
17147139,1,-0.01770052781196804
17147139,2,0.0028009988264898534
17147139,3,-0.015701925353822747
17147139,4,0.02049982716969739
17147139,5,-0.006602416070171821
17147139,6,-0.005168938782229544
17147139,7,0.02581712397121976
17147156,1,-0.003942433274084129
17147156,2,-0.018069348442739146
17147156,3,0.10994772538385147
17147156,4,0.07345098215070665
17147156,5,0.0563280917502233
17147156,6,0.011090026606700316
17147156,7,-0.012646692536642627
17147306,1,0.007231169542440993
17147306,2,-0.015450087506192676
17147306,3,0.11377861990823118
17147306,4,0.0696420282729195
17147306,5,0.04739658006487527
17147306,6,-8.802204677165852e-4
17147306,7,-0.02946599329767805
17147355,1,0.11589329089746693
17147355,2,-0.01691355378718354
17147355,3,-0.027960879237127492
17147355,4,0.06901732291678281
17147355,5,-0.10196383441072644
17147355,6,-0.0576831693803866
17147355,7,-0.012127856475996993
17148769,1,-0.04252243627996781
17148769,2,-0.11042057894312463
17148769,3,-0.09836485050892707
17148769,4,0.048168361220181075
17148769,5,0.06035264833868471
17148769,6,0.006890954385434541
17148769,7,-0.028155691031664955
17149033,1,-0.08396221393268545
17149033,2,0.14508145939346326
17149033,3,-0.0517375573724915
17149033,4,0.08949421143697432
17149033,5,-0.026320627929641148
17149033,6,3.376199739392534e-4
17149033,7,0.020563975420130453
17149300,1,0.001757723211120867
17149300,2,-0.02287322800709778
17149300,3,0.12300534267168604
17149300,4,0.07364547869929462
17149300,5,0.04766058225770852
17149300,6,-0.0044617463917878885
17149300,7,-0.01672337026185915
17150676,1,-0.04197962529891422
17150676,2,-0.10550584632616625
17150676,3,-0.10796966609404782
17150676,4,0.05004178943404237
17150676,5,0.05687700589594178
17150676,6,0.020807546522893752
17150676,7,-0.03951852576260327
17151068,1,-0.04416338350737894
17151068,2,-0.10082993121757552
17151068,3,-0.10474228347079317
17151068,4,0.051075233023687
17151068,5,0.056478504868767106
17151068,6,0.024402533527887977
17151068,7,-0.025746547791501533
17152611,1,0.10978305041133944
17152611,2,0.043582834392474956
17152611,3,0.011649721373090512
17152611,4,0.05779474863601433
17152611,5,0.0448482891745548
17152611,6,-0.01105360545548294
17152611,7,-0.02922949829619926
17152633,1,-0.006290098341938632
17152633,2,0.021286782995313974
17152633,3,0.01211142824830566
17152633,4,0.007745981715043641
17152633,5,-0.0077952301092883486
17152633,6,0.018669511997536806
17152633,7,-0.06802898030208102
17152828,1,0.07623589475290579
17152828,2,0.05776707033667289
17152828,3,-0.023949088553658644
17152828,4,-0.09626409220325374
17152828,5,0.14727172075704326
17152828,6,0.07037831408979175
17152828,7,0.0706607656053496
17153549,1,0.005148117956589483
17153549,2,-0.017918059986274146
17153549,3,0.11608406364157656
17153549,4,0.06599077283220192
17153549,5,0.04974282393272385
17153549,6,0.004340698822443529
17153549,7,0.0054487348502627155
17153718,1,-0.021254304585501066
17153718,2,0.01596906359875604
17153718,3,-0.007055720595228017
17153718,4,0.011575066813668624
17153718,5,-0.00816633510241323
17153718,6,0.016768897441104078
17153718,7,0.06905945471074061
17153964,1,-0.08792074302947
17153964,2,0.13413930180843764
17153964,3,-0.04992579828603781
17153964,4,0.08647017323219788
17153964,5,-0.035399204714316033
17153964,6,0.007520269160629157
17153964,7,0.016038565550596528
17154984,1,-0.002280628314120942
17154984,2,-0.022605087162371574
17154984,3,0.11508742041574713
17154984,4,0.07912417705478066
17154984,5,0.0458861625122239
17154984,6,0.026851019211347884
17154984,7,-0.00950736217098267
17154992,1,-0.03484761207893053
17154992,2,0.03096574919179319
17154992,3,-0.0014586898895096229
17154992,4,0.007716894671345973
17154992,5,-0.03976208176804256
17154992,6,0.025524493828955577
17154992,7,-0.014643841168355484
17155383,1,0.11236969323436498
17155383,2,-0.00945890238225218
17155383,3,-0.021281271349286254
17155383,4,0.052555263641459946
17155383,5,-0.11466550899675959
17155383,6,-0.10987842065430442
17155383,7,0.024067091600290053
17156061,1,0.12558272674237234
17156061,2,0.05013261069174664
17156061,3,-0.05281239801382667
17156061,4,0.03183974825928651
17156061,5,0.029889190103581376
17156061,6,-0.03786121813002334
17156061,7,0.011977124081050259
17156280,1,0.00894950813241541
17156280,2,0.015716792359651822
17156280,3,-0.01961344645334874
17156280,4,0.04825642844545366
17156280,5,0.04167458842535666
17156280,6,-0.015045725199775456
17156280,7,7.682120425946456e-4
17159617,1,-0.04571086794574262
17159617,2,-0.0897058736707736
17159617,3,-0.10585746917161197
17159617,4,0.05042919110141894
17159617,5,0.04711334431846058
17159617,6,0.008701205187156658
17159617,7,-0.016195189366870515
