SNP_ID,PC,loading
17175610,1,0.018452523094435506
17175610,2,0.04525253307999094
17175610,3,0.01685250166287418
17175610,4,-0.06852807788163395
17175610,5,0.0644943017670545
17175610,6,-0.003396964758324996
17177470,1,2.2210075577122623e-4
17177470,2,-0.029021826687523955
17177470,3,-0.017488237462404688
17177470,4,0.03487461716333001
17177470,5,-0.02854794104307934
17177470,6,0.035022507871471244
17178230,1,0.004994266337217779
17178230,2,0.06472826967824086
17178230,3,0.07137594909507448
17178230,4,0.027741163252263
17178230,5,0.019145099531688137
17178230,6,0.3051409431494125
17178601,1,-0.16896829617191553
17178601,2,-0.0032036842586903314
17178601,3,8.722084341747649e-4
17178601,4,0.003552476744113575
17178601,5,0.10114604809265151
17178601,6,0.09988100002345934
17179031,1,0.015446828514168655
17179031,2,0.025522257448679864
17179031,3,0.027557376157859064
17179031,4,-0.014538431183504064
17179031,5,-0.024490626103274293
17179031,6,0.0224650876349468
17183103,1,0.0324959059443625
17183103,2,0.018962354301125944
17183103,3,-0.27676909315183634
17183103,4,0.1576426225057989
17183103,5,-0.04739488027386918
17183103,6,0.006171984693400613
17187637,1,0.01655601219310635
17187637,2,-0.043382760977637796
17187637,3,0.01261679284206696
17187637,4,-0.01692354392863668
17187637,5,-0.03197888599826718
17187637,6,-0.02307287010393042
17188325,1,0.003160788667181934
17188325,2,-0.02357815790943825
17188325,3,0.05603199473686332
17188325,4,0.10585428940647851
17188325,5,-0.048431301737261956
17188325,6,0.01745810620420335
17196213,1,0.02477112214137843
17196213,2,0.06387424027888348
17196213,3,-0.1930724204757353
17196213,4,0.13342911267817828
17196213,5,-0.038701832786109225
17196213,6,-0.025696065971687276
17196300,1,0.016479002058186518
17196300,2,0.015518754500760948
17196300,3,0.038454862585531734
17196300,4,-0.0383865585737158
17196300,5,-0.33081772920515184
17196300,6,-0.16455722856287242
17197386,1,-0.22315873488961935
17197386,2,-0.04668082066465606
17197386,3,-0.015625700542790066
17197386,4,0.016880275442477125
17197386,5,0.1389848920595192
17197386,6,0.047304390874483765
17197460,1,-0.011282376465542086
17197460,2,0.0429972093551507
17197460,3,0.008569602560390433
17197460,4,-0.09145389716197982
17197460,5,-0.029840315495026075
17197460,6,-0.05039467603292047
17197521,1,-0.005915298524212341
17197521,2,0.027596347267673956
17197521,3,0.01471168397997387
17197521,4,0.01963766859744137
17197521,5,0.06154276836161507
17197521,6,-0.15017209478143545
17198802,1,0.07677816600425418
17198802,2,-0.43010119464091
17198802,3,-0.02472889751418784
17198802,4,-0.031292396820042305
17198802,5,-0.010912921651455656
17198802,6,-0.1332997318937763
17199044,1,-0.013176200183459733
17199044,2,0.04121150588904916
17199044,3,0.03874523623462498
17199044,4,0.2313032532342333
17199044,5,0.277661279243773
17199044,6,-0.43507069252974667
17199093,1,0.017109799739436563
17199093,2,0.03487470468136431
17199093,3,-0.2174160964789938
17199093,4,0.17447396704062243
17199093,5,-0.04409762519231681
17199093,6,-0.012416198429757337
17199548,1,0.0011658020784565423
17199548,2,-0.034546778272959364
17199548,3,-0.0191811294751249
17199548,4,-0.010808130634501934
17199548,5,-0.014068181788353562
17199548,6,-0.006978034683316137
17200646,1,-0.21658288395340464
17200646,2,-0.0383160136021204
17200646,3,-0.01847288310236445
17200646,4,0.03242526702087456
17200646,5,0.11341319871512698
17200646,6,0.04291704960086582
17200789,1,-0.011083215160874594
17200789,2,0.019169954543053633
17200789,3,0.03029180177851391
17200789,4,0.04154838368882757
17200789,5,0.07254255332813875
17200789,6,-0.14660201519662902
17201824,1,-0.2206322054587468
17201824,2,-0.029083645604364005
17201824,3,-0.026123804918867555
17201824,4,0.02335293975922396
17201824,5,0.1101254683502756
17201824,6,0.04622628666347425
17202602,1,0.0016380730457428677
17202602,2,-0.0689898214639222
17202602,3,0.10461871565041043
17202602,4,0.19779525100230474
17202602,5,-0.07708347505061641
17202602,6,0.054386851170377774
17202794,1,0.008515283400817263
17202794,2,0.06172367385208334
17202794,3,0.05006479553409959
17202794,4,0.045532354247208376
17202794,5,0.0413264410951157
17202794,6,0.11017990555075678
17202942,1,-0.003836659594166295
17202942,2,0.027326041236676733
17202942,3,0.018255532044866504
17202942,4,-0.02247552398144245
17202942,5,0.016591102399032196
17202942,6,0.031098436491662208
17203103,1,-0.012096431208429874
17203103,2,-0.040514095886106674
17203103,3,0.06947748525713703
17203103,4,0.1342983521221135
17203103,5,-0.030530225673259744
17203103,6,0.08243177191294838
17203532,1,0.017457274906296828
17203532,2,0.24072554082110542
17203532,3,0.26122444056778404
17203532,4,0.23018338972454536
17203532,5,-0.07304645473384348
17203532,6,-0.13523589955696244
17203568,1,-0.21274400364066806
17203568,2,-0.039643080676487814
17203568,3,-0.035998335085426394
17203568,4,0.010281989717570607
17203568,5,0.11971179416589846
17203568,6,0.05160221640376324
17203762,1,-0.21023728531713012
17203762,2,-0.011339341178099394
17203762,3,-0.04474899557162644
17203762,4,0.040564121272861346
17203762,5,0.1153592158812135
17203762,6,0.0491172834937388
17204454,1,-0.005369842839970307
17204454,2,0.07098443171790322
17204454,3,0.07356105640610147
17204454,4,0.05043178715145282
17204454,5,-0.06014289545851359
17204454,6,0.28061939976389594
17205097,1,-0.030256049517936374
17205097,2,0.00245258929530808
17205097,3,-0.009175524036760068
17205097,4,0.03173011339243676
17205097,5,0.021898529010406127
17205097,6,-0.046647799486388336
17205814,1,-0.012715267921028065
17205814,2,0.006805859237032794
17205814,3,0.003938341156223117
17205814,4,0.0055854989232537
17205814,5,-0.13649473356310302
17205814,6,-0.080516666831616
17206294,1,0.03014284133732054
17206294,2,0.24885078080342965
17206294,3,0.2472312281498626
17206294,4,0.2227147220592761
17206294,5,-0.05880956973124193
17206294,6,-0.12240165752484154
17207798,1,0.011851628614676256
17207798,2,-0.06591774809809
17207798,3,0.09844245362550302
17207798,4,0.1631268349024897
17207798,5,-0.0653967994523887
17207798,6,0.060882720379136106
17208210,1,0.042725437091127985
17208210,2,0.01989360897860193
17208210,3,-0.2855196793998205
17208210,4,0.1260611082638469
17208210,5,-0.03985668951769919
17208210,6,0.04253899741491756
17208423,1,-0.22821985627866687
17208423,2,-0.01377547796886448
17208423,3,-0.010126185629196345
17208423,4,-0.0031341288041559496
17208423,5,-0.13932518890369686
17208423,6,-0.0539848799878906
17208726,1,-0.002653433674314634
17208726,2,-0.04483285055397265
17208726,3,0.02677488445186512
17208726,4,0.09874046580050787
17208726,5,-0.06423923299651826
17208726,6,0.03344483753194881
17210318,1,-0.021971652095859433
17210318,2,-0.04230098206708829
17210318,3,0.036204587119487396
17210318,4,0.14306149154842102
17210318,5,-0.04459232834213581
17210318,6,0.046598802894806286
17211075,1,0.014451399465431536
17211075,2,-0.07330188748390526
17211075,3,0.1128210204437408
17211075,4,0.19713357259660086
17211075,5,-0.06255868081953225
17211075,6,0.07652976332247821
17211440,1,0.0021604898659936707
17211440,2,0.054105245588323664
17211440,3,0.04269763649561657
17211440,4,0.2350488415875193
17211440,5,0.2922871578009679
17211440,6,-0.47920891476576644
17212553,1,0.0027852109995344532
17212553,2,0.05272176008751527
17212553,3,7.811007902566887e-4
17212553,4,-0.02392044595742544
17212553,5,0.09587181887804763
17212553,6,0.031562192116465285
17213298,1,-0.21788759380184453
17213298,2,-0.038552369409201884
17213298,3,-0.025647813812340336
17213298,4,0.033380121668485425
17213298,5,0.11819382153841036
17213298,6,0.012723635606471778
17214005,1,0.013206186031586964
17214005,2,0.04580112234789552
17214005,3,-0.12727610247838153
17214005,4,0.06605141630521452
17214005,5,6.746396723396208e-4
17214005,6,-0.035525370087120596
17214110,1,-0.22497532796838454
17214110,2,-0.02431726205793648
17214110,3,-0.019408847473391572
17214110,4,0.04825634874057819
17214110,5,0.16200237404694742
17214110,6,0.03988241288855418
17216536,1,-0.2286651079956495
17216536,2,-0.05061239863397838
17216536,3,-0.016284409880667372
17216536,4,0.01957401570598389
17216536,5,0.161432444417438
17216536,6,0.034174539260421764
17217025,1,0.0377451829326131
17217025,2,0.024130069607991966
17217025,3,-0.30651455338634853
17217025,4,0.10652950489947495
17217025,5,-0.04918617747612199
17217025,6,0.015820055352621695
17217247,1,0.022933027289687335
17217247,2,0.025356937401548315
17217247,3,-0.1984625657261826
17217247,4,0.12388582395071283
17217247,5,0.011183550811572207
17217247,6,-0.012410090182962127
17217285,1,0.013268585632076516
17217285,2,-0.012463670092710941
17217285,3,-0.0577057699162216
17217285,4,-5.328341790417484e-4
17217285,5,-0.04292737884667391
17217285,6,0.07304228065647544
17217317,1,0.0348040336737538
17217317,2,0.04531247377290969
17217317,3,-0.29290425384912006
17217317,4,0.15587503286510185
17217317,5,-0.050737565682964156
17217317,6,0.019929398805301517
17217989,1,0.0016346591298089857
17217989,2,0.03453799578451963
17217989,3,-0.11173801266930183
17217989,4,0.05411669930381438
17217989,5,0.03123418678525564
17217989,6,-0.02667142813475511
17219250,1,-0.21952614172970006
17219250,2,-0.05809478794043373
17219250,3,-0.0052475875601
17219250,4,0.0023792789890067436
17219250,5,0.09858418928867843
17219250,6,0.06153006832881998
17219356,1,0.04302329916151651
17219356,2,0.053454998279314665
17219356,3,-0.2629697825707693
17219356,4,0.09767867242994314
17219356,5,0.0011959119342895264
17219356,6,0.017121519609781713
17220001,1,0.010490615660883431
17220001,2,-0.10933680325555581
17220001,3,0.0809223725808542
17220001,4,0.22545308880224454
17220001,5,0.0523248287204664
17220001,6,0.10856672612944078
17220813,1,-0.21511628167602204
17220813,2,-0.0570981526150722
17220813,3,-0.016569032457697235
17220813,4,0.0363939282028412
17220813,5,0.11046263992777802
17220813,6,0.06235767131115334
17220864,1,0.0165041453808865
17220864,2,-0.03028398459757716
17220864,3,-0.0930345646414369
17220864,4,-0.028983714319955937
17220864,5,-0.031220445875211555
17220864,6,0.029618580867978084
17221208,1,-0.21493627579286975
17221208,2,-0.01875681304507943
17221208,3,-0.017713230126548043
17221208,4,0.01395261710603749
17221208,5,0.06914068536522097
17221208,6,0.06518472054001893
17221495,1,0.07421032941646089
17221495,2,-0.41677563740321694
17221495,3,-0.008733809690673505
17221495,4,-0.05100071037950138
17221495,5,0.012561790046200016
17221495,6,-0.10101804964258
17221812,1,0.01486009665263336
17221812,2,-0.05636505216634847
17221812,3,0.09697706797821713
17221812,4,0.19094052631420766
17221812,5,-0.0719925604328133
17221812,6,0.08190559611334168
17222785,1,0.0034096306144718873
17222785,2,-0.08128566269840184
17222785,3,0.09156622341950642
17222785,4,0.20995318671449614
17222785,5,-0.14538628568411366
17222785,6,0.059003170041596505
17222894,1,-0.01394697220886818
17222894,2,0.03486347322650893
17222894,3,0.04019514730407651
17222894,4,-0.023813183026356093
17222894,5,0.10137905337728177
17222894,6,0.04238422143656841
17222934,1,-0.0122717235607713
17222934,2,0.043813514646029485
17222934,3,-0.0018537322146688498
17222934,4,-0.03988061956936968
17222934,5,0.05720792569872749
17222934,6,0.03329327853673959
17222962,1,0.023907454767686107
17222962,2,-0.12109046531956918
17222962,3,0.0925987019499746
17222962,4,0.26456025586371035
17222962,5,0.059222751131884174
17222962,6,0.11385007938783949
17223264,1,-0.21913740058826955
17223264,2,0.0056514257708131736
17223264,3,-0.008083388458452028
17223264,4,-0.02907274707552329
17223264,5,-0.2099386892729423
17223264,6,-0.11161905172308395
17223271,1,-0.22074843604420932
17223271,2,-0.0022134711834813836
17223271,3,-0.007236106822130273
17223271,4,-0.024934733440344258
17223271,5,-0.21625612799512017
17223271,6,-0.03796862608056066
17223534,1,0.029529279769073
17223534,2,0.02713807767187995
17223534,3,-0.29056822717690983
17223534,4,0.14533934295404433
17223534,5,0.006855579148713857
17223534,6,-0.017633897364869328
17223562,1,-0.2317721609492028
17223562,2,-0.011911359190977808
17223562,3,-0.005816295333380857
17223562,4,-0.015119413144051172
17223562,5,-0.18607079630264206
17223562,6,-0.07997977223748716
17223938,1,0.014761139400946878
17223938,2,-0.11552631893709972
17223938,3,0.08185775127823071
17223938,4,0.25218466943546264
17223938,5,0.04662071065783632
17223938,6,0.13036717775308335
17224026,1,-0.23306432674212757
17224026,2,-0.0014460868829502397
17224026,3,-0.03398471068005026
17224026,4,0.0036548293769915596
17224026,5,-0.15592195241063833
17224026,6,-0.0838708206626514
17224038,1,-0.014661102690526968
17224038,2,-0.08020330871693283
17224038,3,0.04818098623164178
17224038,4,0.16505161816538247
17224038,5,-0.04786628051620086
17224038,6,0.05270503498983787
17224283,1,-0.0055140077647193066
17224283,2,0.039821870793171246
17224283,3,0.005310010296747183
17224283,4,-0.04837432032568668
17224283,5,0.0537903323054687
17224283,6,0.0700979740375308
17224285,1,-0.22238334353059902
17224285,2,-0.022530022564153013
17224285,3,-0.003873189845852082
17224285,4,-0.00567242835180411
17224285,5,-0.17373874008560014
17224285,6,-0.09826057780566332
17224424,1,0.004979262894521758
17224424,2,0.06906131393759295
17224424,3,-0.023009619351452154
17224424,4,-0.08560844788416729
17224424,5,-0.048060067132365644
17224424,6,-0.02625490348040198
17224430,1,-0.21221912019517536
17224430,2,-0.016256202544655637
17224430,3,-0.022237409153560508
17224430,4,-0.018157040823456545
17224430,5,-0.18291503174097273
17224430,6,-0.1209574742958433
17224544,1,-0.22847873185751622
17224544,2,-0.018656201099123842
17224544,3,-0.014770247173779671
17224544,4,0.013841703968306914
17224544,5,-0.17998862185224332
17224544,6,-0.07732539607991616
17224835,1,0.08571174109123306
17224835,2,-0.4168196669558691
17224835,3,-0.0054293701079122705
17224835,4,-0.03555671122524681
17224835,5,-0.005999200085095178
17224835,6,-0.062177004495951524
17225319,1,-0.021396245195367793
17225319,2,-0.06240903300557374
17225319,3,0.06793886278430389
17225319,4,0.16047030690395947
17225319,5,-0.10648345733143724
17225319,6,0.03420806003650072
17225629,1,0.006377007962895587
17225629,2,0.03844868242075125
17225629,3,0.029045248944586086
17225629,4,0.013600398782697021
17225629,5,0.03471855834791732
17225629,6,0.08395528357487773
17225692,1,0.06562824570216022
17225692,2,-0.41853600658354423
17225692,3,-0.01264091789719501
17225692,4,-0.017266225602921577
17225692,5,0.008292789732810883
17225692,6,-0.09753332664401987
17225773,1,-2.1541492066474432e-4
17225773,2,0.01711065684439204
17225773,3,0.0301654606252071
17225773,4,-0.024164212360148634
17225773,5,-0.2935619245806155
17225773,6,-0.15105212701999918
17225903,1,-0.012809350888254687
17225903,2,-0.05740731819178039
17225903,3,0.06178917952643368
17225903,4,0.1656338183905156
17225903,5,-0.10214472295761101
17225903,6,0.0486637494633174
17226065,1,-0.004224989536679454
17226065,2,-0.05134210476847093
17226065,3,0.06010950013556802
17226065,4,0.11674923538870087
17226065,5,-0.07376193373049406
17226065,6,0.06554261102441264
17226076,1,0.0037008467122511364
17226076,2,-0.03512204233393465
17226076,3,0.003966175710500018
17226076,4,0.0031987856531742846
17226076,5,0.04876102188500119
17226076,6,-0.014544369355271935
17226822,1,-0.005597266318278784
17226822,2,-0.03822805471433109
17226822,3,0.017702060630129968
17226822,4,0.07604033180063025
17226822,5,-0.05067188042107798
17226822,6,-0.0015544453001128853
17226906,1,6.972627090116241e-4
17226906,2,-0.043885785932575236
17226906,3,0.01860028286161896
17226906,4,0.0754055179016488
17226906,5,-0.02376270802181794
17226906,6,0.0038589801759344373
17226948,1,0.031394785839200426
17226948,2,0.017180474150137334
17226948,3,-0.28521245752719193
17226948,4,0.11481334046372706
17226948,5,-0.08513883329307143
17226948,6,0.032114014939143704
17227182,1,-0.012505447529682493
17227182,2,-0.046687013565194446
17227182,3,0.021554514461761785
17227182,4,0.08471197217151887
17227182,5,-0.06761827098037382
17227182,6,0.043310901749245984
