SNP_ID,PC,loading
17007410,1,-0.04413760669942152
17007410,2,0.015749999969923538
17007410,3,0.02134922705921151
17007410,4,0.03415831862803387
17007410,5,0.07839756614127938
17007410,6,0.10953945844735372
17010567,1,0.006866352306033496
17010567,2,0.006001125067156067
17010567,3,-0.004188099482918828
17010567,4,-0.002083802808245605
17010567,5,0.1558989448770193
17010567,6,-0.02833618774924978
17012057,1,-0.14557929142771742
17012057,2,0.012269472114950011
17012057,3,0.031258638715318296
17012057,4,0.028320177062648222
17012057,5,-0.049130500836592095
17012057,6,0.027008125282783065
17012169,1,-0.14830366551178412
17012169,2,0.011863096234241921
17012169,3,0.029472203460747415
17012169,4,-0.017561129428514843
17012169,5,-0.0884684067557307
17012169,6,0.033917833399842126
17012392,1,-0.1461629403503293
17012392,2,0.006203723944696593
17012392,3,0.016026135692639554
17012392,4,-0.026229449429005458
17012392,5,-0.07039669231214507
17012392,6,-8.665214624382495e-4
17012430,1,0.002475929418840452
17012430,2,-0.014390263109153256
17012430,3,0.005307358395862508
17012430,4,0.0017934956339619168
17012430,5,0.13976308819620964
17012430,6,-0.009738869025483515
17013111,1,-0.1491930991038676
17013111,2,0.022548293186448812
17013111,3,0.03454646787539034
17013111,4,-0.04370377959375464
17013111,5,-0.041278479211827535
17013111,6,0.022105470507784202
17015024,1,-0.14904239461112775
17015024,2,0.01013181751580857
17015024,3,0.035786175489966654
17015024,4,-0.014334871645417215
17015024,5,-0.09326512992567229
17015024,6,0.009729734798798864
17018404,1,-0.1425283546015487
17018404,2,6.470131188455845e-5
17018404,3,0.006939417195694519
17018404,4,-0.03304477357378371
17018404,5,-0.07423725555623273
17018404,6,-0.0024002585658289832
17018509,1,-0.11245492550130735
17018509,2,0.004299792003639867
17018509,3,0.01220571814475243
17018509,4,-0.08571540698374892
17018509,5,-0.14807315895007397
17018509,6,-0.09048289503639984
17018874,1,-0.12166897053298067
17018874,2,0.018793343139287634
17018874,3,0.014426920532778002
17018874,4,-0.048546334059716104
17018874,5,-0.005434665917725262
17018874,6,0.028393550632760722
17019335,1,-0.14436880642039526
17019335,2,0.009187068439551815
17019335,3,0.01938334285033622
17019335,4,-0.03468273099184317
17019335,5,-0.09588125151735308
17019335,6,0.016150552034532695
17019796,1,-0.14322207991909755
17019796,2,0.011817186569989088
17019796,3,0.015110240957986723
17019796,4,-0.03347149419087762
17019796,5,-0.06587267540557348
17019796,6,0.033431775808229425
17020454,1,-0.14302190554300484
17020454,2,0.012849556793071319
17020454,3,0.023809735893689846
17020454,4,-0.05724483579079234
17020454,5,-0.07982790204423015
17020454,6,0.05092053348953206
17020735,1,-0.15760633936224328
17020735,2,-0.012683591680710125
17020735,3,0.01836546093020696
17020735,4,-0.04526513932889401
17020735,5,-0.07555974286876063
17020735,6,0.014945273573388174
17021372,1,-0.14699115748056468
17021372,2,0.008846640581563472
17021372,3,0.023981557460273355
17021372,4,-0.04287616619171705
17021372,5,-0.06111233540166298
17021372,6,0.042185048461338824
17021691,1,-0.14737185580988693
17021691,2,-6.432296669493091e-4
17021691,3,0.024321805359081423
17021691,4,-0.05215955303787874
17021691,5,-0.0602565292746093
17021691,6,0.01957286619218952
17022336,1,-0.15298724222928178
17022336,2,-0.001979417661003591
17022336,3,0.04477824475264953
17022336,4,-0.03543943038260541
17022336,5,-0.08321233604132257
17022336,6,0.03183488742861106
17022459,1,0.00996742304385568
17022459,2,-0.016789277618592734
17022459,3,-0.00888218427232144
17022459,4,-0.01853154753625756
17022459,5,0.14177422289695377
17022459,6,-0.01099230045930399
17022719,1,-0.06740777597613343
17022719,2,-0.004600046181580907
17022719,3,-0.013012624437848862
17022719,4,-0.0490483438992208
17022719,5,-0.018561413503378414
17022719,6,-0.07949379101138167
17024561,1,-0.1365928170801627
17024561,2,0.00973506698547113
17024561,3,0.03721654082084375
17024561,4,-0.04840942631722402
17024561,5,-0.06282310602876096
17024561,6,4.691492809079689e-4
17024823,1,-0.13658648581727909
17024823,2,-0.006985004771300728
17024823,3,0.030985025570430934
17024823,4,-0.05213151529150113
17024823,5,-0.021724539319513198
17024823,6,0.009797293332785418
17024866,1,-0.14086730531846375
17024866,2,4.1059513070639214e-4
17024866,3,0.035154820724054826
17024866,4,-0.06266532551094996
17024866,5,-0.06990084699930316
17024866,6,0.011799683006908302
17025507,1,-0.14177313528578592
17025507,2,-0.0012821910964433672
17025507,3,0.03196405159100731
17025507,4,-0.045144807901220316
17025507,5,-0.050398047975511444
17025507,6,0.05458223650796429
17025879,1,-0.1525926890316945
17025879,2,0.006545264605466964
17025879,3,0.03234777235073422
17025879,4,-0.06261535157877655
17025879,5,-0.10852850622491711
17025879,6,0.009621728340348117
17032282,1,-0.13464493617864348
17032282,2,-0.007233854922886189
17032282,3,0.036877199370411486
17032282,4,0.009922312217967235
17032282,5,-0.01783792979935695
17032282,6,-0.029030455582411616
17033099,1,-0.07784849119085763
17033099,2,-0.04386532907595851
17033099,3,0.014134199697189242
17033099,4,-0.0153629777884721
17033099,5,-0.07919030974026159
17033099,6,-0.1516038411232338
17033511,1,0.0010892170029506785
17033511,2,-0.004346922394775194
17033511,3,0.0066325266522890645
17033511,4,0.005678824061329862
17033511,5,0.1440333482434002
17033511,6,-0.024562975092681516
17034945,1,-0.13043698470436524
17034945,2,5.209094108147837e-4
17034945,3,-0.014251012024593552
17034945,4,-2.4006700285819398e-5
17034945,5,0.00973444741562206
17034945,6,-0.01921526948147601
17034956,1,-0.13361366261663712
17034956,2,-0.004314831767911597
17034956,3,-0.027804650515625848
17034956,4,0.02858408406395379
17034956,5,0.016337236598181707
17034956,6,-0.02224665819974195
17036642,1,-0.12234243167136435
17036642,2,0.14533340562105174
17036642,3,-0.014798570058215884
17036642,4,0.10432321086876836
17036642,5,0.05154232612490007
17036642,6,-0.1031301347521251
17037108,1,-0.07849497312593329
17037108,2,-0.01604264676505222
17037108,3,-0.0199994729573082
17037108,4,-0.051713722003317204
17037108,5,-0.11014383181781441
17037108,6,-0.13187916393127028
17037192,1,-0.004773249923073355
17037192,2,0.18701954201572452
17037192,3,-0.004065792260669911
17037192,4,0.07406345453348075
17037192,5,0.022929115452858053
17037192,6,-0.06651665802532931
17037504,1,0.07902731212972929
17037504,2,-0.014792214612715697
17037504,3,0.0516420134086049
17037504,4,-0.09794047841368518
17037504,5,-0.22981867967796984
17037504,6,-0.06982313521595711
17037779,1,-0.14697050346343474
17037779,2,-0.0030446190526527404
17037779,3,-0.05509140218536885
17037779,4,0.03775499065829388
17037779,5,0.021336140505036627
17037779,6,-0.05485363454539547
17037807,1,-0.1477646829574365
17037807,2,0.004945689189747283
17037807,3,-0.04271685211345501
17037807,4,0.05880834118061221
17037807,5,0.04081138895804426
17037807,6,-0.06185935712863578
17038426,1,-0.13925712675971574
17038426,2,6.145008392256173e-4
17038426,3,-0.018922693591673735
17038426,4,0.033740086228471786
17038426,5,0.010138338666002162
17038426,6,-0.04276848417492912
17038636,1,0.09853262449406068
17038636,2,-0.03464084418429185
17038636,3,0.06799713806848665
17038636,4,-0.06919131552271039
17038636,5,-0.21118997569018824
17038636,6,0.06052186948284056
17043136,1,-0.13662075926615133
17043136,2,0.0025205837945364963
17043136,3,-0.034617426903138036
17043136,4,0.04845895631073662
17043136,5,0.031111606761398954
17043136,6,-0.04247397753018428
17045641,1,0.10356743081209459
17045641,2,-0.03769189031572154
17045641,3,0.06714645767316496
17045641,4,-0.05677808558758563
17045641,5,-0.2097709418691591
17045641,6,0.06534082235614748
17046111,1,-0.13994229081953294
17046111,2,-0.012398736596991648
17046111,3,-0.03935987891087179
17046111,4,0.04551134482394755
17046111,5,0.030796310119996603
17046111,6,-0.03311080079567691
17046587,1,0.10896997891857424
17046587,2,-0.04381242718033971
17046587,3,0.06917452989362226
17046587,4,-0.06673542914857375
17046587,5,-0.2354788631515867
17046587,6,0.057141453704857445
17046719,1,-0.13930893768786193
17046719,2,-0.008948569656129744
17046719,3,-0.014168421631373765
17046719,4,0.024135128267097964
17046719,5,0.02318402831644708
17046719,6,-0.012511083605531432
17047632,1,-0.017865833057897445
17047632,2,-0.016664944500465476
17047632,3,-0.02255859595975248
17047632,4,0.0260888925681896
17047632,5,0.07402175168963604
17047632,6,-0.01564160436954698
17049115,1,0.006047197970263483
17049115,2,0.18064373148316265
17049115,3,0.03411562719983633
17049115,4,0.042496716148284035
17049115,5,-0.016034323002407577
17049115,6,0.0034407744218881565
17049827,1,-0.13313011668845515
17049827,2,-0.006320574076741188
17049827,3,-0.05103306167850687
17049827,4,0.04231700315152236
17049827,5,0.04347190933790605
17049827,6,-0.03839649885831369
17050088,1,-0.13627089616931973
17050088,2,-0.015505085765787352
17050088,3,-0.05177045800875077
17050088,4,0.029546511522936834
17050088,5,0.010918840735528727
17050088,6,-0.05746494973392139
17050605,1,0.10931173475006739
17050605,2,-0.03968301928076417
17050605,3,0.06871573142131801
17050605,4,-0.07977566273162585
17050605,5,-0.21334134385862333
17050605,6,0.05788425063447709
17051419,1,-0.14886729379595592
17051419,2,-0.001014789111108308
17051419,3,-0.039537683758333365
17051419,4,0.03363380691999232
17051419,5,0.03405292467002742
17051419,6,-0.020170276102546052
17051775,1,0.008095923021669647
17051775,2,0.25679902963921014
17051775,3,0.042800878929670785
17051775,4,0.040734203645171094
17051775,5,-0.06741124692612971
17051775,6,0.015484000442352965
17052123,1,0.07113761822221029
17052123,2,-0.04073278030008882
17052123,3,0.07958167315454255
17052123,4,-0.03110271233525028
17052123,5,-0.13668876194464194
17052123,6,0.0860224160844622
17052871,1,-0.13655614548859046
17052871,2,-0.0015156115121493494
17052871,3,-0.030947366637267458
17052871,4,0.038254031649122104
17052871,5,-0.012412882510698685
17052871,6,-0.045165877311059976
17054103,1,0.011109143605527602
17054103,2,-0.030728778214724962
17054103,3,-0.20607310292101017
17054103,4,0.0834269385513569
17054103,5,-0.0974245189463373
17054103,6,0.03626509652591068
17054291,1,0.00846080876110057
17054291,2,-0.025802676375634704
17054291,3,-0.23447396267438186
17054291,4,0.11847767077877826
17054291,5,-0.07460606218354268
17054291,6,0.00395995637445009
17054332,1,0.010119112055978189
17054332,2,-0.036796594914699984
17054332,3,-0.22627468679999344
17054332,4,0.10572977495101941
17054332,5,-0.07574725148273816
17054332,6,0.05124336090210837
17054720,1,0.00999686544875572
17054720,2,0.24801429605607433
17054720,3,0.037854535281074284
17054720,4,0.06610865700471522
17054720,5,-0.054391404680318986
17054720,6,0.026449356991415984
17054795,1,0.018362404900785518
17054795,2,-0.03645778572992465
17054795,3,-0.2172804408347022
17054795,4,0.1280960254297374
17054795,5,-0.09393964121395199
17054795,6,0.017979259253082684
17054847,1,-0.1415567083824158
17054847,2,-0.0034656125743929463
17054847,3,-0.030467903270670237
17054847,4,0.046733339147498165
17054847,5,0.052381455350461036
17054847,6,-0.05370237560736137
17055074,1,0.01457876428019527
17055074,2,0.25935369538919095
17055074,3,0.04402631011901272
17055074,4,0.07306097870688384
17055074,5,-0.040451242971511286
17055074,6,-0.027643822401454188
17055458,1,0.014116798633974123
17055458,2,0.24906765418689758
17055458,3,0.04299817964196393
17055458,4,0.06223169204884549
17055458,5,-0.047824106194216176
17055458,6,0.01610594113521163
17055569,1,0.06463444696447769
17055569,2,-0.022789487267200304
17055569,3,0.08838572875582826
17055569,4,-0.028892340755024563
17055569,5,-0.0916231527242782
17055569,6,0.11535235384126541
17055818,1,0.0713155344815335
17055818,2,-0.03735832078264593
17055818,3,0.06149188137912529
17055818,4,-0.022682413745572234
17055818,5,-0.12358553263843274
17055818,6,0.0879297696979431
17055978,1,0.010213333453960726
17055978,2,-0.048577371849850615
17055978,3,-0.22940597967246862
17055978,4,0.10994699070328655
17055978,5,-0.13128251296183088
17055978,6,0.036549236421785175
17055984,1,0.015755309343872658
17055984,2,0.23865824101603703
17055984,3,0.052181641358392435
17055984,4,0.05102449782267397
17055984,5,-0.06319005489247326
17055984,6,0.006038589595524693
17056298,1,0.05407627883071952
17056298,2,-0.03681950166242056
17056298,3,0.0911662394734807
17056298,4,-0.01948553350745145
17056298,5,-0.12151209086444921
17056298,6,0.09720756654402363
17056415,1,0.05953508237764414
17056415,2,-0.03948917083300875
17056415,3,0.08372165704837868
17056415,4,-0.021483492482741017
17056415,5,-0.10342373945169298
17056415,6,0.11270051515843976
17057597,1,0.013386170537117397
17057597,2,0.23831279212895198
17057597,3,0.03675389728783036
17057597,4,0.06887061606232127
17057597,5,-0.03353742168061197
17057597,6,0.01221435158518425
17058482,1,0.012966725678534956
17058482,2,0.24875940281218933
17058482,3,0.04655910322115409
17058482,4,0.058101436969264356
17058482,5,-0.05198588949317357
17058482,6,-0.0015980443701687744
17058616,1,0.011276879190119776
17058616,2,-0.046508658778663316
17058616,3,-0.22419046314661628
17058616,4,0.13176299325315943
17058616,5,-0.09959774812266084
17058616,6,0.012075419800788361
17059916,1,0.002491827281608738
17059916,2,-0.023040033174055497
17059916,3,-0.2376337654643005
17059916,4,0.10225124177263265
17059916,5,-0.11006309872501842
17059916,6,0.033882592628272694
17060166,1,0.013329989213166379
17060166,2,0.26505831616445774
17060166,3,0.05016569339982914
17060166,4,0.06892490548957202
17060166,5,-0.02543801684001425
17060166,6,0.005477073296035653
17060419,1,0.013513729638908642
17060419,2,-0.022820418581006738
17060419,3,-0.23047684253992157
17060419,4,0.1127955995452203
17060419,5,-0.07247159888757812
17060419,6,0.015322360716970903
17060707,1,-0.1409434532290148
17060707,2,1.622080815331892e-4
17060707,3,-0.01968727188619688
17060707,4,0.0012271257807091615
17060707,5,-4.8253077773196965e-4
17060707,6,-0.044422898104182366
17061093,1,0.010155668132614658
17061093,2,-0.04226050072012692
17061093,3,-0.2199535380200943
17061093,4,0.11451458676599888
17061093,5,-0.07256907796421364
17061093,6,0.025243756100518145
17061305,1,-0.131518608077645
17061305,2,-9.859666587067907e-4
17061305,3,-0.014769542407761552
17061305,4,0.02951121299143181
17061305,5,0.03648136215231028
17061305,6,-0.0271441713711719
17063176,1,-0.13596409805441287
17063176,2,5.415803308068732e-4
17063176,3,-0.01763059980329309
17063176,4,0.02560295260857058
17063176,5,0.01773453980397502
17063176,6,-0.018813180303749764
17063530,1,-0.1373374695074256
17063530,2,-0.01193078847108687
17063530,3,-0.01802778260464925
17063530,4,0.022583044277607822
17063530,5,0.007354635006622559
17063530,6,4.077751865518652e-4
17064010,1,3.9374011334899605e-4
17064010,2,0.2480272002800374
17064010,3,0.026068452656645938
17064010,4,0.06894433565393791
17064010,5,-0.05363979656883241
17064010,6,0.018905113894277344
17064885,1,0.010071503333815991
17064885,2,-0.01426976537374989
17064885,3,-0.22562977133341153
17064885,4,0.1270399771717422
17064885,5,-0.0872954943070578
17064885,6,0.03515577957890476
17065079,1,0.008732387372468184
17065079,2,0.2536099762476119
17065079,3,0.040477340735496845
17065079,4,0.07687407810814775
17065079,5,-0.05355845898644597
17065079,6,0.00629251950070484
17066034,1,0.01601834144085572
17066034,2,-0.050942198348465195
17066034,3,-0.20986251291369096
17066034,4,0.13317529764974081
17066034,5,-0.07382049764886532
17066034,6,0.05748463083703425
17066400,1,0.05933134674085082
17066400,2,-0.05108445123833777
17066400,3,0.05280445814921122
17066400,4,-0.011784763771007498
17066400,5,-0.1250244778451033
17066400,6,0.05698319392800072
17066493,1,0.03609198842278014
17066493,2,0.22122227682803597
17066493,3,-0.1892577762289422
17066493,4,0.12565946304130168
17066493,5,-0.11799538827363504
17066493,6,0.03223192988309724
17066622,1,-0.06614772250640742
17066622,2,-0.0080639669312616
17066622,3,-0.001195589575515127
17066622,4,-0.025154404472352034
17066622,5,-0.09529950152658846
17066622,6,-0.14260140441123706
17066700,1,0.010811541738321639
17066700,2,0.25111890588739166
17066700,3,0.0187864447786089
17066700,4,0.054719245207725906
17066700,5,-0.043492731432441055
17066700,6,0.0187353439459893
17066768,1,0.01626330692173538
17066768,2,-0.03323248335644443
17066768,3,-0.21115298602867
17066768,4,0.12962345698520658
17066768,5,-0.09596678922437038
17066768,6,0.016529799783146084
17068748,1,-0.07112607992823759
17068748,2,-0.004430954611133912
17068748,3,0.016256533464860466
17068748,4,-0.03163621475103016
17068748,5,-0.06858209782237942
17068748,6,-0.11497906191674184
17070109,1,0.00143302929125232
17070109,2,0.010203036952765287
17070109,3,-0.039059391108331405
17070109,4,-0.0098035397453689
17070109,5,-0.07931573930893077
17070109,6,-0.016083051223832932
17070407,1,-0.07965111884906544
17070407,2,-0.012650455158370722
17070407,3,0.017410567277691535
17070407,4,-0.028363643253808118
17070407,5,-0.05265388453332328
17070407,6,-0.09080326334517526
17070764,1,-0.0637257657983008
17070764,2,5.062104384978109e-4
17070764,3,0.0060721240496147124
17070764,4,0.022884618266909833
17070764,5,0.21164693198136708
17070764,6,0.08420976289271438
17071513,1,-0.049110121324098026
17071513,2,0.005626188479243874
17071513,3,0.004521690484116469
17071513,4,0.0474088464777128
17071513,5,0.2362020165894644
17071513,6,0.0798103557576302
17073119,1,-0.0024524048657483502
17073119,2,0.0180225090525508
17073119,3,0.0037483936639229978
17073119,4,0.022593107499816887
17073119,5,-0.014524666166222175
17073119,6,0.0015534799948944767
17074090,1,-0.006194451009778851
17074090,2,-0.021236524088442486
17074090,3,-0.03272951898556593
17074090,4,0.028117896490706718
17074090,5,0.032513403886981644
17074090,6,-0.036261805478516825
17075467,1,-0.07899418201172673
17075467,2,0.0013461980329802998
17075467,3,0.026680252491740795
17075467,4,-0.029069814196767924
17075467,5,-0.1233243725029648
17075467,6,-0.16609135062221658
17076273,1,0.026494532664291658
17076273,2,-0.08862144651711806
17076273,3,0.04089094424446883
17076273,4,0.009370559180012531
17076273,5,-0.10041094169341092
17076273,6,-0.004557093842258203
17076878,1,0.023881856277432133
17076878,2,0.19553573211530012
17076878,3,0.03295077478376401
17076878,4,0.07567451887944132
17076878,5,0.014476396494661755
17076878,6,-0.0067578015930439585
17077901,1,0.03007930014214714
17077901,2,-0.12664177655539965
17077901,3,0.22952491138005007
17077901,4,0.31395207848264917
17077901,5,-0.047791438989062074
17077901,6,-0.04041813287626312
17077949,1,0.06974958494733272
17077949,2,0.01949862879045977
17077949,3,-0.054399036444634404
17077949,4,-0.06988457850608096
17077949,5,0.03615183707023633
17077949,6,-0.1844757999223787
17078105,1,0.026299934206763378
17078105,2,-0.12388427090186639
17078105,3,0.196176408273907
17078105,4,0.35753057925910575
17078105,5,0.016171091299597592
17078105,6,-0.09398662490099952
17078853,1,-0.09179814447441946
17078853,2,-0.019294140166917773
17078853,3,0.006542412847810459
17078853,4,-0.030110467762188578
17078853,5,-0.09545800341218358
17078853,6,-0.17317129394388225
17079196,1,-0.07489422739328071
17079196,2,-0.011918316447508735
17079196,3,0.008162810104624774
17079196,4,-0.03269364067121919
17079196,5,-0.10030398341443367
17079196,6,-0.17500901629749052
17079417,1,0.07045812952811013
17079417,2,0.016016993136599027
17079417,3,-0.05295791618192607
17079417,4,-0.06415380967552844
17079417,5,0.0580618821038488
17079417,6,-0.2523043394387057
17079469,1,-0.05391537703956993
17079469,2,0.009853738483775795
17079469,3,-0.007042026220512739
17079469,4,0.0541046687908258
17079469,5,0.09389062368218566
17079469,6,0.12968123909036575
17079536,1,-0.05838768824297898
17079536,2,0.022372197681218373
17079536,3,-0.027896061305328748
17079536,4,0.051975935364683284
17079536,5,0.12090813305351295
17079536,6,0.1067359857874835
17079911,1,-0.05164771881416916
17079911,2,0.014491156146941145
17079911,3,-0.0060772470864982955
17079911,4,0.043890663940924037
17079911,5,0.11265855828929154
17079911,6,0.13323399596237392
17080190,1,0.06891575803190246
17080190,2,0.03278440720404273
17080190,3,-0.037898681427543976
17080190,4,-0.045499673928251376
17080190,5,0.02733089275338514
17080190,6,-0.22087328742026144
17081040,1,0.03494553528692351
17081040,2,-0.11800085375369453
17081040,3,0.20302056282436054
17081040,4,0.3567701606835617
17081040,5,-0.04559551191018677
17081040,6,-0.09684861869323963
17081763,1,0.03201030704348573
17081763,2,-0.11584110003282803
17081763,3,0.2046005885279325
17081763,4,0.356074747403356
17081763,5,-0.028604724892593796
17081763,6,-0.12944485381809478
17082713,1,-0.0733591313059991
17082713,2,-0.03870484963675582
17082713,3,0.0026585219129485103
17082713,4,-0.01929304982805504
17082713,5,-0.09903358453995359
17082713,6,-0.13428700840026705
17083590,1,0.08890014494061556
17083590,2,0.037317517199989686
17083590,3,-0.06691600235473202
17083590,4,-0.056206362702942846
17083590,5,0.03293376206076943
17083590,6,-0.19979126678665157
17083747,1,-0.05473234037684183
17083747,2,0.011377705174318117
17083747,3,-0.018573980898007346
17083747,4,0.06654488279732043
17083747,5,0.10375704877422746
17083747,6,0.13885327307798936
17084609,1,0.0687599000376255
17084609,2,0.048495952179428085
17084609,3,-0.07227726654872844
17084609,4,-0.04939334458879943
17084609,5,0.03258566671614106
17084609,6,-0.20045118863276806
17084717,1,0.083245756691323
17084717,2,0.04868338585534223
17084717,3,-0.054934836193107336
17084717,4,-0.05253347472664083
17084717,5,0.050027343457292414
17084717,6,-0.21029825812044128
17084762,1,0.08457049730829465
17084762,2,0.04028872420133558
17084762,3,-0.04905722761169913
17084762,4,-0.068114863410884
17084762,5,0.025830316693945712
17084762,6,-0.21649534045056446
17085109,1,-0.05470414370503198
17085109,2,0.003090209220303841
17085109,3,-0.010355158610811571
17085109,4,0.049454689667880636
17085109,5,0.10015716075448416
17085109,6,0.1096463036984547
17085899,1,0.009361291226258624
17085899,2,-0.013127508420822782
17085899,3,-0.00733289460855366
17085899,4,-0.035212123840653725
17085899,5,0.030822383699847633
17085899,6,0.024148341763182715
17086614,1,-0.024603436488692055
17086614,2,-0.11059409621729714
17086614,3,0.18786791802355463
17086614,4,0.3023363293169514
17086614,5,-0.06987562120314801
17086614,6,-0.24284991125626784
17086835,1,-0.015342323852270027
17086835,2,0.014408826906543383
17086835,3,-0.013421482727728746
17086835,4,-0.09979457791446912
17086835,5,0.00958992554074458
17086835,6,-0.07908900549834799
17087283,1,0.0791325915485182
17087283,2,0.028578537886189168
17087283,3,-0.07225419846685449
17087283,4,-0.07576516137376715
17087283,5,0.04175980603059763
17087283,6,-0.1931676605095262
17087381,1,0.00653434103883252
17087381,2,-0.009666804918947813
17087381,3,0.007007390097131371
17087381,4,0.00475261346867162
17087381,5,0.14873549590631913
17087381,6,-0.007468508330580807
17087656,1,0.08392792104352775
17087656,2,0.02805055794067712
17087656,3,-0.06596690849831009
17087656,4,-0.06165161991266545
17087656,5,0.015919873278484126
17087656,6,-0.20821318183020301
17087705,1,0.08302998057790746
17087705,2,0.030319071833288955
17087705,3,-0.05619111425656019
17087705,4,-0.07814548477137387
17087705,5,0.02192838158719959
17087705,6,-0.21117432895237717
