SNP_ID,PC,loading
16849105,1,-0.09057309779638845
16849535,1,-0.07518337495186787
16849573,1,-0.07030935450985284
16849681,1,-0.08627502658764612
16849725,1,-0.08312946231744897
16849843,1,-0.08492120945119287
16849971,1,-0.08713075550820859
16850089,1,-0.08972704031836629
16850115,1,-0.08387814329492473
16850164,1,-0.08706044489256304
16850281,1,-0.08918655958030128
16850297,1,-0.08491504266996872
16850437,1,-0.08962935354567762
16850463,1,-0.08628121364769938
16850671,1,-0.08290243485546439
16850676,1,-0.08596688969108447
16850744,1,-0.0869761912935246
16851053,1,-0.08498954365485514
16851088,1,-0.08609339799234857
16851108,1,-0.08812588486073139
16851125,1,-0.08944515637717515
16851141,1,0.03194597587514205
16851225,1,-0.08848055141357501
16851356,1,-0.08126756652868884
16851640,1,-0.08946276389831924
16851673,1,-0.08644913964966285
16851819,1,-0.08829377921015298
16851822,1,-0.08666750518265044
16851899,1,-0.08719561682081343
16852303,1,-0.08787874369709597
16852312,1,-0.08663689421114962
16852652,1,-0.08868288868300288
16852683,1,-0.08980717452464847
16852820,1,-0.09091993107204076
16852835,1,-0.08551022753362875
16852914,1,-0.08799570054106956
16853019,1,-0.08716400288192161
16853055,1,-0.09482994159378547
16853071,1,-0.090176904110839
16853122,1,-0.08679299345705796
16853178,1,-0.08779921589164211
16853218,1,-0.08580158167552701
16853231,1,-0.0897627662552924
16853232,1,-0.08669799353143724
16853399,1,-0.08753014652181067
16853425,1,-0.08397149630222181
16853625,1,-0.08752081531467448
16853948,1,-0.08586430653184494
16854064,1,-0.08778690410577551
16854330,1,-0.0878849785418793
16854396,1,-0.08477162890772257
16854435,1,-0.09002882071492278
16854448,1,-0.08735341299340409
16854565,1,-0.08691178999727506
16854643,1,-0.08762405335066131
16854652,1,-0.08424978451250197
16854792,1,-0.0903629408862447
16854831,1,-0.08649910010352675
16854859,1,-0.08386505296788524
16855160,1,-0.08378391892224175
16855274,1,-0.08430925488936297
16855350,1,0.03219956812719436
16855476,1,-0.08773431389234913
16855563,1,-0.0852691883276727
16855618,1,-0.08542357662769694
16855677,1,-0.08707822696223405
16855731,1,-0.08944037499857574
16855764,1,-0.08752633113864776
16855904,1,-0.08755661016811771
16856181,1,-0.08715232317513691
16856188,1,-0.08483362396279309
16856465,1,-0.08433244766816687
16856544,1,-0.08887355300449382
16856672,1,-0.08390817462570375
16856803,1,-0.08427473587112738
16856809,1,-0.016108833500567302
16856878,1,-0.09090679880118041
16856915,1,-0.09034850053593906
16857015,1,-0.08884189164666899
16857035,1,-0.08523193909605926
16857041,1,-0.08857037977836435
16857140,1,-0.08514436637748578
16857165,1,-0.08665906649082951
16857414,1,-0.08499112297429111
16857418,1,-0.09053213835967734
16857422,1,-0.0885728264747305
16857510,1,-0.0844179739388813
16857983,1,-0.08463692273362534
16858076,1,-0.08953792008179744
16858191,1,-0.09070516118440687
16858219,1,-0.08404861300582692
16858364,1,-0.08663874438891736
16858472,1,-0.08610734626754178
16858684,1,-0.08544935402154512
16858723,1,-0.08388427153307589
16858843,1,-0.08707909699059414
16858863,1,-0.08806301804619326
16858968,1,-0.0874642675338359
16859182,1,-0.08712054448470177
16859366,1,-0.08678012620829544
16859587,1,-0.086815953867514
16859704,1,-0.0924773040210105
16860036,1,-0.08659837553154047
16860066,1,-0.08311781139677277
16860139,1,-0.08748844563082993
16860258,1,-0.0839599727373638
16860336,1,-0.0865052403759625
16860360,1,-0.0872643115457398
16860413,1,-0.0866262653347804
16860442,1,-0.08837194704669168
16860496,1,-0.08655295056881857
16860617,1,-0.08737603247733984
16860752,1,-0.017823020875798574
16860767,1,-0.08253526247069734
16860813,1,-0.0849911017059978
16860967,1,-0.08851230775378066
16860985,1,-0.08215424105355705
16861056,1,-0.09028652068645317
16861182,1,-0.08338831508869676
16861293,1,-0.08582279598064049
16861577,1,-0.08051058791229602
16861592,1,-0.08586658245208437
16861595,1,-0.08510455578160091
16861599,1,-0.08610878985706306
16861786,1,-0.08132909489819906
16861919,1,-0.08715372915383406
16861975,1,-0.08600983973933062
16862057,1,-0.09035925691256438
16862213,1,-0.08793997998028452
16862282,1,-0.08506541771935199
16862531,1,-0.08482446634318623
16862729,1,-0.08772226027934828
16863070,1,-0.08703353681394445
16863454,1,-0.07988728749357558
16864090,1,-0.08461468516007126
16865510,1,-0.0871513090069295
16866339,1,-0.09060513146554908
