SNP_ID,PC,loading
17007410,1,0.04886571913478818
17007410,2,0.022124415225717127
17007410,3,-0.0018778355599031228
17007410,4,-0.043868995014224095
17010567,1,-0.0038528870732773557
17010567,2,-0.015772893356355788
17010567,3,-0.016756732218950503
17010567,4,-0.1259851781645682
17012057,1,0.14713556185073354
17012057,2,0.0073723285344658995
17012057,3,-0.022058321665544015
17012057,4,0.05711876741184413
17012169,1,0.15588382052238575
17012169,2,0.005283599653804538
17012169,3,-0.027380252612037782
17012169,4,0.08448069501039664
17012392,1,0.15667671893090837
17012392,2,0.02279987169059175
17012392,3,-0.04042100793966072
17012392,4,0.09023092473788197
17012430,1,-0.01028497988754809
17012430,2,-0.014375704945150877
17012430,3,0.003309788254590995
17012430,4,-0.13612390582065298
17013111,1,0.16191734938696015
17013111,2,0.019723646441794904
17013111,3,-0.028808524770572164
17013111,4,0.08430245959328864
17015024,1,0.1495794090634552
17015024,2,0.019578482137160638
17015024,3,-0.015501832144644928
17015024,4,0.07250287021105002
17018404,1,0.16026516213142983
17018404,2,0.009534617200250534
17018404,3,-0.025147889384607103
17018404,4,0.12450741551890712
17018509,1,0.11653980077178548
17018509,2,-0.011577427330941737
17018509,3,-0.029731254651789697
17018509,4,0.13990947902096407
17018874,1,0.12826601175784694
17018874,2,0.02553224996931792
17018874,3,-0.03709658457981182
17018874,4,0.07891099151742757
17019335,1,0.1463560381632365
17019335,2,0.016260820340994808
17019335,3,-0.04103891259186001
17019335,4,0.12707314021948404
17019796,1,0.15972617617593768
17019796,2,0.009255811853901773
17019796,3,-0.03783780770795193
17019796,4,0.1144493873123566
17020454,1,0.15780249939421814
17020454,2,-0.006815736021055096
17020454,3,-0.03708026755457197
17020454,4,0.12891342680382922
17020735,1,0.15416988709398094
17020735,2,0.00919399100477614
17020735,3,-0.041369116325951714
17020735,4,0.10467320869094808
17021372,1,0.16176630573385517
17021372,2,0.004417077063601366
17021372,3,-0.039601794215962945
17021372,4,0.1247979460399193
17021691,1,0.1518086566434088
17021691,2,0.016683186119258696
17021691,3,-0.03676061198388443
17021691,4,0.10395888694631117
17022336,1,0.16878183328908958
17022336,2,0.002435125295869313
17022336,3,-0.05635711971552447
17022336,4,0.10579792905859661
17022459,1,-0.0014202020824152512
17022459,2,-0.01394583600054405
17022459,3,0.008284181332679018
17022459,4,-0.1070808523377129
17022719,1,0.07063628410045315
17022719,2,-0.005200694696301462
17022719,3,0.0010510400301077254
17022719,4,-0.0013068589891607192
17024561,1,0.1470115919552753
17024561,2,-7.401189473971917e-4
17024561,3,-0.055566335754335866
17024561,4,0.11793674252341932
17024823,1,0.15267711485921795
17024823,2,-0.013963597777319092
17024823,3,-0.04437122338483516
17024823,4,0.10827698735963803
17024866,1,0.1432058058087691
17024866,2,-0.02138922706229431
17024866,3,-0.027128019715935234
17024866,4,0.09632986698061645
17025507,1,0.14949155795883848
17025507,2,0.02059764356236796
17025507,3,-0.03883646880535681
17025507,4,0.10979630978197538
17025879,1,0.16019762956283354
17025879,2,0.001128810372621295
17025879,3,-0.04986641536826272
17025879,4,0.11633236131927963
17032282,1,0.1370932955633853
17032282,2,0.0069571651787855345
17032282,3,-0.0231987930751947
17032282,4,0.025807159284870283
17033099,1,0.08859271110463422
17033099,2,-0.0248626533707012
17033099,3,-0.008486283397845386
17033099,4,0.07738719672076119
17033511,1,-0.009625579068694236
17033511,2,-0.02925384507042315
17033511,3,0.006986209598909787
17033511,4,-0.11520823689752023
17034945,1,0.14040703844152033
17034945,2,-0.019225673929340905
17034945,3,-0.005375914335122503
17034945,4,-0.027002746132229895
17034956,1,0.14174620937704843
17034956,2,-0.002139126798667446
17034956,3,0.0126559305832134
17034956,4,-0.02906658380034677
17036642,1,0.1272089154172546
17036642,2,0.13837511646366282
17036642,3,0.10138022876893027
17036642,4,-0.09766363977876356
17037108,1,0.09000637679617896
17037108,2,-0.03607365217480297
17037108,3,-0.024249957097100455
17037108,4,0.11498447879623062
17037192,1,0.010983989707019085
17037192,2,0.1735046068258616
17037192,3,0.09083542994245106
17037192,4,-0.024524876656571958
17037504,1,-0.09109988833465285
17037504,2,0.008826912701806224
17037504,3,-0.08288397970645979
17037504,4,0.19665914006228266
17037779,1,0.14276918255604734
17037779,2,-0.010832604937902389
17037779,3,0.022442780210174925
17037779,4,-0.05134671362510624
17037807,1,0.1439302962491992
17037807,2,-0.012586154084848563
17037807,3,0.04599019607910573
17037807,4,-0.06407930401043875
17038426,1,0.1467513308660474
17038426,2,-0.011917199643467689
17038426,3,0.04355373638284224
17038426,4,-0.06419694493040895
17038636,1,-0.12130318447310058
17038636,2,-0.011828734534283628
17038636,3,-0.08973239165396737
17038636,4,0.25977606933740166
17043136,1,0.14467644972398727
17043136,2,0.012279681886072489
17043136,3,0.03447769584514416
17043136,4,-0.03613917677890432
17045641,1,-0.1173644608329985
17045641,2,-0.01674358763001506
17045641,3,-0.09794941623190122
17045641,4,0.2651019269480607
17046111,1,0.14685638720918628
17046111,2,-0.008863228916052157
17046111,3,0.027774596574964727
17046111,4,-0.07173243871529689
17046587,1,-0.10522660339569073
17046587,2,-0.006777771755687634
17046587,3,-0.08588797085438202
17046587,4,0.2753565659421206
17046719,1,0.1336652638879186
17046719,2,-0.004642197580510372
17046719,3,0.010201583336384613
17046719,4,-0.0038727761010586047
17047632,1,0.022221527157116127
17047632,2,-0.00388780695210133
17047632,3,0.028354264836922535
17047632,4,-0.05927259405009135
17049115,1,-0.0053918195115343175
17049115,2,0.1787964910709155
17049115,3,0.04581145105618995
17049115,4,0.0017182966551119651
17049827,1,0.15267516737013517
17049827,2,-0.0039917016462472105
17049827,3,0.049884802235889036
17049827,4,-0.08263204633543132
17050088,1,0.14580288045302398
17050088,2,-0.02755423542746124
17050088,3,0.07114603200081743
17050088,4,-0.03921606753062272
17050605,1,-0.11534977253603051
17050605,2,-0.018506798557540307
17050605,3,-0.10422381418935966
17050605,4,0.2474206310979296
17051419,1,0.13626846319112676
17051419,2,0.002725153805903278
17051419,3,0.054676055413496585
17051419,4,-0.06773072711774109
17051775,1,0.0021180012462329737
17051775,2,0.26544933748259736
17051775,3,0.05433105780567281
17051775,4,0.07481893435017443
17052123,1,-0.06129234246677011
17052123,2,-0.010273507697369427
17052123,3,-0.07832527115854691
17052123,4,0.12294880843771423
17052871,1,0.15196783980804443
17052871,2,-0.013353402691167169
17052871,3,0.025405585065897622
17052871,4,-0.050473925923381124
17054103,1,-0.0075430875811123435
17054103,2,-0.07744715384580243
17054103,3,0.24372830386514807
17054103,4,0.06864180455898561
17054291,1,-0.021034752961139106
17054291,2,-0.08849324455369001
17054291,3,0.24626945757529464
17054291,4,0.0837925568536695
17054332,1,-0.006800875997284707
17054332,2,-0.09055050492055307
17054332,3,0.24450119592060315
17054332,4,0.10472173879154867
17054720,1,-0.0018078743572800971
17054720,2,0.272082826247252
17054720,3,0.05534814596376925
17054720,4,0.02274570961446019
17054795,1,-0.007564247995939957
17054795,2,-0.08253101710111559
17054795,3,0.2474097228519068
17054795,4,0.07556088085662828
17054847,1,0.15031642517618585
17054847,2,-0.02268941177081971
17054847,3,0.04524932883265531
17054847,4,-0.05513787407894621
17055074,1,-0.008989037382906611
17055074,2,0.2799232479883156
17055074,3,0.05266427753592646
17055074,4,0.04354461440467444
17055458,1,-0.00985893056494001
17055458,2,0.27179472016267087
17055458,3,0.04585067880721735
17055458,4,0.04365079508093753
17055569,1,-0.0723646013840453
17055569,2,-0.014369206087002546
17055569,3,-0.06982517951571496
17055569,4,0.13904605258221084
17055818,1,-0.06051492382524919
17055818,2,-0.029910050294699817
17055818,3,-0.07531251769305242
17055818,4,0.12831957335488642
17055978,1,-0.0033535303929670287
17055978,2,-0.08477924525264537
17055978,3,0.25816245591378356
17055978,4,0.09183141564026173
17055984,1,-0.004504083091084327
17055984,2,0.2528232288550537
17055984,3,0.06368664286631656
17055984,4,0.05302573723020475
17056298,1,-0.0682100094005653
17056298,2,-0.021340142896820555
17056298,3,-0.07443765664719618
17056298,4,0.1371215299348245
17056415,1,-0.06237900873531101
17056415,2,-0.019631149285747447
17056415,3,-0.07569925458327073
17056415,4,0.14073689926068927
17057597,1,-0.012274826949850279
17057597,2,0.2752378456781495
17057597,3,0.06902332122925815
17057597,4,0.013885602538212728
17058482,1,-0.012502750633598778
17058482,2,0.27087475750818935
17058482,3,0.057187447818389824
17058482,4,0.027364765015779276
17058616,1,-0.003086693187005664
17058616,2,-0.09076136578180471
17058616,3,0.2352303567307881
17058616,4,0.10716637889580467
17059916,1,-0.015601419719490705
17059916,2,-0.09531165698181382
17059916,3,0.2405875389248232
17059916,4,0.05209153079784136
17060166,1,-0.007196068925938648
17060166,2,0.25351615591442456
17060166,3,0.06704492837636168
17060166,4,0.005453897796322144
17060419,1,-0.009416388686938858
17060419,2,-0.10147258147000712
17060419,3,0.24081617247870196
17060419,4,0.0726001616902834
17060707,1,0.14209866952472522
17060707,2,-0.008637986371738753
17060707,3,0.0014930188773006477
17060707,4,-0.03646859179636084
17061093,1,-0.01138654027508175
17061093,2,-0.08146499712664891
17061093,3,0.25438588633400705
17061093,4,0.10485394696437171
17061305,1,0.14947762409822787
17061305,2,-0.01061090619471655
17061305,3,0.017607281237854086
17061305,4,-0.05432869338726048
17063176,1,0.14787947797201967
17063176,2,-0.021031037541318357
17063176,3,0.015365099994913742
17063176,4,-0.028086644956432594
17063530,1,0.13987185522662376
17063530,2,-0.0014189717210177518
17063530,3,0.01845324233568004
17063530,4,-0.023319517915531808
17064010,1,-0.01661857082031703
17064010,2,0.271247044219563
17064010,3,0.06523078210401191
17064010,4,0.02351023128080573
17064885,1,-0.004708129293771914
17064885,2,-0.10072898492615977
17064885,3,0.24686157151991836
17064885,4,0.0766469107397665
17065079,1,-0.01513978429447992
17065079,2,0.2632519838587253
17065079,3,0.054350051542775876
17065079,4,0.012120242106744289
17066034,1,-0.014673232737436795
17066034,2,-0.07850071955393255
17066034,3,0.249413484448876
17066034,4,0.08986638527445447
17066400,1,-0.061857357531047256
17066400,2,-0.010190394631610538
17066400,3,-0.026325285759089347
17066400,4,0.10428299459916275
17066493,1,-0.02363714072855666
17066493,2,0.16710052099208508
17066493,3,0.30551191573611586
17066493,4,0.1217140507420925
17066622,1,0.08536601980197624
17066622,2,-0.026139656016623578
17066622,3,6.504475780275019e-4
17066622,4,0.03606089101571388
17066700,1,-0.012247802060059305
17066700,2,0.2518288883917444
17066700,3,0.04585760370864027
17066700,4,0.011716063310775125
17066768,1,-0.01722610775918279
17066768,2,-0.08897392167566673
17066768,3,0.22937028544841498
17066768,4,0.09157609650810505
17068748,1,0.08681573166570221
17068748,2,0.0015670997517128044
17068748,3,-0.015815489515715812
17068748,4,0.03614248039508685
17070109,1,0.009512873126829099
17070109,2,0.014738032630150881
17070109,3,0.01923628539348653
17070109,4,0.048609943214827284
17070407,1,0.08655450383168704
17070407,2,-0.01025117512687938
17070407,3,-0.02449104930609081
17070407,4,0.06464818005407011
17070764,1,0.052197722250391404
17070764,2,-0.013379399520547751
17070764,3,0.04010551273707536
17070764,4,-0.2173626868968647
17071513,1,0.05004586202381102
17071513,2,-0.0018027766907124127
17071513,3,0.01708596473132596
17071513,4,-0.20942437725088936
17073119,1,0.006177707725255738
17073119,2,0.012209076554434671
17073119,3,0.011231784595241627
17073119,4,0.021352976315643785
17074090,1,-0.0018579430138703273
17074090,2,-0.013564321027970021
17074090,3,0.049792520252271356
17074090,4,-0.01822238753238865
17075467,1,0.08011188988560138
17075467,2,-0.01355116232196369
17075467,3,-0.02285224057697011
17075467,4,0.03637886158298726
