SNP_ID,PC,loading
17007410,1,-0.039636296916289164
17007410,2,-0.034958709329466826
17007410,3,-0.02593746199031198
17007410,4,0.013210326010514506
17007410,5,0.057135073327373
17007410,6,-0.031715039516703014
17007410,7,-0.012093742115846564
17007410,8,0.07157484249777465
17010567,1,0.003410782192976185
17010567,2,0.005823197837903361
17010567,3,0.020552965702900335
17010567,4,-0.04478372658981986
17010567,5,0.0066906765486363495
17010567,6,-0.014661518864385097
17010567,7,-0.0796814742923278
17010567,8,6.057262408087971e-4
17012057,1,-0.10600079079565268
17012057,2,-0.05925924401994836
17012057,3,-0.021114180035771684
17012057,4,0.04623375486836421
17012057,5,-0.023668241150181242
17012057,6,0.02368299093713032
17012057,7,-0.006648376827349535
17012057,8,0.0028247990825175356
17012169,1,-0.11182566903532704
17012169,2,-0.05634817313913383
17012169,3,-0.010700864044723769
17012169,4,0.04932655654808153
17012169,5,-0.026803075332936847
17012169,6,0.027350680815875755
17012169,7,-0.016055389266055077
17012169,8,-0.0011886517775920094
17012392,1,-0.12062864023598714
17012392,2,-0.053039924797714695
17012392,3,-0.02891852867248071
17012392,4,0.049352964126172044
17012392,5,-0.011409100547323367
17012392,6,0.019373830631225664
17012392,7,-0.011568253870141631
17012392,8,0.01875147486275106
17012430,1,9.306177412254871e-4
17012430,2,0.002439205793460045
17012430,3,0.011351940155815797
17012430,4,-0.057892746138006775
17012430,5,0.004587099172872254
17012430,6,-0.004782002931326336
17012430,7,-0.07466952237734949
17012430,8,0.0048725837519872596
17013111,1,-0.12266235674473916
17013111,2,-0.04774763687000591
17013111,3,-0.01990978828519838
17013111,4,0.05084350115885183
17013111,5,-0.024157280137851383
17013111,6,0.024232556349111967
17013111,7,-0.008294206181505462
17013111,8,-0.022661830372429977
17015024,1,-0.12168761074695073
17015024,2,-0.05057234058200299
17015024,3,-0.03241992022994672
17015024,4,0.05049649962152778
17015024,5,-0.014598846719008659
17015024,6,0.0028861487042835233
17015024,7,-0.02420008139768461
17015024,8,-0.008043271421901692
17018404,1,-0.12166283087242402
17018404,2,-0.047021350112170346
17018404,3,-0.04479581049218431
17018404,4,0.06257016471262772
17018404,5,-6.706441332188124e-4
17018404,6,0.04634072892104097
17018404,7,-0.020956118853536734
17018404,8,-0.028016322028151967
17018509,1,-0.0909473922446675
17018509,2,-0.022108240425519173
17018509,3,-0.0015660194352547152
17018509,4,0.04575752074969922
17018509,5,-0.05659066130052646
17018509,6,0.051292345145101365
17018509,7,-0.004625158732210759
17018509,8,-0.0501745961647303
17018874,1,-0.10260818162594076
17018874,2,-0.03312403821883693
17018874,3,-0.0402639760439596
17018874,4,0.07017940432045919
17018874,5,0.018772907394152424
17018874,6,0.019632191230367888
17018874,7,-0.013263917650144525
17018874,8,-0.02390062991837961
17019335,1,-0.12268239415387013
17019335,2,-0.04981998184840245
17019335,3,-0.02591081505975484
17019335,4,0.06201200334105012
17019335,5,-0.00921377797586143
17019335,6,0.03251065141414876
17019335,7,-0.03212286651261146
17019335,8,0.014686995326491875
17019796,1,-0.11048590848133208
17019796,2,-0.05847130788466791
17019796,3,-0.021837306090379986
17019796,4,0.061743201290289665
17019796,5,-0.018035101182566918
17019796,6,8.439486264599483e-4
17019796,7,-0.014182590387122945
17019796,8,-8.7239512909183e-4
17020454,1,-0.11882975825139319
17020454,2,-0.051769570136846375
17020454,3,-0.034996496345045654
17020454,4,0.07755762049208016
17020454,5,9.520563560854614e-4
17020454,6,0.017805913990502163
17020454,7,-0.025059660171232265
17020454,8,-0.008009013053373074
17020735,1,-0.11830330550429918
17020735,2,-0.04742269133117775
17020735,3,-0.032163055483065035
17020735,4,0.07727816809691532
17020735,5,0.0036588815353765227
17020735,6,0.016256651469663524
17020735,7,-0.008595473191382203
17020735,8,-0.014089512619003462
17021372,1,-0.1258620937078002
17021372,2,-0.05698952625794081
17021372,3,-0.0264095472606097
17021372,4,0.06249943540307561
17021372,5,-0.016421336492262444
17021372,6,0.02434835847756805
17021372,7,-0.029319427045292966
17021372,8,0.008872899211209307
17021691,1,-0.1265310365655506
17021691,2,-0.05271805794245584
17021691,3,-0.022162676595719438
17021691,4,0.0650749800604688
17021691,5,-0.01195290373926511
17021691,6,0.019307867971962968
17021691,7,-0.027889363329882417
17021691,8,3.3425471369668126e-4
17022336,1,-0.1291824495758395
17022336,2,-0.052506911523029824
17022336,3,-0.0358326655288304
17022336,4,0.07610037878693694
17022336,5,-0.008523661662484978
17022336,6,0.023104234294122714
17022336,7,-0.015829325839876864
17022336,8,1.9028434308012964e-4
17022459,1,3.073732800558237e-4
17022459,2,-0.006286712497895314
17022459,3,0.01513589437159241
17022459,4,-0.050339973902506
17022459,5,-0.007323013382760463
17022459,6,-0.0010876383402082545
17022459,7,-0.06583459106054103
17022459,8,0.00528466904547678
17022719,1,-0.058028681654840125
17022719,2,-0.010877741031280011
17022719,3,0.004107127473052035
17022719,4,0.013725866197201933
17022719,5,-0.027447370168666694
17022719,6,0.03281544919851438
17022719,7,-0.008556576638955446
17022719,8,-0.07831730172807207
17024561,1,-0.11966553720742408
17024561,2,-0.05486772731395402
17024561,3,-0.02723243902838349
17024561,4,0.07326900544615136
17024561,5,-0.013849183496804906
17024561,6,0.030391715979087037
17024561,7,-0.023412609025842742
17024561,8,0.0022185296928281294
17024823,1,-0.1180923667072423
17024823,2,-0.04708316796742474
17024823,3,-0.022620435556921937
17024823,4,0.0522679046658669
17024823,5,0.009038266128094045
17024823,6,0.06194893162819908
17024823,7,-0.023471052760277507
17024823,8,-0.007597280506339467
17024866,1,-0.12141258237294282
17024866,2,-0.04632758481468922
17024866,3,-0.022234755204554032
17024866,4,0.06220513672954042
17024866,5,-0.006665353130336486
17024866,6,0.06675378031673468
17024866,7,-0.014275410174489495
17024866,8,0.014037301303031732
17025507,1,-0.11904901682309255
17025507,2,-0.049188225113711466
17025507,3,-0.03464205512443174
17025507,4,0.05889109571946961
17025507,5,-0.009658934981701575
17025507,6,0.02127161833127883
17025507,7,-0.029065773499351886
17025507,8,0.012884398046717777
17025879,1,-0.12193377646172035
17025879,2,-0.050490915651127025
17025879,3,-0.03707593803146673
17025879,4,0.06972547228330893
17025879,5,-0.026541216094582456
17025879,6,0.024821759977403404
17025879,7,-0.027517643642473118
17025879,8,0.023742329811114554
17032282,1,-0.10501245153842377
17032282,2,-0.05319475122640089
17032282,3,-0.006396814564799235
17032282,4,0.03347326454391231
17032282,5,-0.008588357409769737
17032282,6,0.023596881222751758
17032282,7,-0.029423736492319958
17032282,8,-0.015532624546578498
17033099,1,-0.07259335750237014
17033099,2,-0.021328525050242023
17033099,3,0.00595036264323404
17033099,4,0.016602417143958534
17033099,5,-0.0608229601736944
17033099,6,0.029139367471254805
17033099,7,-0.01803070135885759
17033099,8,-0.10376786887940467
17033511,1,0.005996384441301625
17033511,2,0.0028609244232795914
17033511,3,0.002586226049470266
17033511,4,-0.057191462195760844
17033511,5,0.017073604901505706
17033511,6,-0.019464273089166935
17033511,7,-0.0804495362681703
17033511,8,-0.026090882081538303
17034945,1,-0.11389850859450494
17034945,2,-0.05040439617827157
17034945,3,0.008868894487734936
17034945,4,0.02507549975471482
17034945,5,0.018694536627222997
17034945,6,-0.0190168990228652
17034945,7,-0.015280798661414866
17034945,8,-0.027496248218626184
17034956,1,-0.10646666338564004
17034956,2,-0.04809200136815715
17034956,3,-0.00786960896210182
17034956,4,0.0270616981081247
17034956,5,0.03243746502747178
17034956,6,2.5278153291004703e-4
17034956,7,-0.007155733538985208
17034956,8,-0.023962215459034816
17036642,1,-0.10470091934169969
17036642,2,-0.04671512800108296
17036642,3,-0.11522961425072469
17036642,4,-0.07033417019735731
17036642,5,0.014834385817647414
17036642,6,-0.09224086408388259
17036642,7,0.03853317805740061
17036642,8,-0.09587537430052318
17037108,1,-0.07272871886067993
17037108,2,-0.005161601113401811
17037108,3,0.019608780749787915
17037108,4,0.012792197559023066
17037108,5,-0.06642604289094914
17037108,6,0.0631486476322807
17037108,7,0.008684101135019528
17037108,8,-0.05448418501018682
17037192,1,-7.721644291327865e-4
17037192,2,-0.0019242208038773667
17037192,3,-0.14625514944619164
17037192,4,-0.05138525235669992
17037192,5,0.00598294561502685
17037192,6,-0.09724403856658617
17037192,7,0.06052863420297615
17037192,8,-0.07199842666153905
17037504,1,0.06200480432348098
17037504,2,0.029016034512654953
17037504,3,0.009172284541586764
17037504,4,0.06479679044025327
17037504,5,-0.10329324672791089
17037504,6,0.04171292423632328
17037504,7,0.01694300795585265
17037504,8,-0.009669517235985269
17037779,1,-0.12599170421045844
17037779,2,-0.04622780399663026
17037779,3,-0.00729296516329251
17037779,4,0.008766648442304393
17037779,5,0.041919167886151264
17037779,6,0.002685291244883683
17037779,7,0.01367824303764051
17037779,8,-0.07072358816388258
17037807,1,-0.11518230902624292
17037807,2,-0.045112422887705804
17037807,3,-7.31608121001e-4
17037807,4,0.00444584868000045
17037807,5,0.06242389355150754
17037807,6,0.002435557660755065
17037807,7,0.022640851068070303
17037807,8,-0.06213516916953955
17038426,1,-0.11845663495772889
17038426,2,-0.045748458104359735
17038426,3,-0.004512705387013248
17038426,4,0.0059861366986407845
17038426,5,0.05073411331657807
17038426,6,-0.010220703046615993
17038426,7,0.018939531527239033
17038426,8,-0.060582328393597895
17038636,1,0.08837731727700511
17038636,2,0.01792011308677673
17038636,3,0.003205898598113185
17038636,4,0.05140734136057859
17038636,5,-0.07211512094856999
17038636,6,0.07484665380441152
17038636,7,0.011025783607835701
17038636,8,0.060294925149553896
17043136,1,-0.12296301792552272
17043136,2,-0.062485008028804315
17043136,3,-0.007674236086864671
17043136,4,0.010369649394181942
17043136,5,0.040568753405037135
17043136,6,-0.002665585273731504
17043136,7,0.02905439446053555
17043136,8,-0.04777257581298598
17045641,1,0.09405617258318262
17045641,2,0.034190803530762086
17045641,3,-0.003773561117119424
17045641,4,0.03490377943086594
17045641,5,-0.09439924475611776
17045641,6,0.04452905380268786
17045641,7,0.019041685749363053
17045641,8,0.07726800305867738
17046111,1,-0.12162691546812349
17046111,2,-0.062196837678602436
17046111,3,-0.008102327391067614
17046111,4,0.003350689998058094
17046111,5,0.061865367879481194
17046111,6,-0.005167809365404086
17046111,7,0.03079250991989728
17046111,8,-0.022500738308692196
17046587,1,0.10519036027308967
17046587,2,0.027131810974335823
17046587,3,0.00352338301004836
17046587,4,0.043812699603876494
17046587,5,-0.08794492154110149
17046587,6,0.05166267948455569
17046587,7,-0.023582311611874962
17046587,8,0.0767625347317886
17046719,1,-0.10849671845252187
17046719,2,-0.04428634204081533
17046719,3,-0.008569718368986257
17046719,4,0.028194347175673755
17046719,5,0.03363206345849398
17046719,6,-0.0019506567508889867
17046719,7,-0.011012496142799233
17046719,8,-0.05697759672614521
17047632,1,-0.018777548422399728
17047632,2,-0.002809875486655335
17047632,3,0.0046457319156533085
17047632,4,-0.02753818937339329
17047632,5,0.03444994388551253
17047632,6,-0.017923047206622272
17047632,7,-0.0031454584279823395
17047632,8,-0.014760315370262147
17049115,1,0.005550540911870644
17049115,2,0.00460260713826576
17049115,3,-0.13233600183743885
17049115,4,-0.04315173483842224
17049115,5,-0.03210112791185644
17049115,6,-0.10652223466870081
17049115,7,0.053955403711846324
17049115,8,-0.01959764251499721
17049827,1,-0.11550223999460915
17049827,2,-0.04669273342546625
17049827,3,-0.0015945852134728485
17049827,4,0.01356730161395796
17049827,5,0.06210369268491776
17049827,6,-0.003687236742864836
17049827,7,0.012514213217219518
17049827,8,-0.05673388445578906
17050088,1,-0.12040287501474385
17050088,2,-0.04346484899033473
17050088,3,-0.008046369769111834
17050088,4,0.016810975544465295
17050088,5,0.06245768744068756
17050088,6,0.013272786692392164
17050088,7,0.025070517340510176
17050088,8,-0.04759505071308812
17050605,1,0.09343189574531952
17050605,2,0.039147785570564204
17050605,3,0.004431968790193672
17050605,4,0.04023847800131984
17050605,5,-0.08169531485922822
17050605,6,0.06055108065873987
17050605,7,0.01942189167473222
17050605,8,0.09874727718682164
17051419,1,-0.12358988577508882
17051419,2,-0.047203860810272016
17051419,3,0.001918008447458291
17051419,4,0.013328073994759923
17051419,5,0.04865580191451366
17051419,6,0.0027752921476788023
17051419,7,0.003754308800719472
17051419,8,-0.05626815428176069
17051775,1,0.005077370369697353
17051775,2,0.024156644075834188
17051775,3,-0.21934201333683465
17051775,4,-0.05150379052434789
17051775,5,-0.036079163097255354
17051775,6,-0.10792504198910625
17051775,7,0.04543136768754018
17051775,8,-0.0087212458927499
17052123,1,0.07060837249272084
17052123,2,-0.0029489970853051216
17052123,3,0.0398216776442713
17052123,4,0.025628320147301722
17052123,5,-0.076617141825548
17052123,6,0.014840440092774888
17052123,7,-0.04022952272943064
17052123,8,0.09107578321470218
17052871,1,-0.12445341269309651
17052871,2,-0.040219408783837424
17052871,3,-0.013885159861183848
17052871,4,-0.0026372851210442524
17052871,5,0.053071547241844916
17052871,6,-0.0021607102857580606
17052871,7,0.024162058344330897
17052871,8,-0.04804898900803435
17054103,1,-0.0014343476657977965
17054103,2,0.039684771816325536
17054103,3,0.06542893550505242
17054103,4,-0.07705688172824954
17054103,5,0.10523463885504566
17054103,6,0.03663899751662141
17054103,7,0.1745347813502014
17054103,8,-0.022708896445055877
17054291,1,-8.64545213916444e-4
17054291,2,0.037273571904212724
17054291,3,0.05558362814968799
17054291,4,-0.09256551676348417
17054291,5,0.09556381282278276
17054291,6,0.050154432225452676
17054291,7,0.1616018800097119
17054291,8,-0.028229341793144555
17054332,1,-0.008002808997566552
17054332,2,0.046671316265463635
17054332,3,0.05983770164666539
17054332,4,-0.08656614804797971
17054332,5,0.09606211859572508
17054332,6,0.03972517899475299
17054332,7,0.17134281437505888
17054332,8,-0.047019963847478724
17054720,1,0.0020540408625818866
17054720,2,0.017838230560038925
17054720,3,-0.211340307245792
17054720,4,-0.05952581758156931
17054720,5,-0.0638224137105124
17054720,6,-0.11113882193085996
17054720,7,0.05039338683424172
17054720,8,0.002687114641122861
17054795,1,-0.008226527038499512
17054795,2,0.03639881754344357
17054795,3,0.05653611417706479
17054795,4,-0.07483530003003205
17054795,5,0.10315271083627164
17054795,6,0.06090602742188864
17054795,7,0.17107622837662817
17054795,8,-0.004153832383212956
17054847,1,-0.1173552128957619
17054847,2,-0.052017256773145906
17054847,3,-0.014007701934606398
17054847,4,0.01617746598104725
17054847,5,0.054684307440936906
17054847,6,-0.01136540209207196
17054847,7,0.01118171045794481
17054847,8,-0.061770004589284874
17055074,1,-0.002519842787540566
17055074,2,0.0287567529396343
17055074,3,-0.2209124652998981
17055074,4,-0.05831212332057445
17055074,5,-0.05445833498682698
17055074,6,-0.11499960345382071
17055074,7,0.045457614965811036
17055074,8,-0.0023281060121675425
17055458,1,0.0033747738643176532
17055458,2,0.00521976291708956
17055458,3,-0.21637949628472053
17055458,4,-0.04558475065464134
17055458,5,-0.03864577399926577
17055458,6,-0.11687798853979667
17055458,7,0.03817675903637592
17055458,8,-0.012494768912269218
17055569,1,0.05582499579628987
17055569,2,-0.005916405434087952
17055569,3,0.022452502927413156
17055569,4,0.011216075046985366
17055569,5,-0.06833256621462216
17055569,6,0.030829585206577814
17055569,7,-0.03515005000732202
17055569,8,0.13052367858990685
17055818,1,0.061398674517791366
17055818,2,-0.003181177562423556
17055818,3,0.01877162239083415
17055818,4,-0.004409553149388717
17055818,5,-0.07280653492479541
17055818,6,0.035529481001035215
17055818,7,-0.03429884747866893
17055818,8,0.10781108124482561
17055978,1,-0.003840173523507032
17055978,2,0.042353805528646433
17055978,3,0.05554222424685105
17055978,4,-0.09298384513927421
17055978,5,0.10937976565072252
17055978,6,0.05099907730778361
17055978,7,0.18322365206771138
17055978,8,0.00436163517317905
17055984,1,0.009743964643971575
17055984,2,0.0174744723856053
17055984,3,-0.20655905973405164
17055984,4,-0.05253578501437649
17055984,5,-0.03683621877850895
17055984,6,-0.12454644576358707
17055984,7,0.05412156498258831
17055984,8,0.0072450092883798245
17056298,1,0.06382626954586273
17056298,2,-0.005742015035361918
17056298,3,0.027649384561493358
17056298,4,0.005177694187446402
17056298,5,-0.0705549535079573
17056298,6,0.02756639719043782
17056298,7,-0.011587773099968876
17056298,8,0.0984755617397823
17056415,1,0.06773223565479744
17056415,2,-8.158025390908104e-4
17056415,3,0.023405180154594817
17056415,4,0.023014629404457858
17056415,5,-0.06936458413645913
17056415,6,0.02895019467996274
17056415,7,-0.008670458210881362
17056415,8,0.10492410686023027
17057597,1,0.0012645208095232146
17057597,2,0.018554547946994546
17057597,3,-0.21903663942208468
17057597,4,-0.05374938416198698
17057597,5,-0.03754220011347621
17057597,6,-0.12443731265728378
17057597,7,0.033942945697659904
17057597,8,0.008194691236563611
17058482,1,-0.0011597023778678382
17058482,2,0.01155031815579226
17058482,3,-0.21461765863352864
17058482,4,-0.0511914722942273
17058482,5,-0.054669839274244285
17058482,6,-0.13509043449008415
17058482,7,0.05218570552631042
17058482,8,-0.00554636246528439
17058616,1,-0.00545326246095611
17058616,2,0.030993706682381477
17058616,3,0.07314284410311424
17058616,4,-0.09218173453003801
17058616,5,0.10766302636282052
17058616,6,0.06927545145151524
17058616,7,0.1588107564703456
17058616,8,-0.005953679144002543
17059916,1,-0.006315391425428795
17059916,2,0.04076419263656783
17059916,3,0.05518114639498122
17059916,4,-0.08169974193915813
17059916,5,0.09032027717444048
17059916,6,0.051992283864411466
17059916,7,0.1772871307106322
17059916,8,-0.015617646326386798
17060166,1,0.011681779888592793
17060166,2,0.017056769315543615
17060166,3,-0.22253008131369736
17060166,4,-0.05357353842232221
17060166,5,-0.04908381498133581
17060166,6,-0.13731778184135165
17060166,7,0.04774880526034709
17060166,8,-0.003442604106286163
17060419,1,-0.01333981580513411
17060419,2,0.047063585651492885
17060419,3,0.06834519973094393
17060419,4,-0.09185939033044793
17060419,5,0.11163915796401136
17060419,6,0.04411223084253937
17060419,7,0.18343117780304663
17060419,8,-0.02129126703828431
17060707,1,-0.11318384432950235
17060707,2,-0.039167075243006735
17060707,3,-0.017723889312349007
17060707,4,0.03322010811432709
17060707,5,0.02120420872212217
17060707,6,-0.005471075372724389
17060707,7,0.005930019360978892
17060707,8,-0.029936862562921714
17061093,1,-0.003800337308244344
17061093,2,0.036036378710028426
17061093,3,0.0735186741439271
17061093,4,-0.09691914623449102
17061093,5,0.10229348793360624
17061093,6,0.047914534235353606
17061093,7,0.17840362709184066
17061093,8,-0.018202661367160478
17061305,1,-0.12194631649530081
17061305,2,-0.04153137377708138
17061305,3,-0.004825281085288588
17061305,4,0.03054530608366345
17061305,5,0.03815892052577136
17061305,6,0.004788211066065456
17061305,7,-0.002442167356806257
17061305,8,-0.03583267840715208
17063176,1,-0.1257781637924644
17063176,2,-0.04485429549945309
17063176,3,-0.026551613805980465
17063176,4,0.019874700626532973
17063176,5,0.038541000069657695
17063176,6,-0.014834502581578628
17063176,7,0.003587059195333187
17063176,8,-0.03311099036329444
17063530,1,-0.11419181799233007
17063530,2,-0.04715232778742242
17063530,3,0.003185048466776009
17063530,4,0.020629953051968145
17063530,5,0.03828118943356996
17063530,6,0.0035456315168401462
17063530,7,5.5783145422806614e-5
17063530,8,-0.043587381857574756
17064010,1,0.0015369740318466494
17064010,2,0.015888159113785952
17064010,3,-0.19495064289769523
17064010,4,-0.042350642056731745
17064010,5,-0.04492239794134211
17064010,6,-0.11403132259932433
17064010,7,0.04517502707997352
17064010,8,-0.00354993299862115
17064885,1,-0.013720613603897406
17064885,2,0.03811012180561
17064885,3,0.07386636806974141
17064885,4,-0.08540349123518624
17064885,5,0.11819492195647645
17064885,6,0.03831253307467028
17064885,7,0.17561137600170923
17064885,8,-0.012367537958773695
17065079,1,0.004571716966465054
17065079,2,0.015731131554770416
17065079,3,-0.21767213940957242
17065079,4,-0.04373963531597272
17065079,5,-0.04504315883758995
17065079,6,-0.1290783245828779
17065079,7,0.05124765770066439
17065079,8,0.014076791507360407
17066034,1,-0.005781973819066041
17066034,2,0.034298281666195654
17066034,3,0.056156398588162564
17066034,4,-0.09663514476966623
17066034,5,0.09971654518862004
17066034,6,0.053003393650363495
17066034,7,0.1736743308718526
17066034,8,-0.03232569419358902
17066400,1,0.056713307156827694
17066400,2,-0.004563771630506607
17066400,3,0.008340002657612255
17066400,4,-0.00803565833166911
17066400,5,-0.0432672147716482
17066400,6,0.028636409308696008
17066400,7,0.0067435370679024215
17066400,8,0.0845790901681982
17066493,1,0.005036117181249041
17066493,2,0.08210712597218592
17066493,3,-0.15123904443579186
17066493,4,-0.11853919688790082
17066493,5,0.04819043627221374
17066493,6,-0.06406064267753574
17066493,7,0.2175000523907555
17066493,8,-0.008884816667642494
17066622,1,-0.06833198568066606
17066622,2,-0.016607768098438603
17066622,3,0.0030991959219900367
17066622,4,-0.0016669831687898954
17066622,5,-0.055497434735597886
17066622,6,0.03901590167799173
17066622,7,-0.005177858188548178
17066622,8,-0.11159929569510854
17066700,1,0.012847387289040543
17066700,2,0.020389205067545196
17066700,3,-0.21112361022950757
17066700,4,-0.045300038379608436
17066700,5,-0.05319077549094286
17066700,6,-0.13699990108606463
17066700,7,0.03295198478980313
17066700,8,0.04825295977024912
17066768,1,-0.013902813549092341
17066768,2,0.032576874540687493
17066768,3,0.06275843715361386
17066768,4,-0.09713200204133834
17066768,5,0.11189011876007343
17066768,6,0.06606047214867271
17066768,7,0.17528258717518644
17066768,8,-0.0071650889745535715
17068748,1,-0.06790892022083639
17068748,2,-0.016827564154437435
17068748,3,0.006743734020368399
17068748,4,0.006211047267801237
17068748,5,-0.07421753014823194
17068748,6,0.03591942788942418
17068748,7,0.009563049027849825
17068748,8,-0.10783523805872006
17070109,1,-0.013198715467124108
17070109,2,0.003126343032318031
17070109,3,-0.0026049834997780926
17070109,4,-0.03708106572357498
17070109,5,-0.044285342273794916
17070109,6,0.005911288089378284
17070109,7,0.018689868725666414
17070109,8,0.005366977312575524
17070407,1,-0.07709711969537744
17070407,2,-0.0064354931313644215
17070407,3,0.012425710990816583
17070407,4,-0.0017504519911142238
17070407,5,-0.06416726445857204
17070407,6,0.03809916792997776
17070407,7,0.008778297037072861
17070407,8,-0.08009546731430646
17070764,1,-0.034340073485397256
17070764,2,-0.02521970990097483
17070764,3,-0.00926237146976899
17070764,4,-0.04603128320348813
17070764,5,0.09545661501160525
17070764,6,-0.0426656964242607
17070764,7,-0.07764163093971319
17070764,8,0.0188947492194012
17071513,1,-0.03887755611901466
17071513,2,-0.02818966707750846
17071513,3,-0.011560488389539167
17071513,4,-0.03712385172942304
17071513,5,0.10431517653996644
17071513,6,-0.042889874842263816
17071513,7,-0.07987422286880871
17071513,8,0.04469168414036179
17073119,1,-0.008049498247516804
17073119,2,-0.0024340831304855205
17073119,3,0.003729448349744635
17073119,4,-0.025166629227438994
17073119,5,9.96564950038798e-4
17073119,6,-0.007824708916582547
17073119,7,0.006799077621288907
17073119,8,0.001982300424175583
17074090,1,-0.009990643031893938
17074090,2,-0.007109706538133067
17074090,3,0.027375970897422358
17074090,4,-0.0384584908903646
17074090,5,0.04106570728274858
17074090,6,-0.005590506082004567
17074090,7,0.021338501428306473
17074090,8,-0.03384471378160957
17075467,1,-0.07549163615231312
17075467,2,-0.02194393182091402
17075467,3,0.021808589697506552
17075467,4,0.03056430001614189
17075467,5,-0.08227990410407894
17075467,6,0.030551014824932485
17075467,7,0.02262060085117863
17075467,8,-0.10365995422546026
17076273,1,0.03807061246177513
17076273,2,0.001486601492198814
17076273,3,0.07543793460162945
17076273,4,0.07776333713559172
17076273,5,-0.05948384907791558
17076273,6,-0.023926307583623675
17076273,7,0.0320618763751889
17076273,8,-3.681837787913215e-4
17076878,1,0.013072526487121526
17076878,2,0.014926394173371214
17076878,3,-0.15320116293776964
17076878,4,-0.07591681191881337
17076878,5,0.011864425666237608
17076878,6,-0.06752018464204074
17076878,7,0.006435718689913723
17076878,8,-0.04687259749776595
17077901,1,0.07876021536689942
17077901,2,-0.1689037571364729
17077901,3,0.10040141645923585
17077901,4,-0.010757404553735356
17077901,5,-0.06703333500222054
17077901,6,-0.15724539590639938
17077901,7,0.01639349377176567
17077901,8,-0.022461881574231828
17077949,1,0.04992445976915175
17077949,2,0.05015005693429188
17077949,3,0.001340477618130369
17077949,4,-0.032464315300978895
17077949,5,-0.014473901895469106
17077949,6,0.04522746793841059
17077949,7,0.011992279762480474
17077949,8,-0.13149382536013665
17078105,1,0.06889517965016989
17078105,2,-0.1591805007228769
17078105,3,0.10251662612805347
17078105,4,-0.030966211625678277
17078105,5,-0.040884712849108384
17078105,6,-0.17232186458846113
17078105,7,0.03704710968088291
17078105,8,-0.050781042925805875
17078853,1,-0.07696515013301077
17078853,2,-0.01129522942146666
17078853,3,0.0067884391518209285
17078853,4,0.030176352263401304
17078853,5,-0.08294052304358088
17078853,6,0.014533422785792807
17078853,7,0.006606409040411634
17078853,8,-0.11511686064397154
17079196,1,-0.07572237456654748
17079196,2,-0.012982452000976604
17079196,3,0.013398376601727673
17079196,4,0.013805192919144858
17079196,5,-0.0828043058462926
17079196,6,0.025878783855765117
17079196,7,0.01226633071841905
17079196,8,-0.10427524157382237
17079417,1,0.054857937855292686
17079417,2,0.04985469895143636
17079417,3,-0.01831630059249309
17079417,4,-0.029201597403749995
17079417,5,-0.018796976131081236
17079417,6,0.03852805335442253
17079417,7,0.026985712143093157
17079417,8,-0.18121313504862405
17079469,1,-0.04374429713152939
17079469,2,-0.02711641114241553
17079469,3,-0.02523660210822268
17079469,4,0.017518041644963983
17079469,5,0.08013269320185204
17079469,6,-0.03061684181728001
17079469,7,0.0028058942743191323
17079469,8,0.06270385078914154
17079536,1,-0.044476184770991176
17079536,2,-0.025926569028539865
17079536,3,-0.020217976417256953
17079536,4,0.018461147255101742
17079536,5,0.09299524425026827
17079536,6,-0.020898862797592777
17079536,7,-0.013039335053730998
17079536,8,0.06470395489496028
17079911,1,-0.04242139648787626
17079911,2,-0.018767849107126495
17079911,3,-0.019015368356022352
17079911,4,0.012331192457018905
17079911,5,0.09518921331163249
17079911,6,-0.017678792547063688
17079911,7,-0.01634646615385896
17079911,8,0.0583122690310271
17080190,1,0.05119827028342775
17080190,2,0.054953916359880145
17080190,3,0.012032232246028722
17080190,4,-0.046314021607903315
17080190,5,-0.011928494769122683
17080190,6,0.05773010993497728
17080190,7,-0.005014104687762042
17080190,8,-0.19358280477193135
17081040,1,0.07292055086856841
17081040,2,-0.155846076112218
17081040,3,0.11075197324334855
17081040,4,-0.01384043950547537
17081040,5,-0.04681125078516528
17081040,6,-0.18080212600702072
17081040,7,0.06672319707268329
17081040,8,-0.06256247620670867
17081763,1,0.06827695830897623
17081763,2,-0.1657822222345857
17081763,3,0.09985576028219396
17081763,4,-0.013155606740326549
17081763,5,-0.03517173387617427
17081763,6,-0.16500889099235025
17081763,7,0.05787338779610908
17081763,8,-0.06062105701035216
17082713,1,-0.07400545977623148
17082713,2,-0.0144163566292135
17082713,3,0.02229969273443088
17082713,4,0.018608412092920697
17082713,5,-0.07748189308438692
17082713,6,0.028690794548935923
17082713,7,0.008933055135867677
17082713,8,-0.10395039183920306
17083590,1,0.06450896215077868
17083590,2,0.06641445564537381
17083590,3,-0.0015359016701112684
17083590,4,-0.019634749741793817
17083590,5,0.011194133553295205
17083590,6,0.0480606300110093
17083590,7,0.007744227302909449
17083590,8,-0.19548412631854556
17083747,1,-0.050014519079103564
17083747,2,-0.03184159499947716
17083747,3,-0.016825430035908414
17083747,4,0.014214893289119034
17083747,5,0.10908469666921691
17083747,6,-0.017082620682760032
17083747,7,0.004785551832436064
17083747,8,0.05516903981729493
17084609,1,0.05697238024022736
17084609,2,0.05051448074328232
17084609,3,-0.012817358707158943
17084609,4,-0.008601681284201728
17084609,5,0.0016852665808109353
17084609,6,0.02406771501106485
17084609,7,0.011549482568266713
17084609,8,-0.16821019925049605
17084717,1,0.06126105690853489
17084717,2,0.06432021747594123
17084717,3,-0.00838975811598642
17084717,4,-0.027404968138026523
17084717,5,0.005809068424750511
17084717,6,0.01483024908352094
17084717,7,0.02033190917980893
17084717,8,-0.17667530143417903
17084762,1,0.061020281875603884
17084762,2,0.06433314868767002
17084762,3,-0.022369511878585987
17084762,4,-0.0017514060517201371
17084762,5,0.0037483300058002754
17084762,6,0.012326527543267305
17084762,7,3.859819705161521e-4
17084762,8,-0.16678467258572677
17085109,1,-0.04710838068060314
17085109,2,-0.025804073326117675
17085109,3,-0.03431239688938561
17085109,4,0.01939208398992882
17085109,5,0.11423870613917793
17085109,6,-0.031924265237623636
17085109,7,-0.00924584740793617
17085109,8,0.06182128642707844
17085899,1,0.009963081856043466
17085899,2,-0.0057236739272093305
17085899,3,-0.008150913793392061
17085899,4,0.026940265879016764
17085899,5,0.014299970819999399
17085899,6,0.051296622298101946
17085899,7,-0.022975995386830553
17085899,8,0.012109187628209674
17086614,1,0.026324154579423917
17086614,2,-0.1648948197890188
17086614,3,0.10336680263566582
17086614,4,-0.018011867385869223
17086614,5,-0.11697038556808445
17086614,6,-0.15512345891334522
17086614,7,0.045710067435966735
17086614,8,-0.18026114604297983
17086835,1,-0.03286022371659293
17086835,2,0.04115714920419907
17086835,3,0.009198385394429813
17086835,4,0.06803875275161438
17086835,5,-0.016646907148749855
17086835,6,0.01840592111166894
17086835,7,-0.056131475077660746
17086835,8,-0.08513307714369676
17087283,1,0.0638072084928303
17087283,2,0.0588264784107648
17087283,3,-0.015276204479695403
17087283,4,-0.026634491708992732
17087283,5,0.019893084801320692
17087283,6,0.023858561162159498
17087283,7,0.0046044499229094815
17087283,8,-0.20777604410565897
17087381,1,0.007681138654373722
17087381,2,0.004969306656611011
17087381,3,0.023507902458000916
17087381,4,-0.04930847972849054
17087381,5,0.009036336822099306
17087381,6,-0.012955791388581946
17087381,7,-0.07649112999545024
17087381,8,-0.028492133602547272
17087656,1,0.0670810192086892
17087656,2,0.06710093284563796
17087656,3,-0.010867827983091336
17087656,4,-0.028301598108160516
17087656,5,0.009264399314690513
17087656,6,0.034137895959985544
17087656,7,-0.003984891836113398
17087656,8,-0.1989782916027319
17087705,1,0.06682742147619333
17087705,2,0.059614276272035215
17087705,3,-0.014907090128622708
17087705,4,-0.025696098578854163
17087705,5,-0.005909306995203988
17087705,6,0.03602240576596853
17087705,7,7.212104705829884e-5
17087705,8,-0.19675260080039098
17088861,1,-0.06822361310557425
17088861,2,-0.004455997571765041
17088861,3,0.013044444401042543
17088861,4,0.03744750035722477
17088861,5,-0.0916715399644491
17088861,6,0.012413225985854127
17088861,7,0.007596552986614506
17088861,8,-0.09906108629669493
17089061,1,0.0519181724047425
17089061,2,0.06926688509668374
17089061,3,-0.009335420385809378
17089061,4,-0.02712445292124851
17089061,5,-0.00550078919844103
17089061,6,0.025894533140723864
17089061,7,7.96230044014907e-4
17089061,8,-0.19762143816807717
17089228,1,-0.0020097848280945987
17089228,2,0.028797992189577928
17089228,3,-0.02419941868122843
17089228,4,-0.05763723898129052
17089228,5,-0.025280659001031082
17089228,6,0.028404198191901188
17089228,7,0.05550115791958861
17089228,8,0.07439337123796796
17089569,1,0.0023683004019148047
17089569,2,-0.1615998671466485
17089569,3,0.08851896261440596
17089569,4,-0.004386687750157197
17089569,5,-0.04716564913683143
17089569,6,-0.16406806964642234
17089569,7,0.05944365160898879
17089569,8,-0.15006648858115793
17089639,1,-0.016438504442402607
17089639,2,-0.1319053965152561
17089639,3,0.05481272668878136
17089639,4,-0.06264835930521605
17089639,5,-0.06296301385291528
17089639,6,-0.07718317274064271
17089639,7,0.14101991433436084
17089639,8,-0.07082831567999215
17090624,1,-0.0094164406874008965
17090624,2,-0.11180545843793897
17090624,3,0.06897114275837009
17090624,4,-0.014104958954845018
17090624,5,-0.05426419709492356
17090624,6,-0.059102664866948956
17090624,7,0.1144893133246293
17090624,8,-0.06944310375355231
17090784,1,-0.03524854420211913
17090784,2,-0.02961081022960799
17090784,3,-0.01536344921870627
17090784,4,0.01782674986259571
17090784,5,0.11126321737613842
17090784,6,-0.022760097830391485
17090784,7,-0.015566917199450999
17090784,8,0.05874263332615909
17091201,1,0.013630807161273734
17091201,2,-0.16067929097942862
17091201,3,0.10766327738252784
17091201,4,0.020519289148477678
17091201,5,-0.11216822892443862
17091201,6,-0.1295072451769717
17091201,7,0.06373543582757159
17091201,8,-0.18480674530947475
17091996,1,0.08726270364842244
17091996,2,-0.16547078112992547
17091996,3,0.07112760649115633
17091996,4,0.03244784166479081
17091996,5,-0.020516297589138185
17091996,6,-0.03909028607070889
17091996,7,0.03481217599065108
17091996,8,-0.04667275891501973
17092028,1,0.08050498001646472
17092028,2,-0.1707790192559712
17092028,3,0.08489801443201567
17092028,4,0.039415392375871744
17092028,5,-0.03176862949347213
17092028,6,-0.035754428320945886
17092028,7,0.02793054497531404
17092028,8,-0.061955893962820516
17092185,1,0.07286834633887723
17092185,2,-0.16420223122006347
17092185,3,0.06643021724272487
17092185,4,0.043056220600035305
17092185,5,-0.021819194589795015
17092185,6,-0.03138182808298545
17092185,7,0.034474054011491
17092185,8,-0.013885533917201563
17092247,1,-0.0487894313086035
17092247,2,0.023040393656344974
17092247,3,0.03605687402810996
17092247,4,-0.10336361130737731
17092247,5,-0.0034449907215109844
17092247,6,-0.04116695151980278
17092247,7,0.002857071303379755
17092247,8,-0.06824785095224618
17092546,1,-0.005524136203693108
17092546,2,0.025051937713292314
17092546,3,0.00843661944386636
17092546,4,0.01210085993011591
17092546,5,0.010493895615217349
17092546,6,-0.011091377192716967
17092546,7,-0.022095414642336032
17092546,8,0.03275396910032298
17092611,1,-0.04639928091585399
17092611,2,-0.040359710134595765
17092611,3,0.008276965852717472
17092611,4,-0.012707001405666133
17092611,5,0.13102661094617518
17092611,6,-0.043759244294194435
17092611,7,0.019384149643093495
17092611,8,0.06063438526252515
17093033,1,-0.017862303137828592
17093033,2,0.0036744227159855127
17093033,3,-0.01642048805321084
17093033,4,-0.04330773376006093
17093033,5,-0.0407054097926007
17093033,6,0.043491476278120215
17093033,7,0.03086049793943097
17093033,8,0.02803712759316267
17093416,1,-0.08296294839631423
17093416,2,0.013181503252403321
17093416,3,-0.001017413430668422
17093416,4,-0.0590474640953501
17093416,5,-0.17051321640486958
17093416,6,0.10508894637168885
17093416,7,0.12336091550814057
17093416,8,0.05760205200251506
17093467,1,-0.041445974695890626
17093467,2,-0.030830322220353985
17093467,3,-0.015431163220539293
17093467,4,-0.014493945280927487
17093467,5,0.14927890500299237
17093467,6,-0.05484005755388066
17093467,7,0.045660199676610384
17093467,8,0.04373002351478876
17093947,1,-0.07803266154787779
17093947,2,0.012246774154969864
17093947,3,-0.004006154411479119
17093947,4,-0.04985091072708936
17093947,5,-0.17751340321518297
17093947,6,0.1031684664660281
17093947,7,0.10309302955369293
17093947,8,0.039421766462242984
17094130,1,0.00672782342255905
17094130,2,0.016342261587448503
17094130,3,-0.007304657882213437
17094130,4,0.010624086672617139
17094130,5,0.0018494812991779327
17094130,6,-0.028528171264656996
17094130,7,-0.010239326880567768
17094130,8,-0.002261293059910129
17094154,1,-0.084529546201426
17094154,2,-0.0033225239453294605
17094154,3,-0.002398773277696269
17094154,4,-0.04086143837384149
17094154,5,-0.1960910314147666
17094154,6,0.09111571264641782
17094154,7,0.1195070168638792
17094154,8,0.043394253130691146
17094509,1,-0.05358365518517623
17094509,2,-0.03836497092916657
17094509,3,0.0044190991234661445
17094509,4,-0.03476150484378208
17094509,5,0.15399575728520204
17094509,6,-0.046312153574957805
17094509,7,0.019733685849550105
17094509,8,0.07466688438417801
17094569,1,0.005911056928081653
17094569,2,-0.004095194326756808
17094569,3,0.019818284503093562
17094569,4,0.00812516898576223
17094569,5,-0.00835321138213431
17094569,6,-0.0243493187612942
17094569,7,-0.004322611170382033
17094569,8,-0.017416234042464465
17094670,1,-0.0010264305139994438
17094670,2,-0.014576325763485649
17094670,3,-0.027503445325384006
17094670,4,0.06709118218470961
17094670,5,0.016154026125190988
17094670,6,0.012450991705221359
17094670,7,0.12661842051205158
17094670,8,0.05500009921075422
17094749,1,0.0026484533974849294
17094749,2,0.008161438311987117
17094749,3,-0.032280456336753346
17094749,4,0.09848203174528061
17094749,5,-0.0027438118170745036
17094749,6,0.0017257643484713458
17094749,7,0.13365903578564772
17094749,8,0.04855602186277919
17095501,1,0.08729171456373813
17095501,2,-0.05202034057927915
17095501,3,-0.16066094215918197
17095501,4,0.08501345500876757
17095501,5,0.07899496436734563
17095501,6,0.204575763282187
17095501,7,-0.010661478456116555
17095501,8,-0.11336194079469705
17095652,1,-0.022655872689160198
17095652,2,0.17825377528967334
17095652,3,0.044485293537464714
17095652,4,0.18528243178267076
17095652,5,-2.043558526821856e-4
17095652,6,-0.09179195620034968
17095652,7,0.06012634626166294
17095652,8,-0.05986589829815963
17096707,1,-0.030011420419060596
17096707,2,0.17800206398691232
17096707,3,0.04867998554314995
17096707,4,0.19723010343322953
17096707,5,0.0027123309174206037
17096707,6,-0.1050550402672277
17096707,7,0.06580605847232973
17096707,8,-0.037754682431227767
17096864,1,0.11863486776248651
17096864,2,-0.13553618000865766
17096864,3,-0.05415798535049594
17096864,4,0.15558770497167454
17096864,5,0.02039387792935961
17096864,6,0.048810784752840106
17096864,7,0.0783629529582245
17096864,8,0.020721127737904188
17097205,1,-0.018772976582842438
17097205,2,0.18821194468942187
17097205,3,0.03612145892263238
17097205,4,0.19302770297404462
17097205,5,-0.00583182020224754
17097205,6,-0.10173621631862932
17097205,7,0.06419849176070251
17097205,8,-0.018719443588490325
17097339,1,-0.02129998423207689
17097339,2,0.18398025618280026
17097339,3,0.04399461698215504
17097339,4,0.19264058038388526
17097339,5,-0.007727580175525836
17097339,6,-0.11013307540570236
17097339,7,0.041168603486583036
17097339,8,-0.0745132891912149
17097416,1,-0.014431878638979215
17097416,2,0.1731022469116465
17097416,3,0.04640707064353173
17097416,4,0.19744233967401184
17097416,5,0.0036866582556950443
17097416,6,-0.12819411475906947
17097416,7,0.0586206904966552
17097416,8,-0.06811639132979834
17097910,1,-0.008424429903567504
17097910,2,-0.005052554937055768
17097910,3,-0.04369208359410095
17097910,4,0.062151589513430264
17097910,5,-9.893770741439356e-4
17097910,6,0.026445702952728446
17097910,7,0.1156614282401236
17097910,8,0.022799168829300567
17098137,1,0.07699470745668055
17098137,2,-0.060621879302461
17098137,3,-0.1677205713393879
17098137,4,0.06285781814361563
17098137,5,0.0581334257620255
17098137,6,0.15639374070678108
17098137,7,-0.05756893648347091
17098137,8,-0.12298323308410415
17099107,1,-0.08592143441403925
17099107,2,0.016941451757709447
17099107,3,-0.0019981275654270777
17099107,4,-0.04566603246535244
17099107,5,-0.1640080232596518
17099107,6,0.11874627937730974
17099107,7,0.10983186743380274
17099107,8,0.04322349358719256
17099462,1,0.1164960265066676
17099462,2,-0.12023659284823847
17099462,3,-0.06986333095822221
17099462,4,0.14444439160047753
17099462,5,0.029355043140250763
17099462,6,0.07412062752589628
17099462,7,0.09684639451586959
17099462,8,0.03050960694088838
17099492,1,-0.03413625486507993
17099492,2,0.18603689639688387
17099492,3,0.03500869441671147
17099492,4,0.21026777870614913
17099492,5,0.015222749592528924
17099492,6,-0.08467885848573424
17099492,7,0.049012898620286065
17099492,8,-0.041187106991973754
17099883,1,-0.0045169151388716605
17099883,2,-0.0076900919418853644
17099883,3,-0.03640721960693267
17099883,4,0.1013474549880673
17099883,5,0.010359185541038369
17099883,6,-0.004098005729196458
17099883,7,0.11538248872254316
17099883,8,0.049365247568572614
17099965,1,0.022508852489408645
17099965,2,-0.026314013167723582
17099965,3,0.007435993698337839
17099965,4,-0.010444270757727706
17099965,5,-0.0503098958992044
17099965,6,-0.03143273211575567
17099965,7,0.013243690656852039
17099965,8,0.04845618738905071
17100415,1,-0.007627567976661115
17100415,2,0.01663235475056665
17100415,3,0.0016715371978872375
17100415,4,-0.020685067656028632
17100415,5,-0.00980314781688497
17100415,6,0.03866743050905434
17100415,7,0.03737319412180063
17100415,8,0.029754443990031288
17100497,1,0.09596935768334601
17100497,2,-0.16883928565928086
17100497,3,0.05335278044748229
17100497,4,0.0625957377729704
17100497,5,-0.0437662494582896
17100497,6,-0.10883688393369026
17100497,7,0.09403650535871928
17100497,8,0.00715346261287592
17100730,1,-0.07363304658222157
17100730,2,-0.0011203802211715902
17100730,3,0.0069753605546283015
17100730,4,-0.06522772969544302
17100730,5,-0.18167822850746834
17100730,6,0.09837743863116612
17100730,7,0.12265479676757084
17100730,8,0.04630719569317465
17100911,1,-0.046054201041446106
17100911,2,-0.03309631322220018
17100911,3,0.017862180993194615
17100911,4,-0.036929590573266884
17100911,5,0.13333311651391053
17100911,6,-0.04666776108432169
17100911,7,0.036743848605998566
17100911,8,0.04438487896634497
17101074,1,-0.018865515106438937
17101074,2,0.1802440327808563
17101074,3,0.031515169648922065
17101074,4,0.2031371140413066
17101074,5,0.0016742979112727718
17101074,6,-0.09746776624133369
17101074,7,0.05748489945766705
17101074,8,-0.03050638252139682
17101672,1,-0.035812816395850856
17101672,2,-0.027081020250060293
17101672,3,0.009146245065874298
17101672,4,-0.03433580848039827
17101672,5,0.15000171052061734
17101672,6,-0.03424654413428999
17101672,7,0.03176977852556354
17101672,8,0.05305440978178519
17101987,1,-0.005171604371464298
17101987,2,-0.006369380871934963
17101987,3,-0.04430601977603684
17101987,4,0.08815224959503919
17101987,5,0.0244485378708835
17101987,6,0.019172060380485582
17101987,7,0.12277215236291819
17101987,8,0.051400046829763665
17102433,1,-0.0011676016042028116
17102433,2,-7.850165649665563e-4
17102433,3,-0.02706510735432827
17102433,4,0.08338385761278176
17102433,5,7.77129334677435e-4
17102433,6,0.015424285938357775
17102433,7,0.09408105309074097
17102433,8,0.02439186532890475
17102620,1,0.01685778455177253
17102620,2,-0.01720323234874259
17102620,3,-0.10366772049509322
17102620,4,-0.005355757310021151
17102620,5,-0.001617213285371961
17102620,6,-0.030141839355923426
17102620,7,2.444040668500797e-4
17102620,8,-0.059276162881787546
17102631,1,0.003924576728972498
17102631,2,0.009276002968493206
17102631,3,-0.04415727560080562
17102631,4,0.09180783184804825
17102631,5,-0.004075906416871485
17102631,6,0.01959534379737465
17102631,7,0.1134594707798515
17102631,8,0.05836583850253732
17102725,1,-0.045156023192908894
17102725,2,-0.03298028881436251
17102725,3,-0.023423721665381494
17102725,4,0.02291821766909444
17102725,5,0.11464178931262733
17102725,6,-0.0445189039594444
17102725,7,0.001128180822095776
17102725,8,0.09049123732701922
17103034,1,-0.023703269914234076
17103034,2,0.18121997341575533
17103034,3,0.03865755180764279
17103034,4,0.20074921763782458
17103034,5,-0.007679554112288838
17103034,6,-0.09062792219502482
17103034,7,0.062002247080697945
17103034,8,-0.04480620171443165
17103078,1,-0.0745866146030468
17103078,2,0.007432007615734591
17103078,3,-0.014688199952567062
17103078,4,-0.04765119257511921
17103078,5,-0.192780997446831
17103078,6,0.08616884996710546
17103078,7,0.11570355314723418
17103078,8,0.04997912992189938
17103304,1,-0.011569832435835228
17103304,2,0.012136839665088878
17103304,3,-0.005770546438089443
17103304,4,-0.06567201042854648
17103304,5,-0.05611511081114429
17103304,6,0.05396725601444434
17103304,7,0.04675484138606997
17103304,8,0.01432229594045489
17103717,1,0.11276022248838637
17103717,2,-0.1280756934492141
17103717,3,-0.05383032107852499
17103717,4,0.1565325544865413
17103717,5,0.022302528545765844
17103717,6,0.06565198167232465
17103717,7,0.1061021981354638
17103717,8,0.04375360393336318
17103916,1,-9.085620184034698e-4
17103916,2,-0.0029566489427093967
17103916,3,-0.04061492150809634
17103916,4,0.08235728509893975
17103916,5,0.005311527178932657
17103916,6,0.01586468356037303
17103916,7,0.12284337802758545
17103916,8,0.031192324958636563
17104269,1,0.004983186884904586
17104269,2,-0.0034669573951487277
17104269,3,-0.03857206254293178
17104269,4,0.08450275963381082
17104269,5,-0.013650016675658988
17104269,6,0.021342008564713768
17104269,7,0.12174817228000646
17104269,8,0.0436502707790554
17104369,1,0.09160906357283098
17104369,2,-0.12096368093441633
17104369,3,-0.041870490132120096
17104369,4,0.10617569067642803
17104369,5,0.1172631775673751
17104369,6,0.03636860083102474
17104369,7,0.10639043639387158
17104369,8,0.013820830812102424
17105001,1,0.08682870307656078
17105001,2,-0.12888994343456817
17105001,3,-0.040424904520312444
17105001,4,0.11544287305393888
17105001,5,0.11274650837871751
17105001,6,0.028771083469265435
17105001,7,0.1136759375498067
17105001,8,0.009541189003843422
17105497,1,0.10991097436913178
17105497,2,-0.14414268096310187
17105497,3,-0.06807081859959238
17105497,4,0.14892180763078772
17105497,5,0.026448391229460733
17105497,6,0.061003279710314336
17105497,7,0.09517301774137914
17105497,8,0.007049964857151968
17105666,1,-0.04949231147618607
17105666,2,-0.031201716105497886
17105666,3,-0.002616849214092975
17105666,4,-0.04763188446256316
17105666,5,0.1317215714617544
17105666,6,-0.04042175809320675
17105666,7,0.019361315497514634
17105666,8,0.03253787328830225
17106294,1,-0.1021993752242352
17106294,2,0.09553774346727098
17106294,3,0.03962522486363788
17106294,4,0.11418016447032868
17106294,5,-0.023924305075712596
17106294,6,-0.0589879094856287
17106294,7,0.16333670317649684
17106294,8,0.11405579466182293
17106443,1,-0.07558974496813776
17106443,2,0.002811216180375463
17106443,3,0.006131803852961262
17106443,4,-0.05388831879563789
17106443,5,-0.18998899247740364
17106443,6,0.1072370584057687
17106443,7,0.13366915342989763
17106443,8,0.0403315625107511
17106549,1,-0.008256176801427437
17106549,2,-0.01324354833912263
17106549,3,-0.03432382608217984
17106549,4,0.08153102005712046
17106549,5,-0.0028088064518834877
17106549,6,-7.391637034099617e-4
17106549,7,0.11499601115925845
17106549,8,0.05617194640140396
17107266,1,0.11621904884037491
17107266,2,-0.13532978698977594
17107266,3,-0.07331978539944611
17107266,4,0.16002192448185937
17107266,5,0.030633679863383865
17107266,6,0.06223744704546054
17107266,7,0.082379148125496085
17107266,8,0.010942512758789862
17107330,1,-0.006124513959726269
17107330,2,0.18066278891490173
17107330,3,0.0563471578270313
17107330,4,0.1971025750699261
17107330,5,-0.00402060450915121
17107330,6,-0.10641799116426369
17107330,7,0.04325271887135822
17107330,8,-0.027579988451498567
17107567,1,-0.006037124299744706
17107567,2,0.010410327629833347
17107567,3,0.0069649632413991535
17107567,4,0.02060357479895868
17107567,5,0.004321975077167667
17107567,6,-0.004528311292607122
17107567,7,-0.025971261638008964
17107567,8,0.006957763091133063
17107631,1,-0.08396222498577509
17107631,2,-0.010227514477238747
17107631,3,-0.0031295677402303304
17107631,4,-0.05511736860101126
17107631,5,-0.19746529667657853
17107631,6,0.0918654187526346
17107631,7,0.12911509481492173
17107631,8,0.05005097981156406
17108394,1,0.0851214341281725
17108394,2,-0.039480267197236164
17108394,3,-0.16156523596024455
17108394,4,0.060000307444535224
17108394,5,0.0712718160732673
17108394,6,0.22632144658503425
17108394,7,-0.009333483289626805
17108394,8,-0.11091376811571427
17108419,1,0.08841502450199487
17108419,2,-0.044064528701375956
17108419,3,-0.16792112534353504
17108419,4,0.057602660565539025
17108419,5,0.0710794462420324
17108419,6,0.22247089772224143
17108419,7,-0.016138139162269822
17108419,8,-0.1433693428319792
17109150,1,0.10365039071136437
17109150,2,-0.04276035491228973
17109150,3,-0.1591466056016683
17109150,4,0.0774967431279694
17109150,5,0.06834986079790825
17109150,6,0.21826341425212126
17109150,7,-0.014944687455170622
17109150,8,-0.13002106470093674
17109678,1,0.0838496258686778
17109678,2,-0.16511883504609362
17109678,3,0.03818421307808815
17109678,4,0.07476377832478626
17109678,5,-0.05305311810436842
17109678,6,-0.11644461991710903
17109678,7,0.08056672233603496
17109678,8,0.025691750161219013
17109733,1,0.10286027373825435
17109733,2,-0.13259949144703215
17109733,3,-0.05737834112501064
17109733,4,0.15276120709244256
17109733,5,0.015413912725445813
17109733,6,0.052098462689484704
17109733,7,0.0876267627509152
17109733,8,0.023686717616447854
17109782,1,-0.04135211897504753
17109782,2,-0.03615951068099263
17109782,3,0.004821600428268478
17109782,4,-0.03936126075513103
17109782,5,0.14406227404362412
17109782,6,-0.03608478063529623
17109782,7,0.026676556695723042
17109782,8,0.03394832260268212
17110265,1,-0.07510408904131348
17110265,2,-0.0015906016952822088
17110265,3,0.010593676160570732
17110265,4,-0.0645875516120624
17110265,5,-0.1847299086827109
17110265,6,0.10124262386727616
17110265,7,0.11303817918042848
17110265,8,0.04070789926184548
