SNP_ID,PC,loading
17007410,1,-0.05591753104961294
17007410,2,0.0015349761214988214
17007410,3,0.004918220964052341
17007410,4,-0.019179721846309537
17010567,1,-0.005130603992891114
17010567,2,0.010450325075655641
17010567,3,-0.005395116861461026
17010567,4,-0.13652713824635587
17012057,1,-0.15489518708058095
17012057,2,-0.012269275766482374
17012057,3,-0.04474808879734829
17012057,4,0.06507229700076114
17012169,1,-0.16434057595722104
17012169,2,-0.020784362335861672
17012169,3,-0.050092761558816146
17012169,4,0.09004939623108188
17012392,1,-0.1527054098152913
17012392,2,-0.006098326189879932
17012392,3,-0.07560810809277002
17012392,4,0.07984904277849109
17012430,1,0.008092380263578065
17012430,2,0.018487173701964954
17012430,3,0.008872929673272856
17012430,4,-0.12802801243994355
17013111,1,-0.1579012895701625
17013111,2,-0.022270699582630282
17013111,3,-0.06862595782113678
17013111,4,0.06640288518092441
17015024,1,-0.15233052775051542
17015024,2,-0.007477670152615412
17015024,3,-0.01255607202585246
17015024,4,0.07621261521213435
17018404,1,-0.17747643736896537
17018404,2,-0.011808356146355906
17018404,3,-0.06712653532109135
17018404,4,0.12844385181110407
17018509,1,-0.12240962130917914
17018509,2,0.0037288166998304725
17018509,3,-0.08657212957082233
17018509,4,0.11493007969041749
17018874,1,-0.14014782616429022
17018874,2,-0.011861114420094142
17018874,3,-0.06434459127657396
17018874,4,0.08469356204235212
17019335,1,-0.16306167930763193
17019335,2,-0.015773999041860623
17019335,3,-0.0675282256549924
17019335,4,0.1264511204802272
17019796,1,-0.16049074898659502
17019796,2,-0.013115604999270709
17019796,3,-0.08136140291434535
17019796,4,0.1047686223899877
17020454,1,-0.15930783114134917
17020454,2,0.0010367690974687595
17020454,3,-0.08102342253669385
17020454,4,0.09888944183399542
17020735,1,-0.1516447344830347
17020735,2,-5.507007939277454e-4
17020735,3,-0.061169019291750865
17020735,4,0.09932724765584683
17021372,1,-0.16970491221737039
17021372,2,-0.014575287121476932
17021372,3,-0.05791432439259984
17021372,4,0.10957113495777304
17021691,1,-0.16598714148443144
17021691,2,-0.002403598440661968
17021691,3,-0.0784168149716521
17021691,4,0.1360119807321649
17022336,1,-0.16554553070510886
17022336,2,-0.013554111145120073
17022336,3,-0.07845817521765198
17022336,4,0.11068855825922905
17022459,1,0.006002305207811394
17022459,2,0.007141950565629287
17022459,3,-0.0028037104279602853
17022459,4,-0.1170376624524676
17022719,1,-0.0688340844315566
17022719,2,0.02066184131691915
17022719,3,-0.030333351712132795
17022719,4,-0.03492324675768364
17024561,1,-0.1768598901350368
17024561,2,-0.024062368513094658
17024561,3,-0.05517915646891445
17024561,4,0.1070815305597692
17024823,1,-0.15126388503145716
17024823,2,-0.005433045195123005
17024823,3,-0.08131869259597964
17024823,4,0.08153084936865501
17024866,1,-0.15810985591883855
17024866,2,-0.011610643728173881
17024866,3,-0.07673877609116314
17024866,4,0.07447156649506946
17025507,1,-0.16700834399708506
17025507,2,-0.003505271746562963
17025507,3,-0.0464271732114367
17025507,4,0.09408515036083928
17025879,1,-0.15778317416156878
17025879,2,-0.03677755948111043
17025879,3,-0.06658285923978138
17025879,4,0.10834939020733741
17032282,1,-0.14601730037338764
17032282,2,-0.008925538195060811
17032282,3,-0.029439203349509377
17032282,4,-0.0065846302096402316
17033099,1,-0.09216637192151736
17033099,2,0.015470372138012474
17033099,3,-0.025034996893993376
17033099,4,0.040969210186954576
17033511,1,0.010802130876605436
17033511,2,0.0039175172367676096
17033511,3,0.012709690414451361
17033511,4,-0.13549143291390517
17034945,1,-0.1471375208299381
17034945,2,0.020318809713327775
17034945,3,0.027595491659518773
17034945,4,-0.04093722973249041
17034956,1,-0.14508967056612587
17034956,2,0.02073082469990306
17034956,3,0.014439998763594105
17034956,4,-0.03874963857753614
17036642,1,-0.14324283298865575
17036642,2,-0.16354362629982092
17036642,3,0.1385003468978816
17036642,4,-0.09683078208808335
17037108,1,-0.09142571001532178
17037108,2,0.021229835880412374
17037108,3,-0.029868960215572126
17037108,4,0.07015743534422804
17037192,1,-0.015685243823149463
17037192,2,-0.19205677074004848
17037192,3,0.1377091393927585
17037192,4,-0.03994035127616025
17037504,1,0.08017374570958884
17037504,2,-0.025277986765975754
17037504,3,-0.1244720276581438
17037504,4,0.17741854682734068
17037779,1,-0.13492168406199398
17037779,2,0.04396403995385884
17037779,3,0.05818696694281943
17037779,4,-0.07535336750927338
17037807,1,-0.15282432522347678
17037807,2,0.030604107190578263
17037807,3,0.06285330943628324
17037807,4,-0.026414934820217072
17038426,1,-0.15419867827411113
17038426,2,0.025116060509313275
17038426,3,0.05556978780910711
17038426,4,-0.025773612930836194
17038636,1,0.1318712543245232
17038636,2,-0.012246658262778883
17038636,3,-0.14754980359149877
17038636,4,0.2544059522351485
17043136,1,-0.14211778438584344
17043136,2,0.025317201327718294
17043136,3,0.04912883583293881
17043136,4,-0.07904650746388492
17045641,1,0.12098595224882697
17045641,2,-0.0024366295118015526
17045641,3,-0.14688806370620244
17045641,4,0.25921411545337864
17046111,1,-0.16068774272301772
17046111,2,0.04238065922285499
17046111,3,0.06676826181380945
17046111,4,-0.025263358599631712
17046587,1,0.1159609537639182
17046587,2,0.0018153627775078012
17046587,3,-0.14733078617438103
17046587,4,0.24343624244570247
17046719,1,-0.1411790396521499
17046719,2,0.007031405487302999
17046719,3,0.03188876460023472
17046719,4,-0.021603415983661507
17047632,1,-0.0220699145865316
17047632,2,0.01116627486837352
17047632,3,0.030269311633962476
17047632,4,-0.04122874569834826
17049115,1,-0.003547500016884437
17049115,2,-0.21441351802710915
17049115,3,0.09463348220493925
17049115,4,0.042372972696912446
17049827,1,-0.152391588395167
17049827,2,0.033201812404108653
17049827,3,0.04832354214716649
17049827,4,-0.06635936570784907
17050088,1,-0.13954171029575343
17050088,2,0.0532196627473999
17050088,3,0.08834199208670876
17050088,4,-0.031671494398723375
17050605,1,0.11440973528161168
17050605,2,-0.012158152717731782
17050605,3,-0.15232694706333394
17050605,4,0.24677275322010545
17051419,1,-0.15536087004808005
17051419,2,0.024090419746608267
17051419,3,0.05797618082464452
17051419,4,-0.025119987366038685
17051775,1,0.004351682274930235
17051775,2,-0.29780596759636613
17051775,3,0.10933844198990086
17051775,4,0.06950428507375866
17052123,1,0.07256451878122397
17052123,2,0.008980451502097682
17052123,3,-0.11562571474814443
17052123,4,0.1661200074447596
17052871,1,-0.15458551670708376
17052871,2,0.01624913536120157
17052871,3,0.06506440379730592
17052871,4,-0.08018916595242521
17054103,1,0.022631536179750205
17054103,2,0.13838921186491
17054103,3,0.2324826134584365
17054103,4,0.18246283182190678
17054291,1,0.014414538750181144
17054291,2,0.11975025913408882
17054291,3,0.24708166222625885
17054291,4,0.15895535482477505
17054332,1,0.013199297229616443
17054332,2,0.1374011415513724
17054332,3,0.22607811534519706
17054332,4,0.1715520600210268
17054720,1,-0.0027751039266198036
17054720,2,-0.2917032202232994
17054720,3,0.12528518205424669
17054720,4,0.04291647449863913
17054795,1,0.013768377467178742
17054795,2,0.15425430681636132
17054795,3,0.2632613649834215
17054795,4,0.15672969285036148
17054847,1,-0.14802635668455696
17054847,2,0.02704641819769186
17054847,3,0.06307845680306204
17054847,4,-0.050371862161592625
17055074,1,0.0025388624369131556
17055074,2,-0.29861614008220877
17055074,3,0.12858914986089387
17055074,4,0.043193909392626725
17055458,1,0.005251201941452384
17055458,2,-0.287446770434813
17055458,3,0.12222126819859326
17055458,4,0.0729747277961661
17055569,1,0.07835519447890532
17055569,2,-0.025644148090264912
17055569,3,-0.11202506256991561
17055569,4,0.15488960104682215
17055818,1,0.06487258352135102
17055818,2,0.0015952205440882908
17055818,3,-0.10825121714220935
17055818,4,0.10647179537722996
17055978,1,0.01587935552601378
17055978,2,0.13267648207081353
17055978,3,0.25705425249324837
17055978,4,0.15484839072269496
17055984,1,0.016518622404356923
17055984,2,-0.30017716926935684
17055984,3,0.12428116898584315
17055984,4,0.06929148381211696
17056298,1,0.08040241014655816
17056298,2,-0.004158617538140257
17056298,3,-0.10691812503065927
17056298,4,0.14873136546245772
17056415,1,0.07430561917449086
17056415,2,0.02346142085762779
17056415,3,-0.10896030505963185
17056415,4,0.12675577167280128
17057597,1,0.008173501370224158
17057597,2,-0.3081592771014886
17057597,3,0.10211904013239963
17057597,4,0.08013229289105038
17058482,1,0.009480810533365696
17058482,2,-0.2799142292685145
17058482,3,0.11363954833067452
17058482,4,0.07719661918873254
17058616,1,0.0034535825101081824
17058616,2,0.13236659979307117
17058616,3,0.24472237238503278
17058616,4,0.17290988641930052
17059916,1,0.019021829401124988
17059916,2,0.1471258305716367
17059916,3,0.24805241635551498
17059916,4,0.1825374624396
17060166,1,-0.0015070638733606235
17060166,2,-0.2941527601503801
17060166,3,0.11718128943822441
17060166,4,0.10876936228378968
17060419,1,0.016364455165112455
17060419,2,0.13829458730958036
17060419,3,0.23594712253077194
17060419,4,0.1654752455129572
17060707,1,-0.14871328979318263
17060707,2,0.016647382062385477
17060707,3,0.010118438627270156
17060707,4,0.0035110312929909565
17061093,1,0.015637643094599356
17061093,2,0.1437197392811667
17061093,3,0.2463471654371188
17061093,4,0.14980468328658034
17061305,1,-0.152966828055265
17061305,2,0.03233041262996713
17061305,3,0.03249182306455684
17061305,4,-0.032870862840290734
