SNP_ID,PC,loading
16849105,1,-0.0916391780092195
16849535,1,-0.07598865724094353
16849573,1,-0.06693290907653224
16849681,1,-0.09010970510167493
16849725,1,-0.08718636259866984
16849843,1,-0.08651226950876087
16849971,1,-0.08507934543486993
16850089,1,-0.08933004121698916
16850115,1,-0.08962076135476127
16850164,1,-0.08576654358966727
16850281,1,-0.08757589282361511
16850297,1,-0.08447111773601804
16850437,1,-0.08558452315152489
16850463,1,-0.0878373872748625
16850671,1,-0.08236920194652472
16850676,1,-0.08960811920991595
16850744,1,-0.08973920807521897
16851053,1,-0.09114728334612456
16851088,1,-0.09354658714833584
16851108,1,-0.08593151916038233
16851125,1,-0.0888639914589188
16851141,1,0.034397984454419425
16851225,1,-0.09049865544563171
16851356,1,-0.0871446338050305
16851640,1,-0.08532529156102009
16851673,1,-0.08972792153481665
16851819,1,-0.08751071529937311
16851822,1,-0.08732054730622836
16851899,1,-0.0895351588622844
16852303,1,-0.088652125808071
16852312,1,-0.08519662991280748
16852652,1,-0.08823829333430842
16852683,1,-0.08619481085311173
16852820,1,-0.08703667520703473
16852835,1,-0.08587944350432077
16852914,1,-0.08461820248261281
16853019,1,-0.08533454368245362
16853055,1,-0.0862838989615391
16853071,1,-0.08929416690382587
16853122,1,-0.08846386077683392
16853178,1,-0.08831006448090502
16853218,1,-0.08671513754932608
16853231,1,-0.08489451641836483
16853232,1,-0.08534284407840763
16853399,1,-0.08658218915491807
16853425,1,-0.0876669371924468
16853625,1,-0.08420579501824067
16853948,1,-0.09087027099312611
16854064,1,-0.09259330126095691
16854330,1,-0.09069442657349341
16854396,1,-0.0878419411302018
16854435,1,-0.08920115200910052
16854448,1,-0.08389387674546386
16854565,1,-0.08689544395672033
16854643,1,-0.08996118094494641
16854652,1,-0.08198648992311665
16854792,1,-0.08463292707298758
16854831,1,-0.08837263396192825
16854859,1,-0.08694443000544874
16855160,1,-0.08368855002820584
16855274,1,-0.08252401108228949
16855350,1,0.02948233360767047
16855476,1,-0.08631208448709388
16855563,1,-0.08265756876104838
16855618,1,-0.0879866264265147
16855677,1,-0.09096685846386868
16855731,1,-0.08774691193103416
16855764,1,-0.0881967395482883
16855904,1,-0.0860070497902295
16856181,1,-0.08789990303968918
16856188,1,-0.08127922530798125
16856465,1,-0.08447358452520234
16856544,1,-0.08872845890128604
16856672,1,-0.08813992483378588
16856803,1,-0.08861219901854335
16856809,1,-0.017181361645617493
16856878,1,-0.08662580659455091
16856915,1,-0.08493943405208283
16857015,1,-0.0809610291277094
16857035,1,-0.08347089150062935
16857041,1,-0.08439288386591846
16857140,1,-0.08726040854182858
16857165,1,-0.08511224622207372
16857414,1,-0.0847491792338645
16857418,1,-0.09083647426205352
16857422,1,-0.08520960567551954
16857510,1,-0.08285819869960528
16857983,1,-0.09250519668643226
16858076,1,-0.08565412904037001
16858191,1,-0.09107112198108323
16858219,1,-0.08478271736725466
16858364,1,-0.08563523859813442
16858472,1,-0.08916866262939674
16858684,1,-0.08328551874341525
16858723,1,-0.08806971642834124
16858843,1,-0.08679968911971193
16858863,1,-0.08590142621701324
16858968,1,-0.08350584520751139
16859182,1,-0.08538016663275318
16859366,1,-0.08773742669299764
16859587,1,-0.0832933693785452
16859704,1,-0.08649643941510185
16860036,1,-0.08494159800459462
16860066,1,-0.08645583296775793
16860139,1,-0.08759783748450986
16860258,1,-0.08088207800987206
16860336,1,-0.08808017747326392
16860360,1,-0.08381191351350394
16860413,1,-0.09142185085504624
16860442,1,-0.09171709433676109
16860496,1,-0.0844043267286242
16860617,1,-0.08946268120757417
16860752,1,-0.019037791739299058
16860767,1,-0.08269639642312569
16860813,1,-0.0847910259541211
16860967,1,-0.08528899525228642
16860985,1,-0.08540022928781575
16861056,1,-0.08933704644940414
16861182,1,-0.08444265595472367
16861293,1,-0.083408654586127
16861577,1,-0.0872450147278964
16861592,1,-0.0883981233206894
16861595,1,-0.08497905689109755
16861599,1,-0.09058515682309987
16861786,1,-0.08205806653896698
16861919,1,-0.09062489395295531
16861975,1,-0.08915827656709434
16862057,1,-0.08617003581719694
16862213,1,-0.08595023559545255
16862282,1,-0.08583293461972334
16862531,1,-0.08456761260009378
16862729,1,-0.0862434554712984
16863070,1,-0.08924196070606474
16863454,1,-0.07732541635403728
16864090,1,-0.08727286386443675
16865510,1,-0.08835915369165502
16866339,1,-0.0844342194527562
