SNP_ID,PC,loading
17090624,1,0.030894379096562227
17090624,2,-0.06250182486949124
17090624,3,-0.016942654334947637
17090624,4,0.07788121432679482
17090624,5,-0.04698768767788468
17090784,1,-0.0034618575885663923
17090784,2,-0.007952126778750844
17090784,3,0.07727444573209327
17090784,4,0.06032936695206663
17090784,5,0.028474551398421158
17091201,1,0.06738432413365295
17091201,2,-0.06259512930971994
17091201,3,-0.012517370146796122
17091201,4,0.04063148377665885
17091201,5,-0.16911665184584285
17091996,1,0.10168681130422609
17091996,2,-0.0279936056921644
17091996,3,0.0046752320497977454
17091996,4,0.012539157422768973
17091996,5,-0.11021534929061794
17092028,1,0.10835246496631908
17092028,2,-0.02911000642212283
17092028,3,-0.01568152892562271
17092028,4,0.006674293688754573
17092028,5,-0.12337291430014569
17092185,1,0.10994175388563499
17092185,2,-0.025793393584963773
17092185,3,-0.015466395326362901
17092185,4,0.029951320776029293
17092185,5,-0.10987284883165273
17092247,1,-0.042866959146037074
17092247,2,-0.03354016076164143
17092247,3,0.015981996369615212
17092247,4,-0.015575769062289366
17092247,5,-0.005309478829155849
17092546,1,-0.010562952642804343
17092546,2,0.007021385751389256
17092546,3,-0.004089113270056939
17092546,4,-0.011199862206924592
17092546,5,-0.02149184274884058
17092611,1,0.005403893364392548
17092611,2,-0.002266476681057096
17092611,3,0.10609355270607043
17092611,4,0.08043329067325296
17092611,5,0.03535049816465623
17093033,1,0.0010679843117026538
17093033,2,-0.04384383566089
17093033,3,-0.033086822070484426
17093033,4,0.008550205868675853
17093033,5,0.02989829492773748
17093416,1,-0.04684427795807523
17093416,2,-0.11076980604062694
17093416,3,-0.10484595319240521
17093416,4,0.06242755072182457
17093416,5,0.04301258507813088
17093467,1,0.001262115284220063
17093467,2,-0.013778606001057745
17093467,3,0.10185647697722718
17093467,4,0.09357462344750438
17093467,5,0.04330036281257551
17093947,1,-0.042493232026696144
17093947,2,-0.10648920469866321
17093947,3,-0.09693812994913607
17093947,4,0.06404872317145964
17093947,5,0.05428451904410653
17094130,1,-0.010995908117119662
17094130,2,0.004792411212561136
17094130,3,0.007386649212804486
17094130,4,-0.008794683256705366
17094130,5,-0.006217465019039421
17094154,1,-0.04378164082295289
17094154,2,-0.11040455905028082
17094154,3,-0.0945742388341562
17094154,4,0.06726773689888665
17094154,5,0.046020333406842195
17094509,1,0.003171730864266352
17094509,2,-0.015677697568778386
17094509,3,0.10919912655786572
17094509,4,0.0995504322656199
17094509,5,0.03037594918368074
17094569,1,0.0025302416954145488
17094569,2,0.010183029545009575
17094569,3,0.005731142832352219
17094569,4,0.0042370167327023785
17094569,5,-0.017907037577995954
17094670,1,0.016907352747501644
17094670,2,0.023793755011892546
17094670,3,-0.028307144920029507
17094670,4,0.07749613646635971
17094670,5,0.043914738166760274
17094749,1,0.01557447143476628
17094749,2,0.013791609082848624
17094749,3,-0.042676315312389114
17094749,4,0.0649023187088734
17094749,5,0.053983811666174636
17095501,1,0.08813627330541712
17095501,2,0.04138016099765991
17095501,3,-0.04328334452720332
17095501,4,-0.09916256529263988
17095501,5,0.19641169663088062
17095652,1,-0.08536618909046374
17095652,2,0.15282466141773274
17095652,3,-0.0513020241355583
17095652,4,0.06277864130047035
17095652,5,0.0019953284468861663
17096707,1,-0.08338149304723359
17096707,2,0.16328950375311743
17096707,3,-0.052104567358258816
17096707,4,0.06510124885295658
17096707,5,-0.017873581830766528
17096864,1,0.13965627249660176
17096864,2,0.03385637241397559
17096864,3,-0.05959008238909344
17096864,4,0.03911982677572773
17096864,5,0.010229028161465547
17097205,1,-0.08571682751012345
17097205,2,0.16135083720282195
17097205,3,-0.04810871879281923
17097205,4,0.05522929170488083
17097205,5,-0.01236445823104758
17097339,1,-0.08751605084342454
17097339,2,0.14529167274495908
17097339,3,-0.05901622623173461
17097339,4,0.06648211402134725
17097339,5,-0.00833205525544011
17097416,1,-0.08443226644962747
17097416,2,0.1565187803499198
17097416,3,-0.057844183639377086
17097416,4,0.05883772272027645
17097416,5,0.0038305287382429934
17097910,1,0.023296918319294483
17097910,2,0.020860877116577935
17097910,3,-0.041247635116259104
17097910,4,0.07354058777764218
17097910,5,0.049242450598405436
17098137,1,0.08092354682266564
17098137,2,0.026374997357639797
17098137,3,-0.02737307088474115
17098137,4,-0.08074038172551097
17098137,5,0.16685699831352244
17099107,1,-0.04795420948079001
17099107,2,-0.09677370306113706
17099107,3,-0.10212003697050583
17099107,4,0.05004219105901602
17099107,5,0.039746630774160845
17099462,1,0.13534369077852748
17099462,2,0.04708178146820768
17099462,3,-0.06406100424006553
17099462,4,0.03322167074155707
17099462,5,0.007641583862375943
17099492,1,-0.09024076276763401
17099492,2,0.1585623197518211
17099492,3,-0.05534972276876482
17099492,4,0.06185569892488025
17099492,5,0.0037860777187051706
17099883,1,0.017755643879040696
17099883,2,0.02944809882169052
17099883,3,-0.030733705778213476
17099883,4,0.08983650839624548
17099883,5,0.04982112507030008
17099965,1,0.019522241897022053
17099965,2,-0.00518651593977539
17099965,3,-0.017360018138608442
17099965,4,0.011624605614621834
17099965,5,-0.043796452153270035
17100415,1,-0.010728954462806336
17100415,2,-0.011221717390556983
17100415,3,-0.01792443751637148
17100415,4,0.001959055855245116
17100415,5,-0.0023205182989757905
17100497,1,0.12348805424219432
17100497,2,-0.013814688991786547
17100497,3,-0.03730322541040981
17100497,4,0.08047443666858914
17100497,5,-0.17835947854972617
17100730,1,-0.03822939790956512
17100730,2,-0.10515204138409337
17100730,3,-0.09812342527880244
17100730,4,0.0751350157486872
17100730,5,0.046257940514722456
17100911,1,0.009347919168087554
17100911,2,-0.0029116046004279816
17100911,3,0.11587362911537817
17100911,4,0.08911610392485646
17100911,5,0.03937597996202954
17101074,1,-0.0812717561653498
17101074,2,0.15425557563136455
17101074,3,-0.05283577347680747
17101074,4,0.06375982877383919
17101074,5,-2.032500836400291e-4
17101672,1,0.0010313302240939836
17101672,2,-0.017432906205576845
17101672,3,0.11644433064054827
17101672,4,0.10452457429807281
17101672,5,0.04782561093569463
17101987,1,0.012023429060101508
17101987,2,0.02425543736679437
17101987,3,-0.032378294506610984
17101987,4,0.07950155390053622
17101987,5,0.05105781370392139
17102433,1,0.026103064277921723
17102433,2,0.024847815424266003
17102433,3,-0.03248093021695173
17102433,4,0.08681498517449622
17102433,5,0.0381461073304106
17102620,1,0.02130383752875157
17102620,2,-0.002310255606059613
17102620,3,0.0036946937144042144
17102620,4,-0.014443469253255825
17102620,5,0.03661773381098714
17102631,1,0.014138212878949239
17102631,2,0.030235751447210867
17102631,3,-0.05096787695706074
17102631,4,0.08077503954234985
17102631,5,0.048118485975163876
17102725,1,0.00533151396499636
17102725,2,-0.017805550470634417
17102725,3,0.0720671836629205
17102725,4,0.0678343566247895
17102725,5,0.030312534675939622
17103034,1,-0.0849324739254216
17103034,2,0.15674536561769573
17103034,3,-0.05302279328324543
17103034,4,0.07167703391340614
17103034,5,-0.017200336367426905
17103078,1,-0.05178698436976324
17103078,2,-0.10189361294919068
17103078,3,-0.10449152538301804
17103078,4,0.06169075740708449
17103078,5,0.056226394286032294
17103304,1,-0.012847277089852293
17103304,2,-0.03405144440586249
17103304,3,-0.017042585004300878
17103304,4,0.008697559382312639
17103304,5,0.02893930708977286
17103717,1,0.14094899660646704
17103717,2,0.03273974086796753
17103717,3,-0.05529671713125735
17103717,4,0.030742262132864358
17103717,5,0.0014280043995366296
17103916,1,0.011254185241082754
17103916,2,0.016974216935372835
17103916,3,-0.03919284320022156
17103916,4,0.06898905047896672
17103916,5,0.0447963545829682
17104269,1,0.015932350395846062
17104269,2,0.025094313244976445
17104269,3,-0.021971929997431333
17104269,4,0.07577223560860173
17104269,5,0.04620017551972804
17104369,1,0.1262939228213865
17104369,2,0.03205801144804397
17104369,3,0.010211367843784626
17104369,4,0.07478892330681719
17104369,5,0.040320330156189514
17105001,1,0.12686629361088891
17105001,2,0.0263977296483997
17105001,3,0.002301026341371081
17105001,4,0.08828652557316306
17105001,5,0.031975305608823286
17105497,1,0.13066338605225736
17105497,2,0.028066395980185822
17105497,3,-0.06235229063172003
17105497,4,0.05080352503571828
17105497,5,0.008748102479245772
17105666,1,0.003670931583507307
17105666,2,-0.011096070887889697
17105666,3,0.11512378314207172
17105666,4,0.09235099726037779
17105666,5,0.04429453285426561
17106294,1,-0.0867090363120096
17106294,2,0.03853596685234988
17106294,3,-0.02723530801202359
17106294,4,0.17698362208048912
17106294,5,0.043888198964096556
17106443,1,-0.04871268726272976
17106443,2,-0.10836431651141476
17106443,3,-0.10471589682740587
17106443,4,0.07153643522268707
17106443,5,0.038820876128890076
17106549,1,0.015404803017511928
17106549,2,0.020468633542311102
17106549,3,-0.03515255951036817
17106549,4,0.08719662138040135
17106549,5,0.04734630819669064
17107266,1,0.13572581602245623
17107266,2,0.035027749223747205
17107266,3,-0.05717444608876846
17107266,4,0.02208291609943804
17107266,5,0.010581406355730853
17107330,1,-0.08112709129311492
17107330,2,0.15110052549784989
17107330,3,-0.05598026039657405
17107330,4,0.05300548714929025
17107330,5,-0.013113420332827414
17107567,1,-0.0011241164895785004
17107567,2,0.007455179090974427
17107567,3,0.009391116536424939
17107567,4,-0.006986241814787183
17107567,5,-0.010114809533934177
17107631,1,-0.038014474498884905
17107631,2,-0.11226534848607528
17107631,3,-0.10550603874943253
17107631,4,0.06876690500951835
17107631,5,0.03564536918357521
17108394,1,0.08831159752228618
17108394,2,0.03855992410610511
17108394,3,-0.03855271257103351
17108394,4,-0.0993496193489746
17108394,5,0.2153804508976336
17108419,1,0.09931793704846946
17108419,2,0.04544220617530973
17108419,3,-0.033472731540472395
17108419,4,-0.08687769680349886
17108419,5,0.19865493750413063
17109150,1,0.08926338863858403
17109150,2,0.04365479871371853
17109150,3,-0.03727112562027025
17109150,4,-0.08854656076027335
17109150,5,0.19246649856494266
17109678,1,0.11640523413739715
17109678,2,-0.013100284821233054
17109678,3,-0.03664105925551747
17109678,4,0.0692529354504834
17109678,5,-0.1655379768249976
17109733,1,0.13624715985195082
17109733,2,0.044327581334472996
17109733,3,-0.0611791658927551
17109733,4,0.03829420172470034
17109733,5,0.009342797331622656
17109782,1,-6.19406432190916e-4
17109782,2,-0.014615189886147916
17109782,3,0.10590573183405981
17109782,4,0.09592929225963658
17109782,5,0.05014674663818101
17110265,1,-0.04304478446399804
17110265,2,-0.1137725512567766
17110265,3,-0.10837052559061314
17110265,4,0.06333400826279136
17110265,5,0.04118816337895488
17110753,1,0.13633698018121015
17110753,2,0.03986232102808608
17110753,3,-0.059626784137006145
17110753,4,0.03720610248218305
17110753,5,0.005268019016086745
17112342,1,0.0019193190231725518
17112342,2,-0.016055169363745587
17112342,3,0.11776670101847636
17112342,4,0.09719018184608769
17112342,5,0.04485242570137966
17112414,1,-0.0074170530373258315
17112414,2,0.002749976053718028
17112414,3,-6.882349949469251e-4
17112414,4,-0.0034136838537421805
17112414,5,-0.003861872834406629
17112636,1,-0.03895703970369206
17112636,2,-0.10549836175187989
17112636,3,-0.10737884678641715
17112636,4,0.07272426163710127
17112636,5,0.0373372144762623
17113826,1,-0.04870521351766778
17113826,2,-0.10872145937497003
17113826,3,-0.1006045969011871
17113826,4,0.08325277144943978
17113826,5,0.03958791245494306
17114304,1,0.008770919224544932
17114304,2,-0.009332812282118118
17114304,3,0.11235264811267721
17114304,4,0.08492421446887127
17114304,5,0.04465269134535867
17114855,1,0.021796928926936306
17114855,2,0.004840856474317942
17114855,3,-0.006300187311599841
17114855,4,-0.009434702028658754
17114855,5,0.03435613565383062
17114897,1,0.0012149189776927284
17114897,2,-0.011286907590257248
17114897,3,0.1113506208195086
17114897,4,0.09416903140650454
17114897,5,0.03366635854913551
17115797,1,-0.08561120362575089
17115797,2,0.15982456682805143
17115797,3,-0.06483932028407019
17115797,4,0.07576765781517432
17115797,5,-0.00898290300033082
17116398,1,0.016337954340095575
17116398,2,0.02709712997431131
17116398,3,-0.03199720371924223
17116398,4,0.07534414110575363
17116398,5,0.04188879289979392
17117059,1,0.11893896114222477
17117059,2,-0.018464968307010585
17117059,3,-0.034736623961053426
17117059,4,0.07432723471510963
17117059,5,-0.17844948670846705
17117094,1,0.11632535018644816
17117094,2,-0.013838612617772167
17117094,3,-0.037501815642915375
17117094,4,0.07015182482901351
17117094,5,-0.16482460391892517
17117130,1,0.008229018679853256
17117130,2,-0.008241132938520284
17117130,3,0.06027757940156481
17117130,4,0.06944093332158786
17117130,5,0.019800758438859253
17118076,1,0.08255771405305563
17118076,2,0.03816782332736642
17118076,3,-0.019778056043560623
17118076,4,-0.0857959987999839
17118076,5,0.158697857776018
17118461,1,-0.08251313523029616
17118461,2,0.14717242814971074
17118461,3,-0.05446580368607743
17118461,4,0.060087667261014596
17118461,5,-0.007546299911428595
17118505,1,0.08683446646549411
17118505,2,0.04598234037862757
17118505,3,-0.03661742687678943
17118505,4,-0.09054978699165715
17118505,5,0.1884067485633504
17118618,1,0.08361353953414838
17118618,2,0.04915059864354373
17118618,3,-0.032050244815386944
17118618,4,-0.09272178726797677
17118618,5,0.1938566446735623
17118747,1,0.13969068167327878
17118747,2,0.04274890277638908
17118747,3,-0.050394443403636704
17118747,4,0.03412735572870111
17118747,5,0.00477886019406907
17118882,1,-0.0010580778451231695
17118882,2,-0.013131901981544286
17118882,3,0.12257412811722858
17118882,4,0.10105551826574867
17118882,5,0.044015705872110976
17118907,1,0.13784475555987494
17118907,2,0.04373772445957848
17118907,3,-0.04504892883319429
17118907,4,0.029490138407682075
17118907,5,0.009236737552883201
17118945,1,0.0052253464790841826
17118945,2,-0.01519985721282813
17118945,3,0.11317635884499687
17118945,4,0.10590217343104444
17118945,5,0.040236874985604805
17119095,1,0.002452114015475561
17119095,2,-0.004817938000877776
17119095,3,0.10401741975918553
17119095,4,0.08893760582499369
17119095,5,0.04521144690249058
17119098,1,-0.023982079066459522
17119098,2,-0.038314224589303315
17119098,3,-0.03457169330823328
17119098,4,0.014425021909207011
17119098,5,0.009330623874211002
17119446,1,0.002679236270130527
17119446,2,-0.001035118099065228
17119446,3,0.03103534792608803
17119446,4,0.02738409137597031
17119446,5,0.035538774404500456
17119450,1,-0.08863365323173476
17119450,2,0.14525196440954377
17119450,3,-0.06724692551594143
17119450,4,0.07147455040617628
17119450,5,-0.02320074503753253
17119647,1,-0.04211830000989909
17119647,2,0.03510267272142847
17119647,3,-0.014114761805218859
17119647,4,0.021658551470101123
17119647,5,-0.013705952471781635
17120558,1,-0.018647537385742805
17120558,2,-0.03443089263245526
17120558,3,-0.026271437762475397
17120558,4,0.009682969240496112
17120558,5,0.006865827854244585
17120645,1,0.08971136162741347
17120645,2,0.038413548915770486
17120645,3,-0.04197375079263906
17120645,4,-0.1005223635693542
17120645,5,0.20551365871199745
17120724,1,0.1274478110783824
17120724,2,0.03303537403273525
17120724,3,0.0076145301676394045
17120724,4,0.08163938778658361
17120724,5,0.03375468372554047
17121558,1,-0.015390643473646682
17121558,2,-0.03779677354782041
17121558,3,-0.029933054369352924
17121558,4,0.027813973080405653
17121558,5,0.0029387691624038798
17121787,1,0.0033350268404280644
17121787,2,-0.012058512549338877
17121787,3,0.11814622348483103
17121787,4,0.10167089469782628
17121787,5,0.036175946225979666
17122332,1,-0.04294244828517598
17122332,2,-0.10854574944943235
17122332,3,-0.10094640650998402
17122332,4,0.06998779774678837
17122332,5,0.04541146396616602
17122591,1,0.14140431298780382
17122591,2,0.046022637789716665
17122591,3,-0.054199156719356184
17122591,4,0.03979450015475939
17122591,5,0.0029626162865669207
17122884,1,0.01634853738841568
17122884,2,0.024940965979444518
17122884,3,-0.029390023757191405
17122884,4,0.08224518679968532
17122884,5,0.045193080369497214
17123175,1,-0.03899732832863257
17123175,2,-0.10353752624060199
17123175,3,-0.09835834191529055
17123175,4,0.07979450297015474
17123175,5,0.04113478326561284
17123971,1,0.01585843099889569
17123971,2,0.02343598583130163
17123971,3,-0.0262510797923339
17123971,4,0.07081973942296103
17123971,5,0.03653395513844388
17124052,1,0.014171328857224868
17124052,2,0.022034212553099255
17124052,3,-0.035735462636963054
17124052,4,0.07809738288883755
17124052,5,0.05591052832495993
17124134,1,0.018879022361680122
17124134,2,0.03312612449410141
17124134,3,-0.02757214343564218
17124134,4,0.08982575294132053
17124134,5,0.03475436554106964
17124175,1,0.008398819019385393
17124175,2,-0.004008896919924995
17124175,3,0.06359754230731317
17124175,4,0.062152821300456226
17124175,5,0.024800213670334317
17124307,1,0.1376375216302896
17124307,2,0.03635247939451996
17124307,3,-0.05664320822774376
17124307,4,0.03382082741434814
17124307,5,0.007857893569118528
17124893,1,-0.04899430714089775
17124893,2,-0.1142894635024593
17124893,3,-0.10700645961190333
17124893,4,0.08378049220089315
17124893,5,0.040932274194835805
17126077,1,0.11927061422715705
17126077,2,-0.012392080424099984
17126077,3,-0.024602384564325844
17126077,4,0.07029045369966365
17126077,5,-0.15724618823028888
17126163,1,0.12303334235777857
17126163,2,0.03795747211967718
17126163,3,0.008905990462274728
17126163,4,0.07912166700960943
17126163,5,0.044932261369736895
17126324,1,-0.009508704678522613
17126324,2,-0.006593520373653713
17126324,3,0.021220718601782967
17126324,4,-0.05062568228794836
17126324,5,-0.01996232787462301
17126427,1,0.013630664658940611
17126427,2,0.035076395108610284
17126427,3,-0.037947030074989896
17126427,4,0.07240559848246826
17126427,5,0.0453016054193629
17127075,1,0.0217793679066942
17127075,2,-0.013343137417499715
17127075,3,-0.004081247585240459
17127075,4,0.031153867064718004
17127075,5,-0.021296168180912563
17127157,1,-0.04673180911498175
17127157,2,-0.1115532116286643
17127157,3,-0.10394323753041788
17127157,4,0.0743702010997908
17127157,5,0.03802667286005273
17127617,1,0.018457821478255948
17127617,2,0.021942182096269865
17127617,3,-0.04420348543419846
17127617,4,0.08279599795120203
17127617,5,0.04987955957911654
17127706,1,-0.09247966692956297
17127706,2,0.15993288785404916
17127706,3,-0.05679038326105506
17127706,4,0.05812355339681083
17127706,5,-0.013856281147763336
17127902,1,-0.0037836410806394495
17127902,2,-0.004594650762743308
17127902,3,0.008914625887163586
17127902,4,-0.038244585882219885
17127902,5,-0.028669063767071897
17127987,1,-0.019047428309876123
17127987,2,0.006145375868696602
17127987,3,0.020410420017040284
17127987,4,8.04642534136023e-4
17127987,5,-0.0034094684706042918
17128089,1,0.13934685935535687
17128089,2,0.04158444376424004
17128089,3,-0.057114859762015566
17128089,4,0.045099169619326945
17128089,5,9.368191834230987e-4
17128705,1,0.001350312681879253
17128705,2,-0.013680471280945001
17128705,3,0.11625148311329053
17128705,4,0.09845097693178907
17128705,5,0.04520541248614909
17128716,1,0.034621316928310344
17128716,2,-0.020106738359286985
17128716,3,-0.019463083344186085
17128716,4,0.009667770963384113
17128716,5,-0.05690582118748786
17128758,1,0.005751715245330692
17128758,2,-0.004783138659430811
17128758,3,0.07358027243440281
17128758,4,0.056375650539747
17128758,5,0.034330610111102035
17128890,1,0.008945828546089909
17128890,2,-0.00451925804463917
17128890,3,0.06524589221669892
17128890,4,0.05503044885924909
17128890,5,0.029636657019017593
17128908,1,-0.041948510250947146
17128908,2,-0.11261183768508504
17128908,3,-0.10527768324552252
17128908,4,0.07011300733378702
17128908,5,0.045409051578837824
17129087,1,-0.01636493948765695
17129087,2,-0.04642479454443009
17129087,3,-0.021731463312615402
17129087,4,0.0014009311131105728
17129087,5,0.013202789521740201
17129250,1,-0.01262208569292141
17129250,2,-0.025005639248646686
17129250,3,0.05451382143365501
17129250,4,-0.10969043290374371
17129250,5,-0.06504392861839572
17129645,1,-7.667879319567862e-4
17129645,2,-0.0312601929524983
17129645,3,0.10951425339296793
17129645,4,0.07384122394184028
17129645,5,0.028245601931520287
17129738,1,-0.09187319708474638
17129738,2,0.15075292408224464
17129738,3,-0.055696545406268616
17129738,4,0.06343106452957036
17129738,5,-0.017187766622067405
17129935,1,-0.016542956723498876
17129935,2,0.023156136467776662
17129935,3,-0.002236748555572758
17129935,4,-0.0022308096787965062
17129935,5,0.01241661268355795
17130142,1,-0.0032994196626765612
17130142,2,-0.017974113573029915
17130142,3,0.11001227946744724
17130142,4,0.10275623032663812
17130142,5,0.04591225044805067
17130268,1,-0.04118098824822363
17130268,2,-0.10708783093862742
17130268,3,-0.11146983018685014
17130268,4,0.07628972164275677
17130268,5,0.05428523395505171
17130402,1,-0.04465291690563623
17130402,2,-0.10456231725771191
17130402,3,-0.1041116148100162
17130402,4,0.07151378213310755
17130402,5,0.03179057700014345
17130409,1,0.12196967618766123
17130409,2,-0.009672989611546907
17130409,3,-0.031427566357466685
17130409,4,0.06764615981040246
17130409,5,-0.16134622659001108
17130657,1,0.13647802998657393
17130657,2,0.04028149673429482
17130657,3,-0.06769110840151515
17130657,4,0.02593509436388766
17130657,5,0.008266138604189479
17131307,1,-0.08233150199627881
17131307,2,0.1600861099309872
17131307,3,-0.05707215416997593
17131307,4,0.06755773554504171
17131307,5,-0.011330512525564638
17131413,1,6.576119443726283e-4
17131413,2,-0.013184100323511822
17131413,3,0.11341919495794563
17131413,4,0.09252983313597937
17131413,5,0.037684718142816716
17131416,1,0.06162734405331058
17131416,2,-0.08185312715245482
17131416,3,-0.10292367302852524
17131416,4,0.10156387426297067
17131416,5,-0.08748363182221364
17132490,1,0.021340320582018533
17132490,2,0.029472188910636188
17132490,3,-0.03801970119029263
17132490,4,0.06530628977334417
17132490,5,0.04495788725949816
17132608,1,0.13022508586900555
17132608,2,0.03686231230361826
17132608,3,-0.055527906497938574
17132608,4,0.03663833359509321
17132608,5,6.855425487331002e-4
17132719,1,-0.08505927982607393
17132719,2,0.15297837213044213
17132719,3,-0.05558294545182147
17132719,4,0.06464324645611096
17132719,5,-0.005805423377005893
17133009,1,-0.013602942605065687
17133009,2,-0.01838180855284246
17133009,3,-0.015803260263072542
17133009,4,0.01551304759489534
17133009,5,0.012332098279736536
17133322,1,-0.00908095033476542
17133322,2,-0.030476203012166712
17133322,3,-0.022835262236438364
17133322,4,0.0052412097936249775
17133322,5,-0.0013018970540934008
17133436,1,-0.08724200874537939
17133436,2,0.16130548660380023
17133436,3,-0.054278215004790416
17133436,4,0.06217482455937786
17133436,5,-0.010672150558192262
17133464,1,0.12550827049685093
17133464,2,0.03623374769931308
17133464,3,-0.004492305347848115
17133464,4,0.0809713077825139
17133464,5,0.034371642953388945
17133465,1,0.014505226818412847
17133465,2,0.03043106322461482
17133465,3,-0.04250001781280578
17133465,4,0.08596504805428845
17133465,5,0.04640892682653419
17133557,1,0.004532236986195518
17133557,2,0.008045409672054282
17133557,3,0.012339714092429356
17133557,4,0.005997774448872068
17133557,5,0.02055412675370003
17133617,1,0.005235091886244834
17133617,2,-0.020083117131554154
17133617,3,0.119880205029617
17133617,4,0.10306060077704121
17133617,5,0.044286453645277626
17133669,1,0.08812251114612164
17133669,2,0.039120871080818784
17133669,3,-0.0424708592000559
17133669,4,-0.09880174102330842
17133669,5,0.20185652271968196
17133893,1,0.01781446375758106
17133893,2,0.031573029247448425
17133893,3,-0.035838725843350065
17133893,4,0.07759015026822969
17133893,5,0.03895065865265839
17134494,1,-0.053760895386900834
17134494,2,-0.1112702044709281
17134494,3,-0.10843595483768481
17134494,4,0.062189353835292914
17134494,5,0.04468572300156308
17134498,1,0.005827488613800077
17134498,2,-0.01150987639886039
17134498,3,0.11855735180911461
17134498,4,0.08909152526641555
17134498,5,0.04584257328268302
17134526,1,-0.0012802724719745556
17134526,2,-0.014772379589431563
17134526,3,0.11241082191912403
17134526,4,0.09959125811497774
17134526,5,0.02758547107974486
17134538,1,0.005449831799160114
17134538,2,-0.017065317114163446
17134538,3,0.11787101443960787
17134538,4,0.08476987970002342
17134538,5,0.0330759864591789
17134766,1,-0.0063207294977598435
17134766,2,0.014222727091466549
17134766,3,0.009227665256489746
17134766,4,-0.004931243848579169
17134766,5,-0.015181805379899962
17135337,1,-0.040050444964056034
17135337,2,-0.11680744836106052
17135337,3,-0.09633044799842196
17135337,4,0.07348187182625186
17135337,5,0.041762489233522604
17136658,1,-0.08358751262389846
17136658,2,0.1711535660755368
17136658,3,-0.04630381428181257
17136658,4,0.06301911474695941
17136658,5,-0.004782175314919787
17136860,1,-0.04556760774633111
17136860,2,-0.11317993794277412
17136860,3,-0.10129520109685537
17136860,4,0.07303527631525636
17136860,5,0.03372245124479228
17136863,1,2.2576959319455341e-4
17136863,2,-0.013273229644789202
17136863,3,0.10983416062984462
17136863,4,0.09309503083345048
17136863,5,0.03706431848322117
17137315,1,0.00293664586322798
17137315,2,-0.006707499173606614
17137315,3,0.10630355040108184
17137315,4,0.0910260225757549
17137315,5,0.04331047831771784
17138713,1,0.03633859110697538
17138713,2,0.08130440683491186
17138713,3,-0.017831255310938113
17138713,4,0.06852732209853486
17138713,5,0.021650026746655962
17139200,1,0.10804668564207447
17139200,2,-0.007870445374017826
17139200,3,-0.030672475528934876
17139200,4,0.05954017301012514
17139200,5,-0.17410501438950568
17139672,1,-0.0040198270349340644
17139672,2,-0.03495828029039327
17139672,3,-0.022751053785908
17139672,4,0.0200684515843496
17139672,5,0.006095489645163592
17139866,1,-0.04564572786127643
17139866,2,-0.10419926027030642
17139866,3,-0.10918040191808724
17139866,4,0.07759988256843667
17139866,5,0.038861891164576196
17140023,1,0.12769210360428612
17140023,2,0.03728037261162624
17140023,3,-0.06118978154805575
17140023,4,0.04668206484293792
17140023,5,-0.00392363156932701
17140165,1,-0.010284888506562673
17140165,2,-0.030206673325781485
17140165,3,-0.016159720372183283
17140165,4,0.0053985865674275844
17140165,5,0.018026919648966522
17140593,1,0.012936190269337691
17140593,2,0.015874530337276493
17140593,3,-0.03784723698645246
17140593,4,0.07957309758313642
17140593,5,0.04278173736064875
17141339,1,-0.03149664235580556
17141339,2,-0.059531552422009776
17141339,3,-0.0610986832409489
17141339,4,0.0340884540606877
17141339,5,0.0349172504568204
17141349,1,-5.546180046661391e-4
17141349,2,-0.012786416388252895
17141349,3,0.11692520731559537
17141349,4,0.094415733857005385
17141349,5,0.043601287335528274
17141389,1,0.14195896955674264
17141389,2,0.042398834043640726
17141389,3,-0.05536791557833555
17141389,4,0.03643878780944945
17141389,5,0.016221993345051807
17141482,1,0.010818177081767744
17141482,2,-0.010820805333033317
17141482,3,0.1043461142252994
17141482,4,0.0876889705627123
17141482,5,0.030168614049916772
17141559,1,-0.007125833779426643
17141559,2,0.016681830217140668
17141559,3,-0.0021064897898197127
17141559,4,0.002285607137114489
17141559,5,0.011620699965641879
17141753,1,0.13986113379255705
17141753,2,0.022814176727348378
17141753,3,-0.059391329287609713
17141753,4,0.03850105286059798
17141753,5,-0.001489640582489393
17142108,1,-0.08466344629602308
17142108,2,0.15322253681983122
17142108,3,-0.051981700189543595
17142108,4,0.06271946918505895
17142108,5,-0.012899316766855202
17142585,1,0.11665450005053071
17142585,2,0.03909617555660015
17142585,3,0.009960427853468247
17142585,4,0.08046722507868657
17142585,5,0.02097724093197166
17142633,1,0.0010481714138704603
17142633,2,-0.012641118887928302
17142633,3,0.11444219249116913
17142633,4,0.10011639244448736
17142633,5,0.04437917463788336
17142671,1,-0.03941937316105957
17142671,2,-0.10983053136533558
17142671,3,-0.11138343530001438
17142671,4,0.07504679044953035
17142671,5,0.03995698830946192
17143028,1,0.006579070081785787
17143028,2,-0.020261355380671392
17143028,3,0.11252739803755639
17143028,4,0.07752061017074084
17143028,5,0.04199349844683188
17143793,1,0.013791197556517285
17143793,2,0.026220728202897996
17143793,3,-0.04019264589625278
17143793,4,0.07236641916130325
17143793,5,0.03984762877234778
17143842,1,-0.08722963623538403
17143842,2,0.1547607634353667
17143842,3,-0.059808864774704124
17143842,4,0.06516440064745105
17143842,5,-0.012575290171034481
17144555,1,0.13768887367101812
17144555,2,0.04431000436484927
17144555,3,-0.055392126505186594
17144555,4,0.04010369215356277
17144555,5,1.5287026477105972e-4
17144856,1,-0.007033490632383957
17144856,2,0.023012288999301383
17144856,3,-0.026600456524723586
17144856,4,0.020436516638550787
17144856,5,-0.015557752846805077
17145110,1,0.007211442643559282
17145110,2,-0.02291120419042751
17145110,3,0.10227925155705284
17145110,4,0.0884754857299656
17145110,5,0.031761948598724936
17145314,1,0.009875084370834574
17145314,2,0.024397184826601356
17145314,3,-0.03119487613487453
17145314,4,0.07345623765269886
17145314,5,0.047032289159518445
17145351,1,0.08024213576305704
17145351,2,0.04302842537629003
17145351,3,-0.035005438049884374
17145351,4,-0.08423337440086079
17145351,5,0.1861321890154539
17145419,1,0.13819195618800167
17145419,2,0.04152252513109927
17145419,3,-0.06360578104941866
17145419,4,0.03734939009445603
17145419,5,-0.009849906831944083
17145480,1,0.1262448189029856
17145480,2,0.034898844307461895
17145480,3,-0.011029042101018275
17145480,4,0.07707757830062693
17145480,5,0.043277917093210584
17146898,1,6.944599819424969e-4
17146898,2,0.006596008726999609
17146898,3,-0.001463946828783377
17146898,4,-0.002449163931419517
17146898,5,-0.015030514912614711
17147139,1,-0.012104876250362587
17147139,2,0.006267426419957544
17147139,3,-0.0018405445633357675
17147139,4,0.01605204259928181
17147139,5,-0.01879550393992618
17147156,1,0.006393004125232054
17147156,2,-0.01411080972979008
17147156,3,0.10856574152868692
17147156,4,0.08249573246630107
17147156,5,0.037158526934813384
17147306,1,0.0013707891446947033
17147306,2,-0.01737676096877759
17147306,3,0.11679978157146538
17147306,4,0.09238556960296497
17147306,5,0.04046519264646069
17147355,1,0.11084272377202484
17147355,2,-9.324593006569117e-4
17147355,3,-0.03090283286722485
17147355,4,0.07116198127640638
17147355,5,-0.16761226108117833
17148769,1,-0.04614615871790684
17148769,2,-0.11537029639638027
17148769,3,-0.1099390377407231
17148769,4,0.05980953054022616
17148769,5,0.030945764083047705
17149033,1,-0.08348093719184844
17149033,2,0.16107089404732802
17149033,3,-0.04876036271278892
17149033,4,0.056770441885418355
17149033,5,-0.0030076478677790457
17149300,1,0.004339744294846435
17149300,2,-0.015909897504815737
17149300,3,0.11975087726637476
17149300,4,0.10199842711342304
17149300,5,0.043835551646619814
17150676,1,-0.03866346596624125
17150676,2,-0.10454321134709897
17150676,3,-0.1084496322110386
17150676,4,0.06981286157203666
17150676,5,0.0424433200118146
17151068,1,-0.044408011667528495
17151068,2,-0.10988819982238736
17151068,3,-0.10665433983857965
17151068,4,0.07612411447771493
17151068,5,0.029294143899114545
17152611,1,0.12369734766005605
17152611,2,0.041143447115110136
17152611,3,0.007834602316730426
17152611,4,0.07553570527296766
17152611,5,0.04769273855399117
17152633,1,-0.007146761650975214
17152633,2,0.016344208682604902
17152633,3,-0.0023870631079128384
17152633,4,-0.007249874024015984
17152633,5,-0.008927502861562565
17152828,1,0.07614873740542064
17152828,2,0.04051469333736804
17152828,3,-0.04470380921499972
17152828,4,-0.08231175159807323
17152828,5,0.18167950351732484
17153549,1,0.0069967814515930924
17153549,2,-0.01735403803567159
17153549,3,0.10871320339349763
17153549,4,0.09634384607646455
17153549,5,0.053134741182584946
17153718,1,-0.02856960711406914
17153718,2,0.02119374418282441
17153718,3,-0.011480031394660523
17153718,4,-0.003853460873260146
17153718,5,0.0037728589076999313
17153964,1,-0.08227284705152603
17153964,2,0.16491065112909906
17153964,3,-0.05597001515563811
17153964,4,0.06570084617381881
17153964,5,-0.02861022732178446
17154984,1,0.0031353788071506027
17154984,2,-0.01212328495009272
17154984,3,0.12878639861986949
17154984,4,0.08429775216576457
17154984,5,0.038933720089168115
17154992,1,-0.035155275275615586
17154992,2,0.034584572054870505
17154992,3,-8.39776347795139e-4
17154992,4,0.006572408068695566
17154992,5,-0.01992338561467664
17155383,1,0.10898849457671461
17155383,2,-0.0024078365040269218
17155383,3,-0.022830683222912176
17155383,4,0.05943526624515365
17155383,5,-0.1665718442835404
17156061,1,0.1317295068054798
17156061,2,0.04275469752219081
17156061,3,-0.06242717580743121
17156061,4,0.023895770671818875
17156061,5,0.008645127209390568
17156280,1,0.015411069798797214
17156280,2,0.018468006242648948
17156280,3,-0.0249477000856964
17156280,4,0.051869966027181295
17156280,5,0.02441096580191813
17159617,1,-0.0449922934422304
17159617,2,-0.10243779710049887
17159617,3,-0.10533702351832404
17159617,4,0.06562738890053652
17159617,5,0.0552678263373571
17169522,1,0.008441352212274216
17169522,2,0.03479032257343001
17169522,3,0.024153848707765872
17169522,4,-0.010895072515705477
17169522,5,0.007592315528764372
17169762,1,0.00369554866519329
17169762,2,-0.009548430382623102
17169762,3,0.022234368549504592
17169762,4,0.019818218863592137
17169762,5,0.024054161696083275
17169979,1,0.004980159043477667
17169979,2,0.03530080020513337
17169979,3,0.030080911020227245
17169979,4,-0.02230120299755573
17169979,5,-0.006180732555322128
17175610,1,-0.0143972413730516
17175610,2,-0.037600619937373576
17175610,3,-0.016058148561698057
17175610,4,0.009448087596520188
17175610,5,0.009299977581772433
17177470,1,-0.004457101306669803
17177470,2,0.021309224230333337
17177470,3,-0.0046745479532740875
17177470,4,-0.004143959259488242
17177470,5,0.03939849171087731
17178230,1,-0.02352751484608351
17178230,2,-0.04256278317112998
17178230,3,-0.0390529084734971
17178230,4,0.021246177069403835
17178230,5,0.014517694057372306
17178601,1,0.04171718288160344
17178601,2,7.228397217492587e-4
17178601,3,-0.02618317075614956
17178601,4,0.029644988427707943
17178601,5,-0.07190485547405605
17179031,1,0.010601375276441536
17179031,2,-0.001273617428854883
17179031,3,0.0012061699767653168
17179031,4,-0.006486975299012067
17179031,5,-0.01250473717885876
17183103,1,0.013475864210894925
17183103,2,-0.0013836171983601041
17183103,3,0.08120801579212812
17183103,4,0.0721161210368923
17183103,5,0.05371866268661385
17187637,1,0.011165113686445237
17187637,2,0.001124521294659083
17187637,3,0.002617891909109438
17187637,4,-0.012861998837105815
17187637,5,0.01785261746506238
17188325,1,5.167562617929511e-4
17188325,2,0.010932688330561822
17188325,3,0.007963961525007583
17188325,4,0.0023141339630926593
17188325,5,-5.576725374307436e-4
17196213,1,0.005593420477161367
17196213,2,-0.016842335303105867
17196213,3,0.09298296128746525
17196213,4,0.06530922728172432
17196213,5,0.04899436923464113
17196300,1,0.0056499329562755985
17196300,2,-0.013962531027740227
17196300,3,-0.014653846196798192
17196300,4,-0.013645374488469085
17196300,5,0.05352292058855022
17197386,1,0.01878784276203805
17197386,2,-0.0019977746212967704
17197386,3,0.011511121605735166
17197386,4,-0.013871129753046904
17197386,5,-0.10652900928835043
17197460,1,0.012672118694981926
17197460,2,-0.002135503253025684
17197460,3,-0.003325290276418596
17197460,4,0.002641559594323402
17197460,5,-0.03686271584866501
17197521,1,-0.0015691092284857812
17197521,2,-0.007224185121568341
17197521,3,0.02151443692034139
17197521,4,-0.03768524318941544
17197521,5,-0.008926723762852438
