SNP_ID,PC,loading
16849105,1,-0.08438091720646901
16849535,1,-0.07797821397675343
16849573,1,-0.06688806868330542
16849681,1,-0.08609457196096228
16849725,1,-0.08774683992776276
16849843,1,-0.0830074811299452
16849971,1,-0.08610193180545408
16850089,1,-0.09022627959600413
16850115,1,-0.08518145342572486
16850164,1,-0.08167483342890076
16850281,1,-0.08365494418262166
16850297,1,-0.08787226838099603
16850437,1,-0.08438160797894985
16850463,1,-0.08908811109256143
16850671,1,-0.08810394373421007
16850676,1,-0.08697426869188114
16850744,1,-0.08741751973246055
16851053,1,-0.08697687621727027
16851088,1,-0.08776850431760433
16851108,1,-0.08509089522096316
16851125,1,-0.0870445111396005
16851141,1,0.032167104025355886
16851225,1,-0.08648544892476549
16851356,1,-0.08775634030409767
16851640,1,-0.08763501115651678
16851673,1,-0.08676215862160631
16851819,1,-0.08624835114949164
16851822,1,-0.08839563975966952
16851899,1,-0.09015602540245392
16852303,1,-0.0830218146546897
16852312,1,-0.08319723543919164
16852652,1,-0.08696227314075289
16852683,1,-0.08707744370561724
16852820,1,-0.08773756476938407
16852835,1,-0.08988020241438954
16852914,1,-0.08706867334910515
16853019,1,-0.08907502176627212
16853055,1,-0.084363501661947
16853071,1,-0.08684527172958405
16853122,1,-0.08671088275365264
16853178,1,-0.08897453399118192
16853218,1,-0.08408844595160973
16853231,1,-0.08825354703300507
16853232,1,-0.08924554892143043
16853399,1,-0.08479730071450715
16853425,1,-0.08777593526945855
16853625,1,-0.08603811379028066
16853948,1,-0.08433755790489321
16854064,1,-0.08798624156044461
16854330,1,-0.09007969964621004
16854396,1,-0.0874222027968794
16854435,1,-0.0908225344345665
16854448,1,-0.08715241092844939
16854565,1,-0.08140475571094045
16854643,1,-0.08829449939586122
16854652,1,-0.08877513585937223
16854792,1,-0.08551129586612526
16854831,1,-0.08588322533136754
16854859,1,-0.08590249879619198
16855160,1,-0.08727607740647025
16855274,1,-0.08804465079340602
16855350,1,0.03070550122001307
16855476,1,-0.08782362846915406
16855563,1,-0.0849455583826525
16855618,1,-0.0887227589135311
16855677,1,-0.0917763847511255
16855731,1,-0.08499778426184416
16855764,1,-0.08911480485488785
16855904,1,-0.08718304243252008
16856181,1,-0.08517857933708693
16856188,1,-0.08697582598955143
16856465,1,-0.0882856956187566
16856544,1,-0.08684974887346963
16856672,1,-0.0932136643107289
16856803,1,-0.08579042501513517
16856809,1,-0.01546608543178675
16856878,1,-0.08845827368322703
16856915,1,-0.08448933303476103
16857015,1,-0.08788408900985259
16857035,1,-0.08718683815669583
16857041,1,-0.0920442739668904
16857140,1,-0.08698468724852879
16857165,1,-0.08750373440067762
16857414,1,-0.08233311587673017
16857418,1,-0.08787035863345555
16857422,1,-0.08682679550735316
16857510,1,-0.09065147811866957
16857983,1,-0.08475131720980035
16858076,1,-0.089891894168947
16858191,1,-0.08856200601244323
16858219,1,-0.08882011309897986
16858364,1,-0.08861461839043083
16858472,1,-0.08810602608062727
16858684,1,-0.08495850820902867
16858723,1,-0.08638700200406554
16858843,1,-0.09371641964426222
16858863,1,-0.0865202565174898
16858968,1,-0.0847947024827881
16859182,1,-0.08306767458977343
16859366,1,-0.08870781502550985
16859587,1,-0.09393897628417314
16859704,1,-0.08376148482864945
16860036,1,-0.08476599288923005
16860066,1,-0.08006904238213346
16860139,1,-0.08543406438536985
16860258,1,-0.08882069951426753
16860336,1,-0.08497326831111601
16860360,1,-0.08480934505633751
16860413,1,-0.08911700390383762
16860442,1,-0.08999412825814021
16860496,1,-0.08761722109287917
16860617,1,-0.08226167356267287
16860752,1,-0.016712251061574885
16860767,1,-0.08746631018141544
16860813,1,-0.08608800538799996
16860967,1,-0.0842851827255027
16860985,1,-0.09099187979363224
16861056,1,-0.08223980825186847
16861182,1,-0.08780774144108876
16861293,1,-0.08797105841505305
16861577,1,-0.0834409561008988
16861592,1,-0.08349319813086784
16861595,1,-0.08490731962459674
16861599,1,-0.08788205170540106
16861786,1,-0.08872462816221002
16861919,1,-0.08268663244560337
16861975,1,-0.08379146345890608
16862057,1,-0.08651593244859182
16862213,1,-0.08879114074985449
16862282,1,-0.08350929410327478
16862531,1,-0.08573763775144173
16862729,1,-0.08794050056003008
16863070,1,-0.08573787792123441
16863454,1,-0.07528791979329072
16864090,1,-0.08811492761295299
16865510,1,-0.0892229904619941
16866339,1,-0.08472905025190931
