SNP_ID,PC,loading
17019335,1,-0.040840647362501856
17019335,2,-0.09821669924339439
17019335,3,0.05707456766630383
17019335,4,0.0719810730496722
17019335,5,0.015622526446202973
17019335,6,0.03761711857320465
17019335,7,0.0688553949776388
17019335,8,-0.034784628522822915
17019796,1,-0.044188824921646164
17019796,2,-0.10149702411065269
17019796,3,0.04289694653782839
17019796,4,0.0541294296609047
17019796,5,0.01603201342350588
17019796,6,0.04458536427555987
17019796,7,0.07505114149761744
17019796,8,-0.02765132958536011
17020454,1,-0.04144777267018361
17020454,2,-0.10610079396918158
17020454,3,0.047423054323023205
17020454,4,0.07379696356748619
17020454,5,0.0018003521848956
17020454,6,0.04803679314749872
17020454,7,0.07614391997238747
17020454,8,-0.018237753796890754
17020735,1,-0.0463849392067231
17020735,2,-0.10205980369454887
17020735,3,0.04288929542142288
17020735,4,0.05775944113100376
17020735,5,0.007213220967132922
17020735,6,0.023547649487378627
17020735,7,0.07312753333739547
17020735,8,-0.04281422848049437
17021372,1,-0.04992165759498181
17021372,2,-0.10606808033936228
17021372,3,0.055397391113086704
17021372,4,0.06258392245085542
17021372,5,-0.0040601553113096284
17021372,6,0.05763173983212092
17021372,7,0.06399273631287218
17021372,8,-0.028961751704998564
17021691,1,-0.041530418882028436
17021691,2,-0.10770828984517293
17021691,3,0.0501065150724316
17021691,4,0.057983150050493586
17021691,5,0.018421496411723456
17021691,6,0.04339742834841384
17021691,7,0.0669143614790736
17021691,8,-0.05276437443763662
17022336,1,-0.036244189879418104
17022336,2,-0.09786128698062425
17022336,3,0.03935080653965397
17022336,4,0.057339098553212946
17022336,5,0.006836353209857791
17022336,6,0.03992717916738676
17022336,7,0.07834590621990378
17022336,8,-0.032567380078703766
17022459,1,-0.0011862165999734545
17022459,2,-0.006650916019672894
17022459,3,-0.01114896357977643
17022459,4,-0.04662925819266477
17022459,5,-0.021340782792477232
17022459,6,0.03409760041221168
17022459,7,0.025699685780221856
17022459,8,0.019517505122648136
17022719,1,-0.03438292977246907
17022719,2,-0.04056105100639453
17022719,3,0.0022936205726251783
17022719,4,0.020877692976803204
17022719,5,-0.00785234522530845
17022719,6,0.03399848711835507
17022719,7,0.02383782330826774
17022719,8,-0.0683506238289881
17024561,1,-0.03774668721207359
17024561,2,-0.10305316019943524
17024561,3,0.04829784989114324
17024561,4,0.060217681242778466
17024561,5,3.923435182309284e-4
17024561,6,0.034019614005132655
17024561,7,0.07427526127398681
17024561,8,-0.016151948768970963
17024823,1,-0.04208091512143906
17024823,2,-0.10247386322710136
17024823,3,0.02719441958893961
17024823,4,0.05606628804923429
17024823,5,0.0014525504917046858
17024823,6,0.06531836022991176
17024823,7,0.05525576144259888
17024823,8,-0.009073330759777126
17024866,1,-0.03840884503664023
17024866,2,-0.09824946012575772
17024866,3,0.04428467641502742
17024866,4,0.05295413711421368
17024866,5,6.524781913198142e-4
17024866,6,0.059380929740504775
17024866,7,0.0633379135175676
17024866,8,-0.00336118875148364
17025507,1,-0.044647809598442056
17025507,2,-0.10236643529575372
17025507,3,0.04891400576362053
17025507,4,0.05924740403476512
17025507,5,0.006072755929247394
17025507,6,0.0412201317665936
17025507,7,0.07512257274126405
17025507,8,-0.01824220164427365
17025879,1,-0.04520206924362233
17025879,2,-0.09494458208084416
17025879,3,0.04150613858890727
17025879,4,0.06985637417006987
17025879,5,0.012848609962612133
17025879,6,0.03409658056748131
17025879,7,0.07319648589220566
17025879,8,-0.013489466753830658
17032282,1,-0.03729096410472406
17032282,2,-0.0960819489270318
17032282,3,0.037384216998997945
17032282,4,0.04585777093181526
17032282,5,0.007485974359530605
17032282,6,0.02535544122731077
17032282,7,0.04657631537886396
17032282,8,-0.01452314499013968
17033099,1,-0.03244422241170196
17033099,2,-0.05563565978035189
17033099,3,-0.030422839628711694
17033099,4,0.05767718296557345
17033099,5,0.014977875339965729
17033099,6,0.038800168322871816
17033099,7,0.041388456368998364
17033099,8,-0.07485888222624806
17033511,1,-0.0099106726257125
17033511,2,-1.0459716163402114e-4
17033511,3,-0.017678196394245685
17033511,4,-0.048700295847075206
17033511,5,-0.021219379594046236
17033511,6,0.01849102373894443
17033511,7,0.02667801666288829
17033511,8,-0.005944615507336573
17034945,1,-0.047063776755091526
17034945,2,-0.10232220774374655
17034945,3,0.05177381617252023
17034945,4,0.026305849495515978
17034945,5,-0.0032468447507665926
17034945,6,0.021401168159378845
17034945,7,0.03227314038725484
17034945,8,-0.030306094844663255
17034956,1,-0.04729812543148376
17034956,2,-0.11321878433346806
17034956,3,0.05311337554985264
17034956,4,0.024772056992717437
17034956,5,-2.520279202103671e-4
17034956,6,0.02779384446635822
17034956,7,0.019767198703881935
17034956,8,-0.029986658972760698
17036642,1,-0.05475957960472325
17036642,2,-0.09953973767586234
17036642,3,0.05204977722779615
17036642,4,0.038728444706196685
17036642,5,-0.08441411956257168
17036642,6,-0.12158555591967658
17036642,7,0.028194460035672837
17036642,8,-0.12441126945158903
17037108,1,-0.04433183890355522
17037108,2,-0.05642903462891554
17037108,3,-0.022302813487834052
17037108,4,0.06414957382183083
17037108,5,0.014148168090873948
17037108,6,0.06973340268469619
17037108,7,0.021749147371340313
17037108,8,-0.10759349145475808
17037192,1,0.010516247324823872
17037192,2,0.007257738340439083
17037192,3,0.02193550901016364
17037192,4,0.03521288728997127
17037192,5,-0.07197902830066046
17037192,6,-0.15134147345738602
17037192,7,0.01775993814150986
17037192,8,-0.08783713798007754
17037504,1,0.01689668381391616
17037504,2,0.06442030816326287
17037504,3,-0.06529485797335408
17037504,4,0.04819680819452949
17037504,5,0.03588691617817488
17037504,6,0.01793484268138124
17037504,7,0.006129073473018977
17037504,8,0.01933798616549912
17037779,1,-0.04193052870979545
17037779,2,-0.11331683668100687
17037779,3,0.049095747940268365
17037779,4,0.021038963134528806
17037779,5,-0.002428930461736731
17037779,6,0.011573535543889313
17037779,7,-0.012108298642973608
17037779,8,-0.07081018620615115
17037807,1,-0.04428343366552117
17037807,2,-0.10837161376115821
17037807,3,0.07715240330067406
17037807,4,0.025439493547242318
17037807,5,-0.0035938168433053475
17037807,6,0.022715088407812157
17037807,7,-0.003744086683433317
17037807,8,-0.04585108331411651
17038426,1,-0.0472765182555014
17038426,2,-0.10932025244137722
17038426,3,0.07152438151077864
17038426,4,0.006428368751732653
17038426,5,0.0019475132517178123
17038426,6,0.02040467996662848
17038426,7,0.001229661382525182
17038426,8,-0.04043270568254562
17038636,1,0.048152593519488994
17038636,2,0.07802103391365042
17038636,3,-0.07259470312582142
17038636,4,0.029518676375614707
17038636,5,0.029713154709508933
17038636,6,0.037654396060613736
17038636,7,-0.005016370287208424
17038636,8,0.07310662328290127
17043136,1,-0.047281379785928355
17043136,2,-0.11226581211723045
17043136,3,0.0540290798136655
17043136,4,0.03250353456576745
17043136,5,-0.010108728197959766
17043136,6,0.017631970923781156
17043136,7,0.007171031673714895
17043136,8,-0.06295735914930657
17045641,1,0.03934478352466617
17045641,2,0.07874314010988424
17045641,3,-0.05922813056273645
17045641,4,0.02595976142176669
17045641,5,0.01597715013249853
17045641,6,0.04029338166941673
17045641,7,-0.01977110144976156
17045641,8,0.09365467778621878
17046111,1,-0.05285571952339993
17046111,2,-0.10575080621153132
17046111,3,0.07218386045674609
17046111,4,0.01683510337138964
17046111,5,0.004719300557817997
17046111,6,0.013179558199717388
17046111,7,-4.469459926865796e-4
17046111,8,-0.06584533924498676
17046587,1,0.0469803826749725
17046587,2,0.08325024664455849
17046587,3,-0.07017682141377822
17046587,4,0.028271777026931608
17046587,5,0.022373030729969
17046587,6,0.026902182067214526
17046587,7,-0.039638098649409446
17046587,8,0.05180246428259837
17046719,1,-0.05402765311043037
17046719,2,-0.10603699262331674
17046719,3,0.052402033927251936
17046719,4,0.03722598795552672
17046719,5,0.011028213600092814
17046719,6,0.026149686319950703
17046719,7,0.032454599597859575
17046719,8,-0.018668016688829097
17047632,1,-0.0024227328705762655
17047632,2,-0.01921025803594195
17047632,3,0.01802621462730751
17047632,4,-0.01665717744534022
17047632,5,-0.005196821711479563
17047632,6,0.004061797980693192
17047632,7,-0.017895816091078532
17047632,8,-0.011765410532907184
17049115,1,-5.40013971482084e-4
17049115,2,-0.003611249996037425
17049115,3,0.005258129874033347
17049115,4,0.05524491306996837
17049115,5,-0.054771870466803714
17049115,6,-0.15959443738524637
17049115,7,0.037023093092896905
17049115,8,-0.029969105154760974
17049827,1,-0.045806522886116315
17049827,2,-0.10972744630371328
17049827,3,0.06618720031508818
17049827,4,0.02623147236447723
17049827,5,-0.004343400016050482
17049827,6,0.02686440174112751
17049827,7,-0.0018643273721942837
17049827,8,-0.04083803320329306
17050088,1,-0.04767364413212556
17050088,2,-0.10060399586930344
17050088,3,0.06691862819688377
17050088,4,0.04364511846990905
17050088,5,-0.006550368479574122
17050088,6,0.02963434724633475
17050088,7,-0.012771016600209682
17050088,8,-0.07228058256527964
17050605,1,0.04774741770492472
17050605,2,0.08291069439694257
17050605,3,-0.05006785631780714
17050605,4,0.03473130388710494
17050605,5,0.014907172553300143
17050605,6,0.02236738259466581
17050605,7,-0.0048533138431431505
17050605,8,0.061336428866150046
17051419,1,-0.051138685047764317
17051419,2,-0.11873340744174025
17051419,3,0.05586708828527789
17051419,4,0.019947904901679893
17051419,5,-0.002414696488422005
17051419,6,0.01314599167532605
17051419,7,0.012241944002698577
17051419,8,-0.06901850025501852
17051775,1,6.682612266561878e-4
17051775,2,0.013706814581966044
17051775,3,-0.016418902338404397
17051775,4,0.0874190684919207
17051775,5,-0.1207102004579224
17051775,6,-0.19358338604506573
17051775,7,0.0471372456930529
17051775,8,-0.032910684326998715
17052123,1,0.03770394118327094
17052123,2,0.03779451362230051
17052123,3,-0.0514503079150991
17052123,4,-0.0015351271783086045
17052123,5,0.029842058917075674
17052123,6,0.03251591053602813
17052123,7,0.013837855109216745
17052123,8,0.07664281492440238
17052871,1,-0.04587386936789748
17052871,2,-0.1069910789822803
17052871,3,0.06811059511047747
17052871,4,0.02048687410520577
17052871,5,0.007357967390269327
17052871,6,0.030595457182052806
17052871,7,0.010390284378748348
17052871,8,-0.052579548776938184
17054103,1,-0.03191220295755242
17054103,2,0.007806485558286655
17054103,3,0.0064190138143237225
17054103,4,-0.029665031477933073
17054103,5,-0.011509519103434203
17054103,6,-0.009798298400634195
17054103,7,-0.20978571453676365
17054103,8,-0.12841756910072513
17054291,1,-0.02088148652497179
17054291,2,0.005720240849284583
17054291,3,0.015042899295728444
17054291,4,-0.030710092682620337
17054291,5,-0.014031935002586258
17054291,6,0.002961782239123003
17054291,7,-0.20571049723506676
17054291,8,-0.10808963899217902
17054332,1,-0.023378434623411767
17054332,2,0.001978066553960475
17054332,3,0.012706699017662434
17054332,4,-0.043297805117936565
17054332,5,-0.016696373117017868
17054332,6,0.003945965959916209
17054332,7,-0.1990130632565747
17054332,8,-0.1253104260976207
17054720,1,-0.0021684906477298475
17054720,2,0.021948363451443437
17054720,3,-0.007906147534643438
17054720,4,0.07103413467499277
17054720,5,-0.12478581354473436
17054720,6,-0.21179441681309644
17054720,7,0.06598453931517387
17054720,8,-0.025591974007708383
17054795,1,-0.01890975706952015
17054795,2,0.006614687150939374
17054795,3,0.014350348986152183
17054795,4,-0.029990359241549087
17054795,5,-0.015036903197644466
17054795,6,0.002945444092774599
17054795,7,-0.2039540861377905
17054795,8,-0.1062419725317243
17054847,1,-0.044846314747790716
17054847,2,-0.1036869254666506
17054847,3,0.04788795559561569
17054847,4,0.012524950732471094
17054847,5,-0.0016837324885611037
17054847,6,0.017782246396139127
17054847,7,0.017471205912941077
17054847,8,-0.056601202972737824
17055074,1,-0.0099641196848656
17055074,2,0.02357508458269563
17055074,3,-0.007117708739018705
17055074,4,0.07699797968352227
17055074,5,-0.10569769481991949
17055074,6,-0.21332257996838735
17055074,7,0.0571538116317587
17055074,8,-0.03642211442999808
17055458,1,-0.0025367578555604633
17055458,2,0.0142790930337547
17055458,3,-0.0032555959876853324
17055458,4,0.07300765268354385
17055458,5,-0.1050422103681106
17055458,6,-0.21048725678436353
17055458,7,0.044478839562107506
17055458,8,-0.02811434247098918
17055569,1,0.03767677860325934
17055569,2,0.03467926515356666
17055569,3,-0.05462043162191738
17055569,4,4.971575311882029e-4
17055569,5,0.03417654939259401
17055569,6,0.014712341599934434
17055569,7,0.00978444095897859
17055569,8,0.06830851845126555
17055818,1,0.03815554117937024
17055818,2,0.03751187483341079
17055818,3,-0.05755847320660198
17055818,4,-0.010973907851881943
17055818,5,0.023856968448142817
17055818,6,0.013038860171977012
17055818,7,0.007874261180805763
17055818,8,0.05995146762671779
17055978,1,-0.025053658564487765
17055978,2,5.862523610194041e-4
17055978,3,0.02102092217379509
17055978,4,-0.033456536869923864
17055978,5,-0.011419634649179205
17055978,6,0.016672209242488505
17055978,7,-0.20305041656252854
17055978,8,-0.08636994008023749
17055984,1,-0.009352006381805313
17055984,2,0.015227226150588519
17055984,3,0.013507506123216008
17055984,4,0.08665803063765101
17055984,5,-0.09788924838340188
17055984,6,-0.2133530113751415
17055984,7,0.04970871210071553
17055984,8,-0.03897633599559216
17056298,1,0.044816908440271676
17056298,2,0.04272745412145795
17056298,3,-0.05574939523793469
17056298,4,-0.002059672599536035
17056298,5,0.015577362025223015
17056298,6,0.01658927049048451
17056298,7,-0.0069482937850859515
17056298,8,0.06953579447971099
17056415,1,0.03771324936965144
17056415,2,0.036633301702469194
17056415,3,-0.057550428179959534
17056415,4,-0.0060843818469682705
17056415,5,0.0248206830413965
17056415,6,0.026165815568355344
17056415,7,0.02933774752308754
17056415,8,0.07104054812069732
17057597,1,-0.0013411570731738443
17057597,2,0.023758694838327828
17057597,3,0.0016239532942503773
17057597,4,0.06611454193633211
17057597,5,-0.09818725397892167
17057597,6,-0.2077997846898043
17057597,7,0.052402634444953876
17057597,8,-0.030705938938313925
17058482,1,-0.0026049518995478866
17058482,2,0.014991730429199343
17058482,3,-0.008544067712024862
17058482,4,0.07254023588907983
17058482,5,-0.11554445397246722
17058482,6,-0.2077003138994187
17058482,7,0.07141338325587264
17058482,8,-0.03513302317156257
17058616,1,-0.02213615341971851
17058616,2,0.015870883758990866
17058616,3,0.022424422357222085
17058616,4,-0.03480900473026985
17058616,5,-0.014614667799489426
17058616,6,0.010328268930161389
17058616,7,-0.18667850130275135
17058616,8,-0.12676815046941503
17059916,1,-0.022007792636431597
17059916,2,9.267978200531483e-4
17059916,3,0.02029354813040318
17059916,4,-0.04272130160334944
17059916,5,-0.01254809701435069
17059916,6,0.009585561285996151
17059916,7,-0.20000595984030364
17059916,8,-0.13961139094174974
17060166,1,0.0029105053890182394
17060166,2,0.01326458671824274
17060166,3,-0.005115364801694709
17060166,4,0.08364428962970524
17060166,5,-0.09907563050469761
17060166,6,-0.20281452641537023
17060166,7,0.06818317906089463
17060166,8,-0.041445907010670344
17060419,1,-0.024051032781130372
17060419,2,0.0027346049339748053
17060419,3,0.02845236757059407
17060419,4,-0.03165430493848361
17060419,5,-0.002419313897303471
17060419,6,0.01648415616809329
17060419,7,-0.21690851002667424
17060419,8,-0.11261541272918912
17060707,1,-0.05214153435017417
17060707,2,-0.1130954845465378
17060707,3,0.04935971390656587
17060707,4,0.03383547144743758
17060707,5,0.007877617059500745
17060707,6,0.035107849971459854
17060707,7,0.01939451479000502
17060707,8,-0.02357128006450646
17061093,1,-0.015904118294746607
17061093,2,0.004831356146913926
17061093,3,0.008004196760277442
17061093,4,-0.03932288986707401
17061093,5,-0.011754056712492187
17061093,6,0.008874478081838966
17061093,7,-0.21823882393440505
17061093,8,-0.10546739871165142
17061305,1,-0.05092338628435756
17061305,2,-0.09865271198704767
17061305,3,0.05411372267437756
17061305,4,0.033693653603247935
17061305,5,-1.3218150522585002e-4
17061305,6,0.02489820081674069
17061305,7,0.016459929601288177
17061305,8,-0.027356183168074016
17063176,1,-0.0391412928962103
17063176,2,-0.10913496058268593
17063176,3,0.05120715581738309
17063176,4,0.04139615477040164
17063176,5,-0.005580246956510645
17063176,6,0.022297510262761777
17063176,7,0.02248190772534304
17063176,8,-0.017692410556345867
17063530,1,-0.045564541563833064
17063530,2,-0.10678357944154712
17063530,3,0.05400831876890718
17063530,4,0.031450242596324555
17063530,5,0.0032525720787335067
17063530,6,0.021789396929656726
17063530,7,0.025307122842666722
17063530,8,-0.020855278146142138
17064010,1,-0.003076775073389575
17064010,2,0.025559545958999383
17064010,3,-0.005671066674860542
17064010,4,0.08515135207833156
17064010,5,-0.12585654559106316
17064010,6,-0.21893391056602107
17064010,7,0.05021746119606654
17064010,8,-0.01221039695737305
17064885,1,-0.02655883335088738
17064885,2,0.0074925241187119036
17064885,3,0.024360666212556583
17064885,4,-0.0441019327613422
17064885,5,-0.018963542751907727
17064885,6,0.007585231713324994
17064885,7,-0.19716985603065548
17064885,8,-0.11986239695127782
17065079,1,-0.004998192133563372
17065079,2,0.029576906340506904
17065079,3,-0.007534660072098712
17065079,4,0.08147181033853053
17065079,5,-0.10929305105217871
17065079,6,-0.20265692115724077
17065079,7,0.056161974024073656
17065079,8,-0.028343657959470577
17066034,1,-0.018130787076898372
17066034,2,0.011174781665077418
17066034,3,0.025454196262091226
17066034,4,-0.03468342301771907
17066034,5,-0.010018602408026284
17066034,6,0.013872015304660298
17066034,7,-0.19959768198987063
17066034,8,-0.121985819315708
17066400,1,0.03648612205487783
17066400,2,0.02580203901296934
17066400,3,-0.05352942426930435
17066400,4,-0.014222870903099826
17066400,5,0.02243942052150903
17066400,6,0.02386145606971351
17066400,7,-0.008713935539410125
17066400,8,0.05709785285927621
17066493,1,-0.033708396978862944
17066493,2,0.04229375894823281
17066493,3,0.008554468836046557
17066493,4,0.045829344448685944
17066493,5,-0.1384375626742232
17066493,6,-0.19142539803082337
17066493,7,-0.1595371156313852
17066493,8,-0.16848368859162188
17066622,1,-0.036837457542494546
17066622,2,-0.051197971332299114
17066622,3,-0.025530302841847693
17066622,4,0.04396094361995195
17066622,5,0.024937099608407134
17066622,6,0.032353749720924745
17066622,7,0.0356094859304585
17066622,8,-0.09695789302778382
17066700,1,-0.007629480458570474
17066700,2,0.017976245426033034
17066700,3,-0.009911867246243237
17066700,4,0.06940153539204837
17066700,5,-0.101564398641952
17066700,6,-0.20464117789756053
17066700,7,0.05128742192120708
17066700,8,-0.006212563694460206
17066768,1,-0.025579873687166785
17066768,2,0.005973889145302298
17066768,3,0.00890920758647616
17066768,4,-0.04721896256007804
17066768,5,-0.006807389914318034
17066768,6,0.009861709718769353
17066768,7,-0.20885755308170442
17066768,8,-0.11002759743759379
17068748,1,-0.03422245747458283
17068748,2,-0.05830745261354834
17068748,3,-0.009061688532834542
17068748,4,0.044191126419070595
17068748,5,0.025596546331389594
17068748,6,0.04675411110187933
17068748,7,0.05194250377458854
17068748,8,-0.0852272395095103
17070109,1,-0.018392826768599966
17070109,2,-0.01862010991141423
17070109,3,-0.04397696658400763
17070109,4,0.02027698136944399
17070109,5,-0.011086496313545037
17070109,6,-0.004655367183656074
17070109,7,-0.028201610134024835
17070109,8,0.030109721783275676
17070407,1,-0.03304322630031243
17070407,2,-0.06282465546162362
17070407,3,-0.016221920027800072
17070407,4,0.051181816064705184
17070407,5,0.023741503285583433
17070407,6,0.04693055977232958
17070407,7,0.03844662786093791
17070407,8,-0.09477140847940081
17070764,1,-0.01639967032564906
17070764,2,-0.04320990148844625
17070764,3,0.06606930666118699
17070764,4,-0.058494837549288116
17070764,5,-0.04497803665996807
17070764,6,0.009438314316665775
17070764,7,0.020888145428507247
17070764,8,0.05698291625459993
17071513,1,-0.018159840091929724
17071513,2,-0.0464015132220051
17071513,3,0.06642692230016416
17071513,4,-0.058033336418059585
17071513,5,-0.04193237523218369
17071513,6,0.00152755862520692
17071513,7,0.02838755749967013
17071513,8,0.0409295414271348
17073119,1,-0.008341252119671343
17073119,2,-0.005314308921800123
17073119,3,-0.017684611078586522
17073119,4,-0.011448810363643019
17073119,5,-0.009033107799772054
17073119,6,-0.010693368969974667
17073119,7,0.012715940885369712
17073119,8,-0.0044642077542619936
17074090,1,-0.006803160005574064
17074090,2,-0.007518560971489855
17074090,3,0.003913162516797296
17074090,4,-0.022406672345598764
17074090,5,-0.007258975401958368
17074090,6,-0.008779489697997918
17074090,7,-0.045100752083656395
17074090,8,-0.02856893608006615
17075467,1,-0.038348780542965664
17075467,2,-0.055825336963146364
17075467,3,-0.03572544581269087
17075467,4,0.037300037687852464
17075467,5,0.01630345831636021
17075467,6,0.01912654246799235
17075467,7,0.030582321071489924
17075467,8,-0.082595458103469993
17076273,1,0.01684027040449809
17076273,2,0.018823654926974114
17076273,3,-0.03657424449482627
17076273,4,0.010879884424180974
17076273,5,0.11278943866537576
17076273,6,0.03153968298330951
17076273,7,0.0058126423367871605
17076273,8,-0.035192710396984704
17076878,1,0.00933220434748354
17076878,2,0.009379598194013076
17076878,3,-0.002689039183122554
17076878,4,0.01909682536181389
17076878,5,-0.1248759361870902
17076878,6,-0.15926502884999136
17076878,7,0.04470652362958132
17076878,8,-0.03176793175480861
17077901,1,0.11998358610423843
17077901,2,-0.058493427002053136
17077901,3,-0.073860440581214
17077901,4,-0.10763168136747049
17077901,5,0.10132983929618153
17077901,6,-0.06503763759884205
17077901,7,0.06906623052075807
17077901,8,-0.09859423570816903
17077949,1,5.489442946535507e-4
17077949,2,0.07797544900829645
17077949,3,-0.036979506799780286
17077949,4,1.608819998974806e-4
17077949,5,-0.030540572383898134
17077949,6,0.009172243016983722
17077949,7,-0.03579806233549686
17077949,8,-0.024988135729353374
17078105,1,0.12404445853616505
17078105,2,-0.0693060668924409
17078105,3,-0.05996357472962817
17078105,4,-0.1278331594382135
17078105,5,0.08432413132089439
17078105,6,-0.08072624318106877
17078105,7,0.02372636747947486
17078105,8,-0.10952829884507258
17078853,1,-0.04193715199734934
17078853,2,-0.05016170548483516
17078853,3,-0.026805477561712535
17078853,4,0.05611191863922843
17078853,5,0.03249091904787447
17078853,6,0.026755907326060903
17078853,7,0.046972425458863695
17078853,8,-0.08731429529407687
17079196,1,-0.04260175853008596
17079196,2,-0.052992350783564166
17079196,3,-0.03063131497260002
17079196,4,0.04093147264431925
17079196,5,0.026774057202178264
17079196,6,0.04275615372626486
17079196,7,0.04124404639551794
17079196,8,-0.06797597091937994
17079417,1,0.007954467410457097
17079417,2,0.06059840354105071
17079417,3,-0.029377397700607134
17079417,4,0.0010562988896617542
17079417,5,-0.021640905370288028
17079417,6,0.002624412399080197
17079417,7,-0.05810399308767702
17079417,8,-0.04348033148843264
17079469,1,-0.010491658433301104
17079469,2,-0.04464815465203561
17079469,3,0.08218357467175719
17079469,4,-0.009846640766809269
17079469,5,-0.013742180671603323
17079469,6,-0.011016742054105232
17079469,7,-0.004337577662026948
17079469,8,0.06000425426372609
17079536,1,-0.014839194559204986
17079536,2,-0.05710588489029532
17079536,3,0.08412723900617705
17079536,4,-0.010391971724374052
17079536,5,-0.002956825736231269
17079536,6,-0.01280023285802498
17079536,7,-0.016820274658305014
17079536,8,0.0646153686287279
17079911,1,-0.012055397659039294
17079911,2,-0.052782936626966266
17079911,3,0.08005706816055327
17079911,4,-0.008034563823382967
17079911,5,-0.014641108699811738
17079911,6,-0.018034753152677854
17079911,7,-0.020529187331250007
17079911,8,0.04796286768760984
17080190,1,0.003538365438714454
17080190,2,0.06267290056517513
17080190,3,-0.02974109016118142
17080190,4,4.778922471453589e-4
17080190,5,-0.03276058861203619
17080190,6,0.024570162277476184
17080190,7,-0.048982232074178934
17080190,8,-0.03356755239393169
17081040,1,0.11982881557636867
17081040,2,-0.07761400364691956
17081040,3,-0.058666533844947334
17081040,4,-0.09852463291215072
17081040,5,0.10239270057067305
17081040,6,-0.0852908165511756
17081040,7,0.016004983193811897
17081040,8,-0.12273778537190906
17081763,1,0.11210798531449065
17081763,2,-0.07099308823085677
17081763,3,-0.05784505299188078
17081763,4,-0.1008761369098276
17081763,5,0.11924760656411827
17081763,6,-0.07883045590788187
17081763,7,0.008055925220227562
17081763,8,-0.13940971272834984
17082713,1,-0.047630469956050824
17082713,2,-0.053908584908722725
17082713,3,-0.033769270064142654
17082713,4,0.04635093927746455
17082713,5,0.020103984364228118
17082713,6,0.03199519561377957
17082713,7,0.037862816705169944
17082713,8,-0.09244182197122197
17083590,1,0.006503266483257538
17083590,2,0.09257308691331344
17083590,3,-0.01723063698243623
17083590,4,-0.004601337572399766
17083590,5,-0.04499220757903332
17083590,6,-0.0018087645666617393
17083590,7,-0.037396002692069046
17083590,8,-0.05001777693796838
17083747,1,-0.007727571397575423
17083747,2,-0.04978444079195376
17083747,3,0.088050698138798
17083747,4,-0.02485604937275192
17083747,5,-0.016491798090322564
17083747,6,-0.01516482576792784
17083747,7,0.008689089938083245
17083747,8,0.04011933715237735
17084609,1,0.003060466386925256
17084609,2,0.07808465419215957
17084609,3,-0.007530320969041702
17084609,4,-4.2653009637820197e-4
17084609,5,-0.02659740289829388
17084609,6,-0.014575180676795517
17084609,7,-0.029719562536779553
17084609,8,-0.08583266041144291
17084717,1,0.010562994310637753
17084717,2,0.07957148263669055
17084717,3,-0.015370385018251408
17084717,4,0.0035722124586868133
17084717,5,-0.02782757566274777
17084717,6,-0.0056215890027358495
17084717,7,-0.02158838975308378
17084717,8,-0.07178364788385803
17084762,1,0.009215658807250539
17084762,2,0.08135222649784046
17084762,3,-0.017980241910780806
17084762,4,0.008266585790596137
17084762,5,-0.029252202864203002
17084762,6,-0.029250634497038734
17084762,7,-0.031913164720247265
17084762,8,-0.07340991404136117
17085109,1,-0.007257736907482187
17085109,2,-0.04967276123448222
17085109,3,0.07991606703121558
17085109,4,-0.0010386441782026857
17085109,5,-0.012967086720957234
17085109,6,-0.021889617819608968
17085109,7,-0.027642690571409046
17085109,8,0.03249311519101663
17085899,1,0.012989131102906906
17085899,2,0.0076116523538724
17085899,3,0.007424206735850394
17085899,4,0.02230356661044537
17085899,5,-0.019050535406585654
17085899,6,0.032572241111704335
17085899,7,-0.011014826482087165
17085899,8,0.021524253432880718
17086614,1,0.07532828985739415
17086614,2,-0.10877347261985994
17086614,3,-0.07807536105118922
17086614,4,-0.07955214696041787
17086614,5,0.1257391335296564
17086614,6,-0.07921362170036002
17086614,7,0.04995052998201667
17086614,8,-0.18623600189519648
17086835,1,-0.031563283278658434
17086835,2,0.01980106335528907
17086835,3,0.029336468904051144
17086835,4,0.027320271919848833
17086835,5,0.019928858268215263
17086835,6,0.03649766629674439
17086835,7,0.06302597516868749
17086835,8,-0.031452581355784603
17087283,1,0.0072501878635066125
17087283,2,0.0792870299776661
17087283,3,-0.027217879393646584
17087283,4,-0.0036944376024050448
17087283,5,-0.04323066086629391
17087283,6,0.026491435430313046
17087283,7,-0.03270676410836684
17087283,8,-0.05154323241563986
17087381,1,-0.00131559724429365
17087381,2,0.0016634495573593674
17087381,3,-0.015307919197324526
17087381,4,-0.048183151002890647
17087381,5,-0.020977797999979148
17087381,6,0.010972592529863856
17087381,7,0.03253370914505422
17087381,8,-0.003335626504602643
17087656,1,0.008001909101675428
17087656,2,0.07614423470525453
17087656,3,-0.010617509188101627
17087656,4,-0.012464659165762181
17087656,5,-0.034875006584090824
17087656,6,0.01287608437422275
17087656,7,-0.04548288933193235
17087656,8,-0.03464032731960612
17087705,1,0.01309915083697376
17087705,2,0.0903140033389295
17087705,3,-0.009713482495775933
17087705,4,3.9739776765255135e-4
17087705,5,-0.031882884211731397
17087705,6,0.01928611963774424
17087705,7,-0.021727701372531227
17087705,8,-0.03951158419646019
17088861,1,-0.042031526897332
17088861,2,-0.04616386624372697
17088861,3,-0.030833161929763226
17088861,4,0.05174343635280835
17088861,5,0.027089795640632828
17088861,6,0.032339389293436514
17088861,7,0.06109489846921764
17088861,8,-0.08531642983582502
17089061,1,0.002366446346173565
17089061,2,0.08432859771363838
17089061,3,-0.020850882506187725
17089061,4,-0.017676716564735375
17089061,5,-0.03807670643995816
17089061,6,-0.00534960295366257
17089061,7,-0.0375156262198911
17089061,8,-0.04017924011411317
17089228,1,-0.0082842102405458
17089228,2,-0.0035583252749778024
17089228,3,-0.041369453889322935
17089228,4,0.03577434652251113
17089228,5,-0.03441625445327577
17089228,6,-0.012490575136350256
17089228,7,-0.07948697250136422
17089228,8,0.04961716404578603
17089569,1,0.05844649817073542
17089569,2,-0.12769049484664724
17089569,3,-0.00928366060962449
17089569,4,-0.07650057867500164
17089569,5,0.09680673906933014
17089569,6,-0.08885525850778608
17089569,7,0.02691681826619542
17089569,8,-0.14440882449851583
17089639,1,0.03882741629154331
17089639,2,-0.11249629682196242
17089639,3,-0.0574873178814575
17089639,4,-0.022631379797390064
17089639,5,0.06328414177860453
17089639,6,-0.09557486384638675
17089639,7,-0.06860085769852062
17089639,8,-0.07299510691533664
17090624,1,0.030633180922403313
17090624,2,-0.08298625413170385
17090624,3,-0.039990515549485725
17090624,4,-0.007038884852582792
17090624,5,0.07488663954597119
17090624,6,-0.06668108678944999
17090624,7,-0.07177871717680907
17090624,8,-0.06451271451125681
17090784,1,-0.012178944298438734
17090784,2,-0.050714385019687454
17090784,3,0.09507992928943573
17090784,4,-0.02593658443973673
17090784,5,-0.00820781053711459
17090784,6,-0.023574670283211176
17090784,7,-0.015011120330514143
17090784,8,0.06332261986407453
17091201,1,0.08463630499462453
17091201,2,-0.10395391590645608
17091201,3,-0.08548445282547873
17091201,4,-0.05713056650061295
17091201,5,0.12063206384454313
17091201,6,-0.057189125141482
17091201,7,0.021363492221789585
17091201,8,-0.1857973532121325
17091996,1,0.13245635842737535
17091996,2,-0.06887323675482482
17091996,3,-0.041652597228691766
17091996,4,-0.052104950484817204
17091996,5,0.0726893140195557
17091996,6,9.492034792862928e-4
17091996,7,-0.007421558451147282
17091996,8,-0.09769307372015797
17092028,1,0.1342525860482154
17092028,2,-0.060876327218172176
17092028,3,-0.03975085444334398
17092028,4,-0.05907532543111938
17092028,5,0.08313109834414772
17092028,6,0.014519473932536055
17092028,7,0.013317538533555055
17092028,8,-0.08995679788191549
17092185,1,0.12781453408306978
17092185,2,-0.05422018757957226
17092185,3,-0.026591089167218685
17092185,4,-0.021592542064763
17092185,5,0.09293250145997177
17092185,6,-8.559464712869627e-4
17092185,7,0.014119350064265358
17092185,8,-0.04990482630761737
17092247,1,-0.0498426305088723
17092247,2,-0.01701029663608671
17092247,3,-0.021918851279442788
17092247,4,-0.04572890662330954
17092247,5,-0.008200164249606543
17092247,6,-0.025864271366992344
17092247,7,-0.03483349079261594
17092247,8,-0.13823603145282423
17092546,1,8.654276286280577e-4
17092546,2,0.00875616845637636
17092546,3,0.00549656924379289
17092546,4,-0.00927385157398879
17092546,5,0.004532808143559909
17092546,6,0.008010681853639812
17092546,7,0.01364486475571479
17092546,8,0.016005591670598708
17092611,1,-0.011604369261271518
17092611,2,-0.06308440584501654
17092611,3,0.09947917175250003
17092611,4,-0.06034065786155176
17092611,5,-0.01966103601548762
17092611,6,-0.055190268624518604
17092611,7,-0.06093943037105189
17092611,8,0.08154360889951455
17093033,1,-0.013192445910161053
17093033,2,-0.008018377729063376
17093033,3,-0.04724026045108034
17093033,4,0.026507077108874413
17093033,5,-0.03759706900355558
17093033,6,0.015144403288022893
17093033,7,-0.050302665929207
17093033,8,0.0495537971828168
17093416,1,-0.07507299875406967
17093416,2,-0.06267238154753817
17093416,3,-0.12853667432247132
17093416,4,0.11335816156635144
17093416,5,0.019203800806759867
17093416,6,-0.004686927338174195
17093416,7,-0.0845250415582365
17093416,8,0.05490090282160136
17093467,1,-0.019530634993621596
17093467,2,-0.0651367168734768
17093467,3,0.11080889513687761
17093467,4,-0.056528374258402216
17093467,5,-0.018274055186026605
17093467,6,-0.06071589600727606
17093467,7,-0.054626981041128536
17093467,8,0.09801330762839384
17093947,1,-0.07094743664275856
17093947,2,-0.0610037760848344
17093947,3,-0.14060279095531578
17093947,4,0.11226906404433874
17093947,5,0.025590506914132657
17093947,6,0.007095583669092909
17093947,7,-0.08260860727156685
17093947,8,0.04594095814719352
17094130,1,-0.012778986536170505
17094130,2,0.0038760981440737518
17094130,3,0.010808793588479566
17094130,4,-0.0061429128755640106
17094130,5,0.004177366733451141
17094130,6,-0.02044667020085052
17094130,7,-0.0010207339446819056
17094130,8,-0.02689366919732217
17094154,1,-0.062385058160870324
17094154,2,-0.05890577253525607
17094154,3,-0.12536940906892682
17094154,4,0.10284858564469504
17094154,5,0.005313472047135144
17094154,6,-0.021787582249201812
17094154,7,-0.07155946989853164
17094154,8,0.05735746207325943
17094509,1,-0.013685111342403085
17094509,2,-0.049587858938835674
17094509,3,0.11247103843563938
17094509,4,-0.05211127297209413
17094509,5,-0.021966089299544952
17094509,6,-0.030593765443939682
17094509,7,-0.07729355883853896
17094509,8,0.08907113566734447
17094569,1,0.0015127771163602956
17094569,2,0.0015652603097472029
17094569,3,-0.004386655498350771
17094569,4,-0.007729373766540603
17094569,5,0.012927391705950766
17094569,6,-0.007102024829515889
17094569,7,0.008285887892729533
17094569,8,0.01505140234043019
17094670,1,0.0229307660799069
17094670,2,-8.163691224683275e-4
17094670,3,0.04013574582851977
17094670,4,0.09480572453977706
17094670,5,0.04197357246232908
17094670,6,-0.029785962627679234
17094670,7,-0.044198673704334536
17094670,8,0.02435043332016904
17094749,1,0.007775167258981462
17094749,2,0.0068151612495249096
17094749,3,0.03416177413917284
17094749,4,0.09034396606340978
17094749,5,0.03641661182101821
17094749,6,-0.047390747668401824
17094749,7,-0.04941022168443789
17094749,8,0.036171484389905424
17095501,1,0.10199706332145235
17095501,2,0.043589396529731816
17095501,3,0.05962920141593055
17095501,4,0.11844295500836062
17095501,5,-0.14190421521886598
17095501,6,0.1181881664618384
17095501,7,-0.017250830548884575
17095501,8,-0.08336780187186778
17095652,1,-0.0893502130489969
17095652,2,0.1286258062723218
17095652,3,0.10388195772909067
17095652,4,0.07433966354914033
17095652,5,0.13642762328120406
17095652,6,-0.02610673698579375
17095652,7,0.015637871942565225
17095652,8,-0.04615973373219417
17096707,1,-0.09330461585113554
17096707,2,0.13362091158974404
17096707,3,0.08347393987448529
17096707,4,0.06297193226315125
17096707,5,0.15018583794039467
17096707,6,-0.02876810007625719
17096707,7,0.030466611800230067
17096707,8,-0.06074117040648711
17096864,1,0.15506815761125622
17096864,2,-0.00776550689899937
17096864,3,0.05313351971119665
17096864,4,0.104502041507328
17096864,5,0.05292408743517189
17096864,6,-0.004542365301857386
17096864,7,-0.002968188733792615
17096864,8,0.008884268174383595
17097205,1,-0.0888806718795024
17097205,2,0.13102836301583132
17097205,3,0.08946658634379726
17097205,4,0.051410140145131095
17097205,5,0.1555358135280321
17097205,6,-0.03190667216680418
17097205,7,0.0352472726109884
17097205,8,-0.04783641903572455
17097339,1,-0.0953955304060085
17097339,2,0.12158797765994203
17097339,3,0.09190899796681894
17097339,4,0.061838405378761334
17097339,5,0.14764813452501305
17097339,6,-0.032762335414744964
17097339,7,0.03704249882895386
17097339,8,-0.06080240033387572
17097416,1,-0.09055118643610544
17097416,2,0.12894276435217827
17097416,3,0.07610633848354541
17097416,4,0.06269366259679095
17097416,5,0.1531175997342103
17097416,6,-0.023797390565967268
17097416,7,0.019692739654132308
17097416,8,-0.055608562967141624
17097910,1,0.008997098862424604
17097910,2,-0.0032577449201004693
17097910,3,0.03822450633955187
17097910,4,0.09034485073480489
17097910,5,0.05701939492189664
17097910,6,-0.04796682709032688
17097910,7,-0.05793237801093639
17097910,8,0.0171607286380472
17098137,1,0.09135031626452368
17098137,2,0.025966577096019298
17098137,3,0.0435232206230101
17098137,4,0.10177577357817623
17098137,5,-0.1488087906187885
17098137,6,0.10415387882975063
17098137,7,0.05189015149438784
17098137,8,-0.05731494047896747
17099107,1,-0.06979513202875114
17099107,2,-0.05302475109957954
17099107,3,-0.11513673260706132
17099107,4,0.09253268680158631
17099107,5,0.012320293154049988
17099107,6,0.02303481501539128
17099107,7,-0.06979143458053433
17099107,8,0.03932512302530766
17099462,1,0.15971118198506615
17099462,2,-0.015626481579656033
17099462,3,0.056373898941999644
17099462,4,0.08841525361115822
17099462,5,0.037040887468928495
17099462,6,0.0011541742046359284
17099462,7,-0.019474529308130966
17099462,8,0.030214118963322743
17099492,1,-0.09932871633196233
17099492,2,0.12949580141493017
17099492,3,0.08727449738093997
17099492,4,0.060359124989701765
17099492,5,0.1440535531001546
17099492,6,-0.002880466016823325
17099492,7,0.025670526048200287
17099492,8,-0.0504623135648467
17099883,1,0.015360576710493823
17099883,2,-0.007737116499754047
17099883,3,0.043009363317682237
17099883,4,0.08054754049805067
17099883,5,0.03959016712648748
17099883,6,-0.03643945229020259
17099883,7,-0.04684976530395383
17099883,8,0.01460961208197553
17099965,1,0.026663340157890358
17099965,2,1.1715097606075394e-4
17099965,3,-0.01677257523469619
17099965,4,-0.007782944048900579
17099965,5,0.010920261091222837
17099965,6,-0.022010496964321846
17099965,7,0.020953141995021768
17099965,8,-0.004538919083563013
17100415,1,-0.007188333491855066
17100415,2,0.0019469261023862992
17100415,3,-0.02044656680105154
17100415,4,-0.0021929070703970944
17100415,5,0.00668596747379955
17100415,6,0.021309709978133015
17100415,7,-0.03278575674632682
17100415,8,-5.84377243556481e-4
17100497,1,0.13998083530413913
17100497,2,-0.057273809988353325
17100497,3,-0.04325122513244762
17100497,4,-0.010713194974292631
17100497,5,0.13070255203814637
17100497,6,-0.07920361997204144
17100497,7,-0.0011243798592481375
17100497,8,-0.01652608745789843
17100730,1,-0.05949141332850796
17100730,2,-0.06778868709606552
17100730,3,-0.1447007286497764
17100730,4,0.1262912171714212
17100730,5,0.023591029275418337
17100730,6,-0.009055184837733115
17100730,7,-0.08588908245281766
17100730,8,0.05987061504120674
17100911,1,-0.010526861927131535
17100911,2,-0.058333880544761574
17100911,3,0.10525853298303277
17100911,4,-0.05245745321593021
17100911,5,-0.022843031083469984
17100911,6,-0.036513774006159024
17100911,7,-0.05651655012591978
17100911,8,0.07766887773752913
17101074,1,-0.09555899167939264
17101074,2,0.12266907793741064
17101074,3,0.10127933369638722
17101074,4,0.08286517361850812
17101074,5,0.14477935009700985
17101074,6,-0.020036930786458122
17101074,7,0.022937621518466674
17101074,8,-0.056480171416398696
17101672,1,-0.015059509064631856
17101672,2,-0.05566157579712125
17101672,3,0.10859397305390854
17101672,4,-0.050086959049618705
17101672,5,-0.027703917142930582
17101672,6,-0.029182988770433297
17101672,7,-0.07421512232435683
17101672,8,0.09288794547099352
17101987,1,0.007070826038790867
17101987,2,-0.0026210986344394256
17101987,3,0.0399302787863716
17101987,4,0.08073670932803255
17101987,5,0.040879393786583014
17101987,6,-0.01495375179073315
17101987,7,-0.06185276696585783
17101987,8,0.013295735902919378
17102433,1,0.013791271721314786
17102433,2,0.00409849337821224
17102433,3,0.04206648796676515
17102433,4,0.08861404932882329
17102433,5,0.04226098971640513
17102433,6,-0.02406152206716917
17102433,7,-0.0630996060895121
17102433,8,0.009938047813195041
17102620,1,0.019261600267898454
17102620,2,0.0027354365068498463
17102620,3,0.02210009446581981
17102620,4,0.03455957687598914
17102620,5,-0.08232411227082427
17102620,6,-0.06880759693162923
17102620,7,0.0287256623346186
17102620,8,-0.04611805832354541
17102631,1,0.014279630732236993
17102631,2,-0.009866912524245819
17102631,3,0.04198209806106399
17102631,4,0.08245989499307313
17102631,5,0.047861905828392566
17102631,6,-0.03069935753974724
17102631,7,-0.04810546365010507
17102631,8,0.015504210948453967
17102725,1,-0.005576652949323265
17102725,2,-0.05219333038300941
17102725,3,0.08791138354925762
17102725,4,-0.03546313170282174
17102725,5,-0.019078875655425716
17102725,6,-0.023435508021611866
17102725,7,-0.008401993890334468
17102725,8,0.05779332482824159
17103034,1,-0.08378969686621521
17103034,2,0.13094329503473368
17103034,3,0.10165340048890381
17103034,4,0.06823087270203587
17103034,5,0.14855553314130318
17103034,6,-0.019045066497610265
17103034,7,0.029938494033927815
17103034,8,-0.05723197455975582
17103078,1,-0.05533999327441016
17103078,2,-0.07368260029890343
17103078,3,-0.12347001103729002
17103078,4,0.11515460295875252
17103078,5,0.02551034280171476
17103078,6,-0.0011854727915723475
17103078,7,-0.0756619485174335
17103078,8,0.05910311937532577
17103304,1,-0.017141527073381905
17103304,2,-0.012974310768438491
17103304,3,-0.043708760184993783
17103304,4,0.00449218531112035
17103304,5,-0.02630279065911878
17103304,6,-0.018292452411942415
17103304,7,-0.05317687910806662
17103304,8,0.021723585166008412
17103717,1,0.15967227734022585
17103717,2,-0.017630400654875488
17103717,3,0.04177037376988787
17103717,4,0.1046865868586144
17103717,5,0.05227750757823722
17103717,6,0.01014769140368213
17103717,7,-0.02256495575617025
17103717,8,0.02599046158387969
17103916,1,0.007929600630947426
17103916,2,-0.005443582657620591
17103916,3,0.03064052851398061
17103916,4,0.09138507317944548
17103916,5,0.03804578010791482
17103916,6,-0.03682057450530033
17103916,7,-0.056083467395094934
17103916,8,0.03230023811913765
17104269,1,0.004215507135181521
17104269,2,0.006059155012018332
17104269,3,0.03734903457279617
17104269,4,0.08490846360124096
17104269,5,0.051387488171116866
17104269,6,-0.03517911766728255
17104269,7,-0.083265994641037
17104269,8,0.04614313497626909
17104369,1,0.13190488134525938
17104369,2,-0.029481818541430883
17104369,3,0.10607048277371098
17104369,4,0.05139621758256585
17104369,5,0.036199712444722705
17104369,6,-0.004805132409004085
17104369,7,-0.0839881938387667
17104369,8,0.0205635326627201
17105001,1,0.1365858622854534
17105001,2,-0.029261561671289342
17105001,3,0.09916913301489265
17105001,4,0.06759323819376939
17105001,5,0.03354951944649058
17105001,6,-0.015958135803796212
17105001,7,-0.08050109207599375
17105001,8,0.017506761781416035
17105497,1,0.15977002219010736
17105497,2,-0.012385559847020382
17105497,3,0.042687380682720474
17105497,4,0.09260669459057816
17105497,5,0.05570656096266178
17105497,6,-0.008105931701750163
17105497,7,-0.00990554699124646
17105497,8,0.002483007563457243
17105666,1,-0.010317028132814975
17105666,2,-0.05524869771695116
17105666,3,0.11371182400475792
17105666,4,-0.0552149648353256
17105666,5,-0.02486190865253177
17105666,6,-0.04087236197852085
17105666,7,-0.06257288229633345
17105666,8,0.0827115400526771
17106294,1,-0.1073188130342129
17106294,2,0.006788607513815087
17106294,3,0.07955977739368111
17106294,4,0.07675982940576868
17106294,5,0.13393455616554847
17106294,6,-0.05835995443361268
17106294,7,-0.06850398291151082
17106294,8,0.07816212335223928
17106443,1,-0.06770355317854852
17106443,2,-0.07576098682323183
17106443,3,-0.13108249020410573
17106443,4,0.09749760580635844
17106443,5,0.01584529139425475
17106443,6,-0.0042653580676034085
17106443,7,-0.07148896784283547
17106443,8,0.06471988098863839
17106549,1,0.018534344561151852
17106549,2,-0.004225159992271721
17106549,3,0.03600962297044101
17106549,4,0.09321153763231847
17106549,5,0.054043073275872176
17106549,6,-0.03460603500201935
17106549,7,-0.07192499458832476
17106549,8,0.027934810005375867
17107266,1,0.14625260546621452
17107266,2,-0.0015938653949100537
17107266,3,0.048533056822461514
17107266,4,0.09586856219511673
17107266,5,0.04120268880234414
17107266,6,-0.009499859341106894
17107266,7,-0.024032235190208414
17107266,8,0.024163868702122646
17107330,1,-0.09453133195399153
17107330,2,0.12720239887466075
17107330,3,0.08779650698957835
17107330,4,0.05274645041838174
17107330,5,0.1639610247019876
17107330,6,-0.026634519179088028
17107330,7,0.025465710821973353
17107330,8,-0.041420633968734556
17107567,1,-0.010146659186397993
17107567,2,0.003369260947209349
17107567,3,1.8339393033689456e-4
17107567,4,-0.021140064739523873
17107567,5,0.00589149070780036
17107567,6,0.01886527667185251
17107567,7,0.005240424220444966
17107567,8,0.02384192472750316
17107631,1,-0.06114392854565509
17107631,2,-0.06411717113057036
17107631,3,-0.12780503660004267
17107631,4,0.11999844748586434
17107631,5,0.022538982999918716
17107631,6,-0.0240616879280645
17107631,7,-0.08659238470884403
17107631,8,0.07363936608662883
17108394,1,0.10206286816937946
17108394,2,0.042080445049624576
17108394,3,0.048780014756339855
17108394,4,0.12185337941734055
17108394,5,-0.14573957031119775
17108394,6,0.1301765329114247
17108394,7,-8.759822582944355e-4
17108394,8,-0.07801294814278337
17108419,1,0.09989551324148932
17108419,2,0.042450895579288064
17108419,3,0.0373400737821722
17108419,4,0.12812769740907134
17108419,5,-0.12590796471216506
17108419,6,0.12248686939540396
17108419,7,-0.0012149680436176278
17108419,8,-0.06814110021001664
17109150,1,0.10371170478872346
17109150,2,0.044445245886286205
17109150,3,0.05257421657932318
17109150,4,0.12575690708745638
17109150,5,-0.14063707117388996
17109150,6,0.13918315101471876
17109150,7,-0.0375865360958741
17109150,8,-0.08841834166726288
17109678,1,0.13655815379743488
17109678,2,-0.054624572753789104
17109678,3,-0.041479791866078995
17109678,4,-0.008395231120222824
17109678,5,0.12398713955138514
17109678,6,-0.10648095603740033
17109678,7,0.021926126272410248
17109678,8,0.020345468285994952
17109733,1,0.15984376830947752
17109733,2,-0.008264933100218134
17109733,3,0.04154020674336968
17109733,4,0.09028109455654701
17109733,5,0.04668465441337336
17109733,6,-0.00478540105479788
17109733,7,-0.028807300292186297
17109733,8,0.03130367867717307
17109782,1,-0.009911492809842715
17109782,2,-0.05455006273465448
17109782,3,0.11598636214474195
17109782,4,-0.06503403697216024
17109782,5,-0.03232535256096369
17109782,6,-0.03367542378101239
17109782,7,-0.056439013269782505
17109782,8,0.09473772510245461
17110265,1,-0.06261407655317447
17110265,2,-0.07636204063740078
17110265,3,-0.13483032593031363
17110265,4,0.11232753078909277
17110265,5,0.027897624127440727
17110265,6,-0.007703123257960759
17110265,7,-0.08064219351628904
17110265,8,0.06420413449156544
17110753,1,0.15916151216504318
17110753,2,-0.012750093447663195
17110753,3,0.0466634942946992
17110753,4,0.09335669595089333
17110753,5,0.04753672033964814
17110753,6,0.0073158867691524845
17110753,7,-0.017427680589704963
17110753,8,0.015186214030054107
17112342,1,-0.017951561972634998
17112342,2,-0.06230987286509596
17112342,3,0.10587408624631321
17112342,4,-0.04435106470963001
17112342,5,-0.024451069744554313
17112342,6,-0.04718635813329917
17112342,7,-0.08415041159928993
17112342,8,0.06644108998212225
17112414,1,-0.007838970010537386
17112414,2,0.007730029952169815
17112414,3,0.006747851847556438
17112414,4,0.004036006918609214
17112414,5,-0.011435410200474859
17112414,6,-0.011488878279302301
17112414,7,0.016276113714367695
17112414,8,-0.01815806169276244
17112636,1,-0.07163311718303281
17112636,2,-0.0640964452817947
17112636,3,-0.132962506892961
17112636,4,0.10184949856181381
17112636,5,0.014627252681215251
17112636,6,-0.006670085896316108
17112636,7,-0.07489670139720032
17112636,8,0.07282281125246422
17113826,1,-0.0589601767246793
17113826,2,-0.06467937187814153
17113826,3,-0.13947391863854616
17113826,4,0.10444620335980875
17113826,5,0.02363054588141913
17113826,6,-0.005541657269543057
17113826,7,-0.07870640999997018
17113826,8,0.07738422825572953
17114304,1,-0.015492333994859142
17114304,2,-0.06283634467264866
17114304,3,0.10877110819203994
17114304,4,-0.05617407702570151
17114304,5,-0.002905690101809049
17114304,6,-0.041203358026141446
17114304,7,-0.06249051916446663
17114304,8,0.05544086827049126
17114855,1,0.02188284751047923
17114855,2,0.007924313394857142
17114855,3,0.01090032853958465
17114855,4,0.021686301862323055
17114855,5,-0.010026115492678275
17114855,6,0.03726946508731403
17114855,7,0.0023823241039362614
17114855,8,-0.01923941744967683
17114897,1,-0.016299014490370002
17114897,2,-0.06216263796602545
17114897,3,0.10958899059983092
17114897,4,-0.05937515266731804
17114897,5,-0.02608934517033394
17114897,6,-0.03941013756681804
17114897,7,-0.04274773706429042
17114897,8,0.09314167827394568
17115797,1,-0.09952349955836284
17115797,2,0.12527482626890815
17115797,3,0.09991027736516564
17115797,4,0.04332554194749825
17115797,5,0.13715413323882983
17115797,6,-0.02892485616809387
17115797,7,0.029546661251906345
17115797,8,-0.039007271547795715
17116398,1,0.013445297875392892
17116398,2,-0.011145432279879049
17116398,3,0.03734756241890542
17116398,4,0.09400421791864826
17116398,5,0.035169001406951186
17116398,6,-0.05109395232014553
17116398,7,-0.07391559386421141
17116398,8,0.024624787119076
17117059,1,0.13539946677639184
17117059,2,-0.05710994839769759
17117059,3,-0.03411443480909579
17117059,4,-0.018124168090079166
17117059,5,0.12070008186983269
17117059,6,-0.09148442122495141
17117059,7,0.016032378645237037
17117059,8,0.010370894363187732
17117094,1,0.14528879350598897
17117094,2,-0.05849701656031242
17117094,3,-0.03222414922060514
17117094,4,-0.007347874563721721
17117094,5,0.1275378021106212
17117094,6,-0.09175019415010703
17117094,7,0.02421184819526562
17117094,8,0.010637446141044974
17117130,1,-0.007673653804190294
17117130,2,-0.04399745097801421
17117130,3,0.09147720776099835
17117130,4,-0.025841252563952515
17117130,5,-0.013038250137487441
17117130,6,-0.018717202161408365
17117130,7,-0.005955719761559716
17117130,8,0.0550716021629966
17118076,1,0.09687363334439494
17118076,2,0.022694295870425058
17118076,3,0.04367152660785677
17118076,4,0.11032592727323419
17118076,5,-0.1251389186048544
17118076,6,0.08051536080982699
17118076,7,0.05221067115634931
17118076,8,-0.07729106012179335
17118461,1,-0.09031446170787219
17118461,2,0.13835635596729473
17118461,3,0.09405851632052979
17118461,4,0.046565391983200415
17118461,5,0.1322058666984629
17118461,6,-0.0326946096791602
17118461,7,0.03132228531800421
17118461,8,-0.01622803007658657
17118505,1,0.09547058223593026
17118505,2,0.04327678374221349
17118505,3,0.06436029288308841
17118505,4,0.13660787514534264
17118505,5,-0.13428739828118275
17118505,6,0.1396127130485314
17118505,7,-0.00994407421415758
17118505,8,-0.06150349003364449
17118618,1,0.0976408199581136
17118618,2,0.047851943867213184
17118618,3,0.06848165986779668
17118618,4,0.12603655646643033
17118618,5,-0.1396349159172105
17118618,6,0.12069776149379119
17118618,7,-0.0191722726232162
17118618,8,-0.07779443422807988
17118747,1,0.15332654954575603
17118747,2,-0.010316569092665904
17118747,3,0.0483419995030787
17118747,4,0.10234197471515008
17118747,5,0.052807121709503246
17118747,6,-2.1388041214039858e-4
17118747,7,-0.0076267542110095
17118747,8,0.03355376940063517
17118882,1,-0.016519594478869654
17118882,2,-0.05772814851866642
17118882,3,0.11435908127511449
17118882,4,-0.06485653548243021
17118882,5,-0.02156165165333283
17118882,6,-0.03811830497995759
17118882,7,-0.045142822132585365
17118882,8,0.09920082967575339
17118907,1,0.15271633248998165
17118907,2,-0.012268526348097154
17118907,3,0.04781368083518672
17118907,4,0.0992521988501873
17118907,5,0.051741678616053687
17118907,6,0.025971925125963805
17118907,7,-0.02142786409267981
17118907,8,0.032183815541080456
17118945,1,-0.012517618460410015
17118945,2,-0.05745834293790006
17118945,3,0.11338016459391706
17118945,4,-0.06641878780530844
17118945,5,-0.022006836834412548
17118945,6,-0.03809771609312905
17118945,7,-0.06424150867046904
17118945,8,0.0601464179642225
17119095,1,-0.012826607862850135
17119095,2,-0.05789076442879833
17119095,3,0.10141659177695361
17119095,4,-0.06304613351875797
17119095,5,-0.025320771484389087
17119095,6,-0.047832315408740646
17119095,7,-0.05698528095270468
17119095,8,0.08707719219666504
17119098,1,-0.038195379835700524
17119098,2,-0.05370025797776815
17119098,3,-0.020298812307887937
17119098,4,0.0521742081173885
17119098,5,0.015265641250799072
17119098,6,0.037169487675098666
17119098,7,0.04590751755571104
17119098,8,-0.08826929176491156
17119446,1,-0.00963066848513732
17119446,2,-0.008033504571117003
17119446,3,0.04407704134193925
17119446,4,-0.022296630183852886
17119446,5,0.011986817776695212
17119446,6,-0.018425664935385798
17119446,7,-0.016504428791831553
17119446,8,0.05717086063848862
17119450,1,-0.08659043307968343
17119450,2,0.12726008749077689
17119450,3,0.08200112803182223
17119450,4,0.049574410712757845
17119450,5,0.15793480333257534
17119450,6,-0.04244356855749192
17119450,7,0.00686272034211735
17119450,8,-0.023933864757272192
17119647,1,-0.030041325038368313
17119647,2,0.034774679555836706
17119647,3,-0.0010441767700417606
17119647,4,-0.006472644558551795
17119647,5,0.04922009535606022
17119647,6,0.02083163331106603
17119647,7,0.017803894381982942
17119647,8,0.04998858308701733
17120558,1,-0.046620530126679785
17120558,2,-0.06352157401710207
17120558,3,-0.023627503905886523
17120558,4,0.04800032121995351
17120558,5,0.0028299565449446317
17120558,6,0.039235003367882
17120558,7,0.04629891234066431
17120558,8,-0.08257994907138093
17120645,1,0.09772420297200474
17120645,2,0.05053155007259606
17120645,3,0.054669152376931665
17120645,4,0.13155559699579952
17120645,5,-0.13529659323738547
17120645,6,0.13627654029130484
17120645,7,-0.016001530050676574
17120645,8,-0.07363947031050004
17120724,1,0.13515939318296918
17120724,2,-0.029430572089481036
17120724,3,0.09359572516112165
17120724,4,0.06295508218608196
17120724,5,0.025290280580643844
17120724,6,-0.014420075784079897
17120724,7,-0.07319578660225505
17120724,8,0.027660960841884075
17121558,1,-0.033117692056096604
17121558,2,-0.05291717470937141
17121558,3,-0.03286722179768774
17121558,4,0.0550326059189891
17121558,5,0.03718411668498405
17121558,6,0.053216597686224755
17121558,7,0.03552152095168281
17121558,8,-0.08301180442261268
17121787,1,-0.018057774138519406
17121787,2,-0.05153724085734816
17121787,3,0.10652493011773402
17121787,4,-0.0617037674952882
17121787,5,-0.011560116022806585
17121787,6,-0.04889563830865419
17121787,7,-0.0687520715742586
17121787,8,0.047309214368524345
17122332,1,-0.05882853530276676
17122332,2,-0.057649905917124995
17122332,3,-0.13313900981509258
17122332,4,0.11329460246096479
17122332,5,0.02456625025752429
17122332,6,-0.010541567795275635
17122332,7,-0.06239075124569881
17122332,8,0.06148779767797068
17122591,1,0.1588324927458091
17122591,2,-0.007046594286672302
17122591,3,0.05775579914487221
17122591,4,0.08709284831244479
17122591,5,0.03741839531220857
17122591,6,0.011053164879924155
17122591,7,-0.017821614735514163
17122591,8,0.03580274701842306
17122884,1,0.007106433361446062
17122884,2,-0.01011721353310417
17122884,3,0.027128423612087876
17122884,4,0.07280905865216174
17122884,5,0.04267002188673654
17122884,6,-0.03752683850513889
17122884,7,-0.042567656834814685
17122884,8,0.04793634590684342
17123175,1,-0.05570810477004087
17123175,2,-0.06102389885728369
17123175,3,-0.13702277778280483
17123175,4,0.10667150543350798
17123175,5,0.030195175606605982
17123175,6,-0.01582420451109508
17123175,7,-0.0828627612412771
17123175,8,0.060298960929814474
17123971,1,0.007570178995912415
17123971,2,-0.005880860900203015
17123971,3,0.037070442669274714
17123971,4,0.07952833673141617
17123971,5,0.052479224558354486
17123971,6,-0.03101900606326987
17123971,7,-0.04426297038969907
17123971,8,0.014304848916725997
17124052,1,0.013282871057910832
17124052,2,4.8622379121394444e-4
17124052,3,0.03534563195361582
17124052,4,0.08341304206057405
17124052,5,0.04076986647377376
17124052,6,-0.0342794867608035
17124052,7,-0.05311685698970041
17124052,8,0.023481495590595702
17124134,1,0.0084998398058108
17124134,2,0.0014175834030327559
17124134,3,0.034165576448488916
17124134,4,0.08276543959664702
17124134,5,0.045133852809891954
17124134,6,-0.04320881861784532
17124134,7,-0.06234975160765735
17124134,8,0.010076609834414893
17124175,1,-0.010180798199810354
17124175,2,-0.046680099703101524
17124175,3,0.08670690828862242
17124175,4,-0.021132110673312453
17124175,5,-0.004090301805091693
17124175,6,-0.010509360912031548
17124175,7,-0.016726508054137
17124175,8,0.09982288074286727
17124307,1,0.153385786997945
17124307,2,-0.013723152945302498
17124307,3,0.0547342276015578
17124307,4,0.1006610049173813
17124307,5,0.043061431243210976
17124307,6,0.02093881120805641
17124307,7,-0.029272000210703118
17124307,8,0.003685147108673868
17124893,1,-0.06264970786487722
17124893,2,-0.06651867461543534
17124893,3,-0.1428135079938635
17124893,4,0.114228467868142
17124893,5,0.02171348370687081
17124893,6,-0.014120540981770163
17124893,7,-0.08322519600526633
17124893,8,0.05811262583532002
17126077,1,0.15010490811646512
17126077,2,-0.05478738773473346
17126077,3,-0.02784781807956492
17126077,4,-0.018644260839567613
17126077,5,0.13309309472999276
17126077,6,-0.09616701114663366
17126077,7,-0.001435078483762566
17126077,8,0.004788783639338026
17126163,1,0.13907075746302477
17126163,2,-0.04045955881184194
17126163,3,0.08459477367176989
17126163,4,0.0605471164549025
17126163,5,0.03410548597520869
17126163,6,-0.011761719471099961
17126163,7,-0.07711142119154508
17126163,8,0.033413005820538175
17126324,1,0.002110509842460238
17126324,2,-0.0016557335186612224
17126324,3,-0.016782199064807705
17126324,4,-0.046925000166750754
17126324,5,-0.04477027027131441
17126324,6,0.033146516068492365
17126324,7,0.037873364305479475
17126324,8,0.0032461209872112805
17126427,1,0.013605273747011738
17126427,2,-0.007480087984376834
17126427,3,0.03492981658133553
17126427,4,0.08173816191228626
17126427,5,0.04670039416864425
17126427,6,-0.030006130761674663
17126427,7,-0.06366068646384926
17126427,8,0.03280776733698556
17127075,1,0.015550538983188273
17127075,2,-0.04448543636504474
17127075,3,-0.012630527159414907
17127075,4,-0.0044981032849847015
17127075,5,0.026304852809133847
17127075,6,-0.02275437994840632
17127075,7,0.025414695055011597
17127075,8,0.02073494259722613
17127157,1,-0.05820038302329973
17127157,2,-0.06465020764911643
17127157,3,-0.14082515370056628
17127157,4,0.10919102895832884
17127157,5,0.011196961780642629
17127157,6,-0.018265261212319514
17127157,7,-0.07649011267124757
17127157,8,0.037049014539286336
17127617,1,0.011748346260902667
17127617,2,-0.005801283445728757
17127617,3,0.0536034185533174
17127617,4,0.09242884451625492
17127617,5,0.03828971410099002
17127617,6,-0.03239391565848021
17127617,7,-0.044398441764098996
17127617,8,-5.025127447708914e-4
17127706,1,-0.09732269351423163
17127706,2,0.12547162154959118
17127706,3,0.09925004735015067
17127706,4,0.06266313538457045
17127706,5,0.14241074014134683
17127706,6,-0.03302244022553273
17127706,7,0.023369303954126577
17127706,8,-0.05626183106562663
17127902,1,0.0013461448010108792
17127902,2,-0.0010025999210947181
17127902,3,-0.02328740731059284
17127902,4,-0.053717442970154176
17127902,5,-0.02420763403515043
17127902,6,-7.635924836110219e-4
17127902,7,0.03546854254093824
17127902,8,-0.0023738656177000406
17127987,1,-0.01482120109831215
17127987,2,0.02794150468623474
17127987,3,0.03078942234251228
17127987,4,-0.01596997780818366
17127987,5,0.009135596807227392
17127987,6,0.007680440056596655
17127987,7,-0.06369609243660221
17127987,8,-0.08032841318486908
17128089,1,0.15547884210054846
17128089,2,-0.007033510901882582
17128089,3,0.04282270480787332
17128089,4,0.09455250784117848
17128089,5,0.053030703418220124
17128089,6,0.005887477471916834
17128089,7,-0.012467965593747316
17128089,8,0.02119885530077943
17128705,1,-0.011331663525288216
17128705,2,-0.06572071288450033
17128705,3,0.1157780519408033
17128705,4,-0.06705878014856698
17128705,5,-0.007412971517459306
17128705,6,-0.052238352412408706
17128705,7,-0.06541838757936067
17128705,8,0.057183900309043516
17128716,1,0.0448611156871573
17128716,2,-0.040750796591854675
17128716,3,-0.004112022911962781
17128716,4,-0.012561165581151675
17128716,5,0.03627231200071779
17128716,6,-0.018316177665670227
17128716,7,0.02098800498800181
17128716,8,-0.029794397051376018
17128758,1,-0.010258981545948965
17128758,2,-0.05665937969127113
17128758,3,0.08457049471546425
17128758,4,-0.017668596297964058
17128758,5,-0.013939396216070635
17128758,6,-0.001887008417099787
17128758,7,-0.004483148320452717
17128758,8,0.06247195921376506
17128890,1,-0.0049641990948298955
17128890,2,-0.04764825936446758
17128890,3,0.08805233277356753
17128890,4,-0.025448740797254926
17128890,5,-0.006159161464630197
17128890,6,-0.01774491436393151
17128890,7,-0.012185309287345089
17128890,8,0.0766471318082717
17128908,1,-0.06289151715268897
17128908,2,-0.059432916809846345
17128908,3,-0.122167359106003
17128908,4,0.10391120875567204
17128908,5,0.020515602307653393
17128908,6,-0.014673629827942375
17128908,7,-0.07485652282990336
17128908,8,0.05186565190380115
17129087,1,-0.012741199008296563
17129087,2,-0.03419689814173778
17129087,3,-0.0230168258574278
17129087,4,0.036457525623849484
17129087,5,0.01143973147764266
17129087,6,0.03351844696874167
17129087,7,0.01090640562442221
17129087,8,-0.04332769923318071
17129250,1,-0.004467388355412709
17129250,2,0.021223845518808605
17129250,3,-0.04798530420580172
17129250,4,-0.12036397857877489
17129250,5,-0.056023605327759456
17129250,6,0.047694174989920846
17129250,7,0.008440790166894686
17129250,8,-0.05905577502483379
