SNP_ID,PC,loading
16849105,1,-0.08443181136390288
16849535,1,-0.07333257434092835
16849573,1,-0.06728401277601895
16849681,1,-0.08372727732595976
16849725,1,-0.08949817885224517
16849843,1,-0.08396399749274089
16849971,1,-0.08725286117734711
16850089,1,-0.08780069581410449
16850115,1,-0.08507376173095758
16850164,1,-0.08349560074808372
16850281,1,-0.08814459406768055
16850297,1,-0.08736208587015597
16850437,1,-0.08782986152994839
16850463,1,-0.08892038915681628
16850671,1,-0.08785355796959907
16850676,1,-0.08994390731723458
16850744,1,-0.08876893123643025
16851053,1,-0.08758335192940649
16851088,1,-0.084774283910077
16851108,1,-0.08630635766173578
16851125,1,-0.09130113616219851
16851141,1,0.03507422708548015
16851225,1,-0.08801901235006644
16851356,1,-0.08469883659920978
16851640,1,-0.08972217692235018
16851673,1,-0.08793304573116849
16851819,1,-0.08298242606979972
16851822,1,-0.0917818079590865
16851899,1,-0.08484797233984573
16852303,1,-0.08575814708092175
16852312,1,-0.0876263770374204
16852652,1,-0.08223983386218213
16852683,1,-0.08419337940345538
16852820,1,-0.08509009610651395
16852835,1,-0.08019176067760604
16852914,1,-0.08678393555583959
16853019,1,-0.08877559823706442
16853055,1,-0.0892440357166804
16853071,1,-0.08916627042082356
16853122,1,-0.0872061579975522
16853178,1,-0.08606566914839499
16853218,1,-0.08733095811319169
16853231,1,-0.0898180862301229
16853232,1,-0.08622325656065281
16853399,1,-0.08765958702165401
16853425,1,-0.08666740026895474
16853625,1,-0.08243425250909558
16853948,1,-0.09254049461566083
16854064,1,-0.08788953601840764
16854330,1,-0.0883477111406087
16854396,1,-0.08384160404647292
16854435,1,-0.0923375480324215
16854448,1,-0.08731494968963804
16854565,1,-0.08292515155222947
16854643,1,-0.09364523340219302
16854652,1,-0.08698070227789186
16854792,1,-0.08664384269766565
16854831,1,-0.08419475305047722
16854859,1,-0.08344796278509425
16855160,1,-0.09188962273796004
16855274,1,-0.08688708789084941
16855350,1,0.035808328393645485
16855476,1,-0.08493762412116088
16855563,1,-0.082190538452668993
16855618,1,-0.08435016266121106
16855677,1,-0.08727708968306629
16855731,1,-0.09137632104334231
16855764,1,-0.08418906954113557
16855904,1,-0.08678252273574982
16856181,1,-0.08635393980279607
16856188,1,-0.08826472225423139
16856465,1,-0.0907690457827771
16856544,1,-0.08643593154924696
16856672,1,-0.08506219747962628
16856803,1,-0.08927890973132076
16856809,1,-0.023591989740900675
16856878,1,-0.08601309567350922
16856915,1,-0.08544051327960477
16857015,1,-0.08560472716613259
16857035,1,-0.08378242615863217
16857041,1,-0.08420821749486393
16857140,1,-0.09013572260250828
16857165,1,-0.08694555931650338
16857414,1,-0.089099781569145
16857418,1,-0.08553953486781991
16857422,1,-0.08611101394883733
16857510,1,-0.08889814352737108
16857983,1,-0.08586836355326846
16858076,1,-0.08360405915063072
16858191,1,-0.08693486773129538
16858219,1,-0.09123812238496666
16858364,1,-0.08648659700176707
16858472,1,-0.09017245486667196
16858684,1,-0.08263256161208432
16858723,1,-0.08674666482412133
16858843,1,-0.08497622942555097
16858863,1,-0.08867413968020176
16858968,1,-0.08730083251631501
16859182,1,-0.08880128071066481
16859366,1,-0.08563477722041038
16859587,1,-0.08439587200738012
16859704,1,-0.0858989713526292
16860036,1,-0.09154073167433142
16860066,1,-0.08326217193739184
16860139,1,-0.08442937964962191
16860258,1,-0.08530305557628784
16860336,1,-0.08563617696251019
16860360,1,-0.08536223271436227
16860413,1,-0.08545749755432146
16860442,1,-0.08948950019611591
16860496,1,-0.0846142065555955
16860617,1,-0.08780218142264631
16860752,1,-0.021460623575969784
16860767,1,-0.08492172999732099
16860813,1,-0.08473902364243294
16860967,1,-0.08957920965316811
16860985,1,-0.08555108167251015
16861056,1,-0.08919176834943854
16861182,1,-0.08574383595860674
16861293,1,-0.08933912364069328
16861577,1,-0.08357387936107313
16861592,1,-0.08850433829841353
16861595,1,-0.09122434647057034
16861599,1,-0.08361142166297839
16861786,1,-0.08985795244428255
16861919,1,-0.08450029906925194
16861975,1,-0.08427902781891994
16862057,1,-0.08919766989189475
16862213,1,-0.0855935742002511
16862282,1,-0.08626589245466872
16862531,1,-0.08272642156444006
16862729,1,-0.08808784728717078
16863070,1,-0.08826549424721648
16863454,1,-0.07834638100103371
16864090,1,-0.08439237168618843
16865510,1,-0.08772650173877988
16866339,1,-0.09104278194217115
