SNP_ID,PC,loading
17122884,1,0.08490671229151613
17122884,2,0.07655739383116639
17122884,3,-0.23854588258816148
17122884,4,0.08393656977992922
17122884,5,-0.03330648345779783
17123175,1,-0.1565123449292861
17123175,2,0.41583333930341787
17123175,3,-0.002969471576144982
17123175,4,0.00986660980848122
17123175,5,-0.015088243571290122
17123971,1,0.07319056170724124
17123971,2,0.08281140445533751
17123971,3,-0.20186262271539002
17123971,4,0.11590854554547438
17123971,5,-0.03399892509151336
17124052,1,0.07550093338930461
17124052,2,0.08280959379888712
17124052,3,-0.22333319155706194
17124052,4,0.12060850668040869
17124052,5,-0.0014653517961534287
17124134,1,0.10626719369744836
17124134,2,0.10013072244192028
17124134,3,-0.24159558735221962
17124134,4,0.08432177223251579
17124134,5,-0.016681047897281035
17124175,1,0.03723392179069385
17124175,2,-0.07559086301079485
17124175,3,0.02442494469226498
17124175,4,0.30699544868684
17124175,5,0.05045254355617662
17124307,1,0.428312785144907
17124307,2,0.07413706289447783
17124307,3,-0.0898907312790464
17124307,4,-0.14208625163158836
17124307,5,-0.15015321927020703
17124893,1,-0.1635607735897931
17124893,2,0.4412463475164673
17124893,3,-0.043894695128231166
17124893,4,0.0469472047145351
17124893,5,-0.01591155833013181
17126077,1,0.40288576693353423
17126077,2,0.11347416331465283
17126077,3,0.0405653286621782
17126077,4,-0.0961700878054575
17126077,5,0.3471967490471284
17126163,1,0.432510219290549
17126163,2,0.014396499447560114
17126163,3,-0.06668162497596769
17126163,4,0.06904560343507679
17126163,5,-0.18257265987301083
17126324,1,-0.02889492551072155
17126324,2,-0.05227154716008905
17126324,3,0.10323766636243076
17126324,4,-0.040871102761483244
17126324,5,-0.02493395566420907
17126427,1,0.09623734416226579
17126427,2,0.10071304556907072
17126427,3,-0.21642218092079413
17126427,4,0.12327940131913145
17126427,5,-0.046254255499261855
17127075,1,0.08121817453788353
17127075,2,0.09821654494456755
17127075,3,0.05404515640730545
17127075,4,0.03733771147061531
17127075,5,0.4786131421181372
17127157,1,-0.15426139430457989
17127157,2,0.4493970864204844
17127157,3,0.0025204315325357803
17127157,4,0.044802799950413634
17127157,5,-0.03976732300164051
17127617,1,0.08449592611384378
17127617,2,0.11350965950319926
17127617,3,-0.2384436495872384
17127617,4,0.1291260358460719
17127617,5,-0.05720520011011981
17127706,1,-0.20253148973864893
17127706,2,-0.20161509757948146
17127706,3,-0.516651368967765
17127706,4,-0.06466698179266926
17127706,5,0.199368177235356
17127902,1,-0.045313564424690596
17127902,2,-0.06330928399546021
17127902,3,0.10872761873817319
17127902,4,-0.07622218734444686
17127902,5,0.05657887398205499
17127987,1,-0.012590845786165362
17127987,2,-0.06050479245271355
17127987,3,-0.04333418469403052
17127987,4,0.029894880190316404
17127987,5,-0.012615684038175225
17128089,1,0.446185866279939
17128089,2,0.059881083109438626
17128089,3,-0.10609763442369054
17128089,4,-0.1741699931949628
17128089,5,-0.14974764836908233
17128705,1,0.015938631460813583
17128705,2,-0.0837137768788661
17128705,3,0.06502836175481598
17128705,4,0.3981863297634776
17128705,5,0.0069836293535879375
17128716,1,0.14848677102484426
17128716,2,0.11482674270436347
17128716,3,0.06266006851998322
17128716,4,-0.05344652716550406
17128716,5,0.6881148552532993
17128758,1,0.03602273215372658
17128758,2,-0.050520652555459726
17128758,3,0.04192386826786033
17128758,4,0.28302742523172875
17128758,5,0.08069037423129154
17128890,1,0.045394557192887305
17128890,2,-0.036826999371488804
17128890,3,0.027457707575648103
17128890,4,0.2700001406596367
17128890,5,0.0556268062646225
17128908,1,-0.1477574940425187
17128908,2,0.4097878940211656
17128908,3,-0.024776245682658498
17128908,4,0.043235711031711074
17128908,5,0.018743017004713553
17129087,1,-0.037362594098736976
17129087,2,0.09914272375136635
17129087,3,0.020875302078135382
17129087,4,0.0050053731566285856
17129087,5,-0.068527128406572893
17129250,1,-0.06525025276548911
17129250,2,-0.15414133152863274
17129250,3,0.26398937044968823
17129250,4,-0.15043463934347223
17129250,5,0.01674484885659267
17129645,1,0.0372682973166006
17129645,2,-0.07679504932535677
17129645,3,0.05333435384063811
17129645,4,0.4354156195528468
17129645,5,0.03421696556312825
17129738,1,-0.19124259466336863
17129738,2,-0.21465049486689183
17129738,3,-0.5236870292066318
17129738,4,-0.07345952361179726
17129738,5,0.14431861559878248
17129935,1,-0.048187979858388325
17129935,2,-0.06974966479336632
17129935,3,-0.07051072535768929
17129935,4,-0.05208592741223172
17129935,5,0.07241864511147139
17130142,1,0.03999267276716909
17130142,2,-0.08225935099997404
17130142,3,0.06900508853987805
17130142,4,0.4607743905974091
17130142,5,0.007674383632780881
