SNP_ID,PC,loading
17051419,1,0.03751698468574819
17051419,2,-0.083307929203944
17051419,3,0.3425383817698365
17051775,1,-0.31933004416287264
17051775,2,-0.12533796327252375
17051775,3,-0.0334646654830927
17052123,1,0.01528138516200573
17052123,2,0.1265146664503663
17052123,3,-0.3048602085905665
17052871,1,0.014069427545511617
17052871,2,-0.09685515114178751
17052871,3,0.4038207669451997
17054103,1,0.14905352703573918
17054103,2,-0.2988460652248782
17054103,3,-0.1200643196040215
17054291,1,0.15864407402127728
17054291,2,-0.31481816560146586
17054291,3,-0.11966073255667294
17054332,1,0.1411427985799186
17054332,2,-0.3160279668652757
17054332,3,-0.11458080459735853
17054720,1,-0.3162904749326806
17054720,2,-0.13339064808080592
17054720,3,-0.04289288588218972
17054795,1,0.16063966885660338
17054795,2,-0.28803508824646057
17054795,3,-0.08847400065333923
17054847,1,0.029751977955020627
17054847,2,-0.13243255443638666
17054847,3,0.4106114942724276
17055074,1,-0.30804273057374604
17055074,2,-0.14167719364505735
17055074,3,-0.023671969343299234
17055458,1,-0.32784791556591913
17055458,2,-0.1617695089025387
17055458,3,-0.05081732329560776
17055569,1,-0.022533975036600165
17055569,2,0.11362859670502454
17055569,3,-0.2723883852364997
17055818,1,0.006721823608613616
17055818,2,0.1540570851729186
17055818,3,-0.29684040656815
17055978,1,0.16256660467812442
17055978,2,-0.28777853702429684
17055978,3,-0.10865464972236087
17055984,1,-0.3177232145676773
17055984,2,-0.14920367676014193
17055984,3,-0.06453210238364145
17056298,1,0.008778597088197242
17056298,2,0.13652978327906146
17056298,3,-0.2953950903999807
17056415,1,0.017203486971962993
17056415,2,0.1377224634318153
17056415,3,-0.29847868075555317
17057597,1,-0.31692797092576763
17057597,2,-0.14441909784192675
17057597,3,-0.024527105727381416
17058482,1,-0.3384912289850285
17058482,2,-0.1509184322043868
17058482,3,-0.059266054807518086
17058616,1,0.14974285583537975
17058616,2,-0.2983329241757187
17058616,3,-0.11051983172577107
17059916,1,0.14099525251645462
17059916,2,-0.29015182897548897
17059916,3,-0.13703079074289737
17060166,1,-0.30993467455678636
17060166,2,-0.12511920669647222
17060166,3,-0.04926658460375566
17060419,1,0.13451747024319727
17060419,2,-0.29550450255829824
17060419,3,-0.10050240650364993
