SNP_ID,PC,loading
17105001,1,0.30486923148758927
17105001,2,0.09313083693238895
17105001,3,-0.21023333114446924
17105001,4,-0.06561937798785973
17105497,1,0.33102919133105363
17105497,2,0.16734722621522785
17105497,3,-0.12834943867565557
17105497,4,-0.12101312372518205
17105666,1,-0.014407837752717485
17105666,2,-0.10375412032578478
17105666,3,-0.17200897054575842
17105666,4,0.12681586416086413
17106294,1,-0.19163234468878956
17106294,2,0.07138427825999503
17106294,3,-0.19987037177814457
17106294,4,-0.543416242306604
17106443,1,-0.16771773770284853
17106443,2,0.40161920319650835
17106443,3,0.04294595630708573
17106443,4,0.010756649418118797
17106549,1,0.03923085911552792
17106549,2,0.09525682603312277
17106549,3,-0.09425190926176337
17106549,4,-0.21183605101889982
17107266,1,0.34694054603011004
17107266,2,0.1491916550762526
17107266,3,-0.17097508588159857
17107266,4,-0.10786136661243464
17107330,1,-0.134014121520111
17107330,2,-0.1783067283632517
17107330,3,0.01182128782383866
17107330,4,-0.7239184600805718
17107567,1,-0.009917682172486019
17107567,2,-0.016774637533153062
17107567,3,-0.009113177396389536
17107567,4,-0.03322881687601897
17107631,1,-0.15052641259326746
17107631,2,0.4141730826326344
17107631,3,0.053917236089739626
17107631,4,0.01116243801939823
17108394,1,0.2749805673256588
17108394,2,0.026800370661492882
17108394,3,0.4263555566062538
17108394,4,-0.08126509101396716
17108419,1,0.26681518473495874
17108419,2,0.0323285204065064
17108419,3,0.4297356015576039
17108419,4,-0.04893609293996368
17109150,1,0.27635456905945527
17109150,2,0.056271089356969645
17109150,3,0.4348927994398645
17109150,4,-0.06305871301413667
17109678,1,0.22987614764544875
17109678,2,0.13674464222547608
17109678,3,-0.37382664261250903
17109678,4,0.17749824791679897
17109733,1,0.33836543982966444
17109733,2,0.159282812982831
17109733,3,-0.16351430868238725
17109733,4,-0.09383983924183019
17109782,1,-0.02513160811865682
17109782,2,-0.09088764679623865
17109782,3,-0.18615580877836208
17109782,4,0.08389105885772308
17110265,1,-0.16993895897110703
17110265,2,0.39591790455802756
17110265,3,0.03607876718364431
17110265,4,-0.003767105502853108
17110753,1,0.31657848682462186
17110753,2,0.1509020605524862
17110753,3,-0.16190131923085702
17110753,4,-0.1263325150566711
17112342,1,-0.008520732077400872
17112342,2,-0.10433814304877005
17112342,3,-0.19573040998983898
17112342,4,0.09558503912723998
17112414,1,-0.015724104217750876
17112414,2,-0.01082221560045436
17112414,3,0.009344348278987369
17112414,4,-0.01628046090038404
17112636,1,-0.15087710186678172
17112636,2,0.38556765562868917
17112636,3,0.0361471025904352
17112636,4,0.04362305130720293
17113826,1,-0.16267834293211805
17113826,2,0.3934056352014484
17113826,3,0.05257558431651584
17113826,4,-0.012346331095087785
