SNP_ID,PC,loading
17179031,1,0.03944139748262778
17179031,2,0.0325745245908988
17179031,3,-0.005830505682519277
17179031,4,0.020098301114975292
17179031,5,-0.08268501891073149
17179031,6,0.1151770874764463
17183103,1,0.07006004858565566
17183103,2,-0.18654447992383114
17183103,3,-0.39794813575493637
17183103,4,-0.216240282885368
17183103,5,0.06055582130162036
17183103,6,0.0416628446350418
17187637,1,0.026306223343034438
17187637,2,-0.0664204175353433
17187637,3,0.08369018804064929
17187637,4,0.022203642058252336
17187637,5,-0.008537725973766666
17187637,6,0.014384789295519331
17188325,1,-0.00307974457684394
17188325,2,0.021035596033571014
17188325,3,0.0635348803039343
17188325,4,-0.12380565657395734
17188325,5,0.11157732451359283
17188325,6,0.16653638505116652
17196213,1,0.03738292092382278
17196213,2,-0.12082148832664656
17196213,3,-0.3787674199773516
17196213,4,-0.22818368876780665
17196213,5,0.18991719666275106
17196213,6,0.16110174633550875
17196300,1,0.04684987048471984
17196300,2,0.061865652572713564
17196300,3,0.033158286539949136
17196300,4,0.15119983944216467
17196300,5,0.6316579503861722
17196300,6,-0.3365293444565255
17197386,1,-0.4068340599716471
17197386,2,0.04252667248632777
17197386,3,-0.0329559881898554
17197386,4,-0.04871317950916578
17197386,5,-0.04276972456663018
17197386,6,0.004593981289457883
17197460,1,-0.0029620580491391342
17197460,2,0.013361144806061369
17197460,3,-0.03977093332592233
17197460,4,0.09534631019339557
17197460,5,-0.04199280971976532
17197460,6,-0.06380555251503436
17197521,1,-0.020037462989738637
17197521,2,0.05295488678240241
17197521,3,0.03767998502735038
17197521,4,-0.2289057912308802
17197521,5,-0.17165581535437252
17197521,6,-0.21537811313707408
17198802,1,0.1049556618265935
17198802,2,-0.34601667317092116
17198802,3,0.5003987406114452
17198802,4,-0.4490051346072771
17198802,5,0.16649853016899047
17198802,6,0.06887098584004075
17199044,1,0.003782542350569177
17199044,2,0.19581714174580805
17199044,3,-0.033123519622962325
17199044,4,-0.5190967645825092
17199044,5,-0.32143876376986374
17199044,6,-0.4455162864296887
17199093,1,0.04996040450179287
17199093,2,-0.10425901010415509
17199093,3,-0.34740259637425275
17199093,4,-0.18521019797024485
17199093,5,0.16304055937499745
17199093,6,0.1448917023927905
17199548,1,0.0036401897055957475
17199548,2,-0.040127282475160904
17199548,3,0.0617690571794995
17199548,4,0.035383822173283064
17199548,5,-0.1545026305843123
17199548,6,0.012147656735113936
17200646,1,-0.3905116896214845
17200646,2,0.007711531698700689
17200646,3,0.004726400311377139
17200646,4,-0.05766504739176015
17200646,5,-0.03707065437801977
17200646,6,0.040068599370627865
17200789,1,-0.022141020692671886
17200789,2,0.048656379368787625
17200789,3,-0.0011805780112475917
17200789,4,-0.19833546578908628
17200789,5,-0.18244665232811327
17200789,6,-0.22117763094535264
17201824,1,-0.3949417184191359
17201824,2,0.038926331514952714
17201824,3,0.008915514389022751
17201824,4,-0.08914632907517993
17201824,5,0.03875539445868181
17201824,6,0.1043975382408177
17202602,1,0.03795275827582873
17202602,2,0.0850896300272486
17202602,3,0.22319374279633916
17202602,4,-0.23033867736008654
17202602,5,0.1446846477301281
17202602,6,0.26570935971314524
17202794,1,0.03383979249085759
17202794,2,0.09243105322658701
17202794,3,-0.02061556776309588
17202794,4,0.06035560955865751
17202794,5,-0.18415268416496786
17202794,6,0.18267531896104924
17202942,1,-0.0034857195497410773
17202942,2,0.00917348399186495
17202942,3,-0.00878623580956163
17202942,4,0.06238152125830421
17202942,5,-0.005838161134119306
17202942,6,0.10460352271795283
17203103,1,0.005639994432438049
17203103,2,0.05738749481991016
17203103,3,0.12649942681565493
17203103,4,-0.1603997363376686
17203103,5,0.07262203958775379
17203103,6,0.28656158854287656
17203532,1,0.10893732365474935
17203532,2,0.5907129265052481
17203532,3,-0.07201175737160365
17203532,4,-0.1132581020073991
17203532,5,0.1298396558195386
17203532,6,0.06714031747653512
17203568,1,-0.38883055320547383
17203568,2,0.015053004598834014
17203568,3,-0.027171835042175844
17203568,4,-0.05006989137673214
17203568,5,0.013882261186128484
17203568,6,0.09889180763691564
17203762,1,-0.3971134466990451
17203762,2,-0.0036663294267035547
17203762,3,-0.022353606970995952
17203762,4,-0.018819034114196154
17203762,5,-0.028457693222324623
17203762,6,0.058370008023786196
17204454,1,0.013617973850004073
17204454,2,0.08659542949369878
17204454,3,-0.08121190594089832
17204454,4,0.1647988593483479
17204454,5,-0.25069366621122824
17204454,6,0.35272169263955105
17205097,1,-0.02996987951212848
17205097,2,0.010445426988556713
17205097,3,-0.03682230537247036
17205097,4,-0.04404304412189218
17205097,5,-0.00988425783941064
17205097,6,-0.017629879612941556
17205814,1,0.02681785358885908
17205814,2,0.015986368113355878
17205814,3,0.00887610760417554
17205814,4,0.035329930439470546
17205814,5,0.17614106973388483
17205814,6,-0.16605153164825381
17206294,1,0.08798959815245459
17206294,2,0.5806581242703385
17206294,3,-0.08052878297505073
17206294,4,-0.10609873027848751
17206294,5,0.13068885099855732
17206294,6,0.08202797830601842
17207798,1,0.027465753409414744
17207798,2,0.09545494000804762
17207798,3,0.18600932540140708
17207798,4,-0.22992646414067883
17207798,5,0.08834878309076592
17207798,6,0.2932751744291077
17208210,1,0.0453255936983261
17208210,2,-0.19217547919690248
17208210,3,-0.42883332072034464
17208210,4,-0.21098208428775542
17208210,5,0.05398114353998655
17208210,6,0.03996657670156819
17208423,1,-0.4062893899104116
17208423,2,0.04649584044511587
17208423,3,0.007183750204969183
17208423,4,-0.001799313114385416
17208423,5,0.30234030722562366
17208423,6,-0.14219691778367188
