SNP_ID,PC,loading
16851640,1,0.22965645135567084
16851673,1,0.23080854937307668
16851819,1,0.22128462727349021
16851822,1,0.22474260804397747
16851899,1,0.23075475177940175
16852303,1,0.23621396682265292
16852312,1,0.2305872912338542
16852652,1,0.22887169050151884
16852683,1,0.23753261599378003
16852820,1,0.2221800232373977
16852835,1,0.23114524922137059
16852914,1,0.22682524006057922
16853019,1,0.2363687338851736
16853055,1,0.23634134111794808
16853071,1,0.2297121652376055
16853122,1,0.22319513444655395
16853178,1,0.22662840037041593
16853218,1,0.23470421490869636
16853231,1,0.22020554326533345
