SNP_ID,PC,loading
16860139,1,0.2049329383388872
16860258,1,0.22021934812621144
16860336,1,0.20524169576389656
16860360,1,0.213816038540158
16860413,1,0.21104268801296425
16860442,1,0.20610607178032078
16860496,1,0.20314920338116882
16860617,1,0.21031084732484606
16860752,1,0.03523226343688511
16860767,1,0.2033129612747001
16860813,1,0.20414380087263626
16860967,1,0.2103047947323545
16860985,1,0.2091258587175813
16861056,1,0.20070132768938442
16861182,1,0.201423035408084
16861293,1,0.21309173678474613
16861577,1,0.20973278201373827
16861592,1,0.20687110629052613
16861595,1,0.21686029018572833
16861599,1,0.20508064789495967
16861786,1,0.2040375016665252
16861919,1,0.2089677102626877
16861975,1,0.20334065348517605
16862057,1,0.21944263891340532
