SNP_ID,PC,loading
17139672,1,0.030332403036882748
17139672,2,0.010480708848329847
17139672,3,-0.09517521661968109
17139672,4,0.06744206474529185
17139866,1,0.0988026307105026
17139866,2,0.07777154832477352
17139866,3,-0.3131098069145286
17139866,4,0.4785303967879341
17140023,1,-0.35325525114975703
17140023,2,0.0685078721003697
17140023,3,0.0343069147229266
17140023,4,0.0669781769340137
17140165,1,0.04014100805137152
17140165,2,0.02494027988374095
17140165,3,-0.0802148378760872
17140165,4,0.08416095840278899
17140593,1,-0.0505973868053669
17140593,2,0.027596205847453214
17140593,3,0.08789281371799497
17140593,4,0.27187870955981974
17141339,1,0.0565154859998744
17141339,2,0.054874344203263245
17141339,3,-0.17553257820147655
17141339,4,0.32802617983843907
17141349,1,-0.003567868445163854
17141349,2,-0.35776629930739645
17141349,3,0.094027248662249735
17141349,4,0.09176439288499119
17141389,1,-0.3422349256742419
17141389,2,0.09715049573166692
17141389,3,0.0013494884990219761
17141389,4,0.059822139577632966
17141482,1,-0.01297911167650918
17141482,2,-0.3026771192195696
17141482,3,0.05140218755048317
17141482,4,0.061144103589024265
17141559,1,0.014354558352296485
17141559,2,0.01173154055611705
17141559,3,0.05456710517383952
17141559,4,-0.05393733019763748
17141753,1,-0.3615772163567764
17141753,2,0.06584592327287404
17141753,3,0.029913175322749484
17141753,4,0.04654486311445302
17142108,1,0.12516850950156805
17142108,2,0.23072306789880007
17142108,3,0.5586540611239031
17142108,4,0.1976373253195981
17142585,1,-0.30011855405667837
17142585,2,-0.08400409676413009
17142585,3,0.09711552888512719
17142585,4,0.04355211380032449
17142633,1,-5.711559039724889e-4
17142633,2,-0.3404075970996392
17142633,3,0.05990430381631107
17142633,4,0.0655479279626558
17142671,1,0.09859528529873368
17142671,2,0.11878887651574827
17142671,3,-0.3403889138073188
17142671,4,0.44429580536326035
17143028,1,-0.004909178142704234
17143028,2,-0.3584069721094201
17143028,3,0.0830738026283154
17143028,4,0.1097695211541358
17143793,1,-0.06475275705842244
17143793,2,0.0026879492626047216
17143793,3,0.10496515119151978
17143793,4,0.2938310512586976
17143842,1,0.13371544742715208
17143842,2,0.24629680268701576
17143842,3,0.5661875036017117
17143842,4,0.2010022932735885
17144555,1,-0.3501472774721948
17144555,2,0.0714863153384306
17144555,3,0.026964235943207973
17144555,4,0.05574620875490737
17144856,1,0.03349762730469115
17144856,2,0.05663519334767998
17144856,3,0.036599395924823426
17144856,4,0.06709137286051692
17145110,1,-0.004301716090205549
17145110,2,-0.3326772421728532
17145110,3,0.1072954037442711
17145110,4,0.08541925076401072
17145314,1,-0.05735046992395507
17145314,2,0.03009183645093881
17145314,3,0.08289181905786228
17145314,4,0.2708913147301589
17145351,1,-0.19640549318276235
17145351,2,0.13891964304047685
17145351,3,-0.024753505593561032
17145351,4,-0.2021291956621387
17145419,1,-0.3537183989703729
17145419,2,0.06061047742562625
17145419,3,0.005391604518165743
17145419,4,0.08775626712521006
17145480,1,-0.3281161290508413
17145480,2,-0.09678937804199086
17145480,3,0.054741872882382206
17145480,4,0.09010250630697833
17146898,1,-0.0017327530575190447
17146898,2,0.025225845954666905
17146898,3,0.04771186128769377
17146898,4,0.01787596587462599
17147139,1,0.022930061003967803
17147139,2,0.02412733076127067
17147139,3,-0.004106827818662582
17147139,4,0.051872086691253455
17147156,1,0.01401842908581125
17147156,2,-0.33212338504990424
17147156,3,0.10020350623082612
17147156,4,0.13211924336927997
17147306,1,-0.009282736125141421
17147306,2,-0.3279352639197597
17147306,3,0.07239765675244006
17147306,4,0.07245052150721795
17147355,1,-0.26862700534518663
17147355,2,-0.02291653045165535
17147355,3,-0.1013320664032739
17147355,4,0.020965631096086526
