SNP_ID,PC,loading
17220864,1,0.025578867025715997
17220864,2,-0.02531078020319211
17220864,3,0.10216962836674552
17221208,1,-0.2893126075310586
17221208,2,0.08547089501764012
17221208,3,0.011499965560749953
17221495,1,0.15297414464111544
17221495,2,0.49285555304053413
17221495,3,0.21090038677200515
17221812,1,0.014974483117613074
17221812,2,0.12576244544337256
17221812,3,-0.24753246939931106
17222785,1,0.026454848334753117
17222785,2,0.1862202274995887
17222785,3,-0.30788893866633044
17222894,1,1.2133983823866873e-05
17222894,2,-0.0731534432301802
17222894,3,0.08646329650125027
17222934,1,-0.0052930221098710295
17222934,2,-0.05456576464788251
17222934,3,0.046538313030199584
17222962,1,0.05418191290220187
17222962,2,0.15527983505120313
17222962,3,-0.363055317803305
17223264,1,-0.33379861404998856
17223264,2,0.074125976278039
17223264,3,-0.02031902715490669
17223271,1,-0.3421798527745867
17223271,2,0.04871532698538897
17223271,3,-0.0034393717219311773
17223534,1,0.04270306646572492
17223534,2,-0.08540809126136972
17223534,3,0.31683893351496323
17223562,1,-0.34234397531620514
17223562,2,0.09835276201671998
17223562,3,0.06015309098625954
17223938,1,0.04851528859496243
17223938,2,0.18652615220207908
17223938,3,-0.34326964448648195
17224026,1,-0.3525390803735811
17224026,2,0.07401901395304167
17224026,3,0.046964997662836336
17224038,1,-0.013463944048377443
17224038,2,0.12756205546956714
17224038,3,-0.19078909058387014
17224283,1,-0.011590429959691943
17224283,2,-0.06599827081455054
17224283,3,0.07120561749615215
17224285,1,-0.34171206713334656
17224285,2,0.07878587117698187
17224285,3,0.0486082511268349
17224424,1,-0.020178987383446274
17224424,2,-0.053576762419645894
17224424,3,0.04524280029637103
17224430,1,-0.3481492794872963
17224430,2,0.10548883337038144
17224430,3,0.04325389508427367
17224544,1,-0.35862936096981213
17224544,2,0.10475569336416994
17224544,3,0.06595484459881569
17224835,1,0.14160394423053943
17224835,2,0.4904457969374508
17224835,3,0.25559409712321074
17225319,1,-8.066753273305875e-5
17225319,2,0.09983824635897909
17225319,3,-0.25108071087684575
17225629,1,0.033273969448514386
17225629,2,-0.04490853015804817
17225629,3,-0.10224099989448172
17225692,1,0.14207303704256274
17225692,2,0.49920708997568336
17225692,3,0.25353195174822807
17225773,1,-0.050850777958134696
17225773,2,-7.087831515030281e-5
17225773,3,-0.002825457788391313
17225903,1,-0.01679789907604599
17225903,2,0.12221172480009358
17225903,3,-0.17412895916597826
17226065,1,0.0014257925590971038
17226065,2,0.1039182433668008
17226065,3,-0.16904798487644032
17226076,1,0.0063927522015360064
17226076,2,0.025471611335979347
17226076,3,0.023618723605368885
17226822,1,-0.00495638880267473
17226822,2,0.06652492407843873
17226822,3,-0.12247851903289764
17226906,1,-0.0016273227983071784
17226906,2,0.05216595625754016
17226906,3,-0.10996620414299874
17226948,1,0.0489581523802849
17226948,2,-0.0870874928034372
17226948,3,0.2806176672896434
17227182,1,-0.013948036522747832
17227182,2,0.08034395088397257
17227182,3,-0.04954740414166044
