SNP_ID,PC,loading
16855350,1,-0.07604441700277917
16855476,1,0.1980857399040724
16855563,1,0.20110333079190448
16855618,1,0.20884309464014028
16855677,1,0.19887077237112993
16855731,1,0.20548532117226537
16855764,1,0.2047886124093615
16855904,1,0.21095849817403536
16856181,1,0.20747139483198287
16856188,1,0.20198046406216266
16856465,1,0.19099200603443994
16856544,1,0.19523350306367995
16856672,1,0.19877210750926394
16856803,1,0.2070965651431701
16856809,1,0.04003030327184108
16856878,1,0.20451581285772527
16856915,1,0.207420704942945
16857015,1,0.20045695872904407
16857035,1,0.20198546244267396
16857041,1,0.20275421266818097
16857140,1,0.20822770638980667
16857165,1,0.20229006002569738
16857414,1,0.20779341575688443
16857418,1,0.19900183426413903
16857422,1,0.20724422109135598
16857510,1,0.208131717916023
