SNP_ID,PC,loading
17070109,1,0.03828223532039934
17070109,2,0.03366904465636896
17070109,3,-0.05529534442574624
17070109,4,0.03534335598315697
17070407,1,0.08188249258854989
17070407,2,0.39074600913778257
17070407,3,-0.09841893562029831
17070407,4,0.07040720793008695
17070764,1,0.004930510213914243
17070764,2,0.05357017762382332
17070764,3,0.5255032444378613
17070764,4,-0.12056146509662873
17071513,1,-0.021444619663631977
17071513,2,0.0777101243897597
17071513,3,0.570843748952312
17071513,4,-0.1457384211331021
17073119,1,-0.004903430570021419
17073119,2,0.040488669155438556
17073119,3,-0.03235623796276712
17073119,4,0.028443578441462794
17074090,1,0.007159201016218613
17074090,2,0.03336507415989854
17074090,3,0.048320118443597966
17074090,4,0.10774959459651805
17075467,1,0.08969611305913565
17075467,2,0.46627656098517156
17075467,3,-0.11180584727263586
17075467,4,0.11442828994277834
17076273,1,-0.14872559898623042
17076273,2,-0.08858623332748111
17076273,3,-0.33081600212918966
17076273,4,-0.36394541732286817
17076878,1,0.03426031269094381
17076878,2,-0.09782325144889117
17076878,3,0.3015089922480035
17076878,4,0.7422949631277097
17077901,1,-0.6757504895790675
17077901,2,0.07864066021343284
17077901,3,-0.06547689075265674
17077901,4,0.06362424356927311
17077949,1,0.11434998833635712
17077949,2,-0.29495320737990766
17077949,3,-0.20095720280939744
17077949,4,0.3023306074323979
17078105,1,-0.6714583876771838
17078105,2,0.12753346685551892
17078105,3,-0.00981984404225775
17078105,4,0.21745276936420255
17078853,1,0.1015746746307731
17078853,2,0.4681350477660048
17078853,3,-0.12289994811105628
17078853,4,0.07086492978659283
17079196,1,0.14353012374985774
17079196,2,0.452832298405113
17079196,3,-0.12048607885624543
17079196,4,0.1480034770169354
17079417,1,0.09188286882765528
17079417,2,-0.2569785530896764
17079417,3,-0.30760679911547834
17079417,4,0.28175091507750494
