SNP_ID,PC,loading
17089569,1,0.3868039199373967
17089569,2,-0.14954465375284606
17089569,3,0.20527812017780048
17089569,4,-0.03622607171887712
17089569,5,0.09551594544187812
17089639,1,0.31980841901577134
17089639,2,-0.2674809287353572
17089639,3,0.11523037692646908
17089639,4,0.053390448281499664
17089639,5,0.34719159994551785
17090624,1,0.29817753092541194
17090624,2,-0.21745918380078486
17090624,3,0.08774989283417901
17090624,4,0.10436685184803751
17090624,5,0.21216464416796085
17090784,1,0.007583752520856044
17090784,2,-0.01332683353790537
17090784,3,0.2958485152877127
17090784,4,0.14215382371221214
17090784,5,0.015944402347125176
17091201,1,0.4069049630634926
17091201,2,-0.07309212060966076
17091201,3,-0.02102145430054769
17091201,4,-0.1314855325318011
17091201,5,-0.01547034853095013
17091996,1,0.4139600061356208
17091996,2,0.15496393115134702
17091996,3,-0.16742789921619242
17091996,4,-0.023371434325345296
17091996,5,-0.12404568650938921
17092028,1,0.4081115618203403
17092028,2,0.1289341472141517
17092028,3,-0.1714490377935877
17092028,4,-0.030351821102085935
17092028,5,-0.1004897893125336
17092185,1,0.3765930919093355
17092185,2,0.1794101857773054
17092185,3,-0.20241185625488975
17092185,4,0.10813008524079443
17092185,5,-0.30327547556327605
17092247,1,0.015162960195396105
17092247,2,-0.16645178577328823
17092247,3,0.08287582430803579
17092247,4,-0.4122394164770169
17092247,5,0.44167352377351765
17092546,1,-0.028124169057090732
17092546,2,0.038146325502780666
17092546,3,0.02092053011500518
17092546,4,-0.039263445597056156
17092546,5,-0.1330254020746297
17092611,1,0.021824490389138817
17092611,2,1.8097739745083114e-4
17092611,3,0.38911457625061857
17092611,4,0.20822136660984397
17092611,5,-3.8476017411701e-4
17093033,1,-0.02319235088345893
17093033,2,-0.15677114742082268
17093033,3,-0.06736752205524116
17093033,4,0.05296041303299472
17093033,5,0.07889367217154465
17093416,1,-0.0623285421802416
17093416,2,-0.4486073013553869
17093416,3,-0.20793877065129585
17093416,4,0.14242290397451493
17093416,5,-0.08064581421439372
17093467,1,0.04184291425896885
17093467,2,0.01583764739486244
17093467,3,0.43029459110642293
17093467,4,0.2699122433170431
17093467,5,-0.10814669969655195
17093947,1,-0.03174225704825662
17093947,2,-0.47238192336532975
17093947,3,-0.20202070338901426
17093947,4,0.10339645488164065
17093947,5,-0.08893657754292744
17094130,1,-0.004517767831406824
17094130,2,0.015245780580258467
17094130,3,0.01839417274440507
17094130,4,0.016232221998953446
17094130,5,-0.04971931465945365
17094154,1,-0.03466431565699546
17094154,2,-0.4496265909667234
17094154,3,-0.1760005472827617
17094154,4,0.17770520080284866
17094154,5,-0.10196598136614335
17094509,1,0.052307531072707684
17094509,2,-0.008696484184667326
17094509,3,0.41921694122859876
17094509,4,0.17820826626973207
17094509,5,-0.032303288805390254
17094569,1,0.028799893748490953
17094569,2,-0.008068359497059627
17094569,3,-0.01963179159623372
17094569,4,-0.01655601286104057
17094569,5,-0.04778639892955055
17094670,1,0.006664431553970395
17094670,2,-0.03963968496338711
17094670,3,0.0041907589857966415
17094670,4,0.32977917556936326
17094670,5,-0.1654261246217519
17094749,1,0.012799370442613265
17094749,2,-0.05379680819996526
17094749,3,-0.01615020667288855
17094749,4,0.34686876021399854
17094749,5,-0.18523405416923103
17095501,1,-0.012325155876900007
17095501,2,0.30833540096076434
17095501,3,-0.33217015295954594
17095501,4,0.5655706721000512
17095501,5,0.619989838566631
