SNP_ID,PC,loading
147809,1,-0.017878737708984394
147809,2,0.04027672065707785
147809,3,-0.015740159047865625
147915,1,0.3207368205788406
147915,2,-0.03451807340011718
147915,3,0.37646953746668166
147917,1,0.32745914305790585
147917,2,-0.005909061906870745
147917,3,0.3870051153108261
148703,1,0.3165487702267383
148703,2,-0.007042319448775861
148703,3,0.3923506595848627
149381,1,-0.006645062730879193
149381,2,0.012246761831011092
149381,3,-0.025319230235117715
149407,1,-0.2253440863550793
149407,2,0.02918012937499724
149407,3,0.23847916326963947
149599,1,-0.00433557292350529
149599,2,-0.00797873933745356
149599,3,-0.02299346272435838
149913,1,-0.03336440034977458
149913,2,0.46210978070690073
149913,3,0.03698807622717155
149975,1,-0.2256879772480222
149975,2,0.04043220103011319
149975,3,0.21178709735454254
150262,1,-8.319113322390496e-4
150262,2,-0.034571463149208115
150262,3,0.08834140500350676
151330,1,-0.24059181572031088
151330,2,0.04701195233799237
151330,3,0.19430732935993944
151677,1,-0.01401673270647259
151677,2,-0.011997615975115119
151677,3,-0.026827216311003297
152358,1,0.021003970805088337
152358,2,-0.006362075418152272
152358,3,-0.12493163961359617
152533,1,-0.18709953331751153
152533,2,0.042625129553833976
152533,3,0.23441768681872957
152570,1,-0.22386573222227246
152570,2,0.04981433052433114
152570,3,0.22792462137358674
152972,1,-0.22642643304334364
152972,2,0.06312191220412115
152972,3,0.21208014992006602
152992,1,-0.22038739860023468
152992,2,0.034853659364968315
152992,3,0.21868404282183593
153057,1,-0.007081987370712672
153057,2,0.3335093758828263
153057,3,0.012772858692767702
153267,1,-0.2701554059458179
153267,2,-0.19288133942085023
153267,3,0.1837446625614235
153393,1,-0.28642653432849674
153393,2,-0.14152916811137808
153393,3,0.1517967704798265
153430,1,-0.027678873999316834
153430,2,0.438635148162308
153430,3,0.011380305637936699
153691,1,-0.27062996673995177
153691,2,-0.18066973924342802
153691,3,0.15846498869973946
153856,1,0.33293283127991363
153856,2,-0.004471414943941635
153856,3,0.3231358709266004
154162,1,-0.045189824117239284
154162,2,0.42779238776806955
154162,3,0.027251098119414136
154214,1,-0.005565424830646376
154214,2,0.021989103196534278
154214,3,0.004556968233388666
154241,1,-0.01156314700963405
154241,2,0.4333004647022527
154241,3,0.010005379707244596
154322,1,-0.029462819488827903
154322,2,0.05482233255437557
154322,3,-0.031134703817123938
