SNP_ID,PC,loading
254013,1,-0.18605973421688538
254013,2,-0.021472079152066545
254013,3,0.04648036305292392
254013,4,-0.14344330655243598
254446,1,-0.012523048639663248
254446,2,-0.0448720920224937
254446,3,0.14505754227801945
254446,4,-0.17124046116320807
254449,1,-0.026179227322325166
254449,2,-0.046073511071866
254449,3,0.1618622455464674
254449,4,-0.16763926718261268
254476,1,0.00034166425542996037
254476,2,-0.016111341388494238
254476,3,0.004359405492932178
254476,4,-0.036082056032997745
254726,1,-0.06958553396483518
254726,2,0.004615623257310242
254726,3,0.3251157281319515
254726,4,0.20353210881580036
254766,1,-0.1482852793421294
254766,2,-0.1763045335957328
254766,3,0.05397081673962478
254766,4,0.24986509492726725
254851,1,-0.1807781412407332
254851,2,-0.011105505313444168
254851,3,-0.1205621477526091
254851,4,-0.2995971093516691
254862,1,-0.016398683698574845
254862,2,-0.01683596607247546
254862,3,-0.004765549084958243
254862,4,0.036620182145830016
254910,1,-0.07881606640016779
254910,2,-5.529214716469977e-4
254910,3,0.3622340678396013
254910,4,0.24310147105255514
254933,1,-0.0777772094049072
254933,2,-0.1098853522273871
254933,3,0.49271210788196906
254933,4,-0.11078395385031709
255240,1,-0.16775616765049203
255240,2,-0.30602576015072147
255240,3,0.09973569698343705
255240,4,-0.05505511984452406
255470,1,-0.06269349476499476
255470,2,0.34495594616241015
255470,3,-0.12909715100060146
255470,4,-0.09645133148245776
255534,1,-0.09719917207881056
255534,2,0.3374925862651991
255534,3,0.07693324173538417
255534,4,-0.02220162565024793
255737,1,-0.04078429838742934
255737,2,-0.05252519745131641
255737,3,0.1290052608041223
255737,4,0.14414865123783205
255738,1,0.0039719034777436525
255738,2,0.014990236935204078
255738,3,-0.016938922073635898
255738,4,-0.04609729020183283
255763,1,-0.14535692868907754
255763,2,0.2856539672261757
255763,3,0.23614164871261867
255763,4,0.17781399685943816
255882,1,-0.23311103156324284
255882,2,0.031977413009140115
255882,3,-0.09888103596073095
255882,4,0.15792991541365453
255947,1,0.003956502499170341
255947,2,0.009212590758888023
255947,3,-0.028833895971639743
255947,4,-0.07200818322774256
256002,1,-0.14000933437608695
256002,2,0.296922514796755
256002,3,0.20795388055817
256002,4,0.18320180266661765
256107,1,-0.12933692306606406
256107,2,-0.2541867165353371
256107,3,-0.29002636640693463
256107,4,0.11933201325137349
256247,1,-0.07382585246646696
256247,2,0.31493974097237226
256247,3,-0.13355304252642122
256247,4,-0.03201683084400453
256260,1,0.007871067523977999
256260,2,0.01408153190807382
256260,3,-0.04402574662038439
256260,4,-0.0544325624051206
256485,1,0.010303884570107929
256485,2,0.008577297650756226
256485,3,-0.02868768756632906
256485,4,-0.021779149568664845
256573,1,-0.2242731783521917
256573,2,0.03710285024078431
256573,3,-0.10570465195573725
256573,4,0.08719189652981188
256727,1,-0.20463706887794092
256727,2,0.0016360209255176174
256727,3,-0.003123068185953268
256727,4,-0.17086038062772024
256803,1,0.004248192849994966
256803,2,0.0022507661013180646
256803,3,-0.028848962071062093
256803,4,-0.0391225703985729
256866,1,-0.20138542603677334
256866,2,-0.020497022056067446
256866,3,-0.0071282146231239985
256866,4,-0.20956593477096896
256886,1,-0.18149712461302606
256886,2,-0.24796517696888934
256886,3,0.03024968973018539
256886,4,0.2574730075685247
256992,1,-0.22326203320946497
256992,2,0.02161312848802175
256992,3,-0.07153011885781473
256992,4,0.13152493952369215
257032,1,-0.21246008765906316
257032,2,-0.005956712190863582
257032,3,-0.008809524582320002
257032,4,-0.21612121000630372
257119,1,0.013270538604682679
257119,2,-0.005680984305780553
257119,3,0.0363796824016678
257119,4,-0.00998210413449553
257320,1,-0.22005223971107687
257320,2,0.04421000272293251
257320,3,-0.13706067089041318
257320,4,0.11952168747757207
257658,1,-0.03657928857117977
257658,2,-0.09469979442536273
257658,3,-0.11124523270135532
257658,4,-0.006971224014647623
257733,1,-0.19785271185499853
257733,2,-0.01923447321578046
257733,3,0.02642028616978646
257733,4,-0.21928451477768524
257803,1,-0.1367676480475179
257803,2,-0.23439361643126075
257803,3,-0.2682371797389397
257803,4,0.14087827378870732
257812,1,-0.18724752653943608
257812,2,-0.01597934833044528
257812,3,0.03215859350676477
257812,4,-0.23558393416639467
258191,1,-0.18974651230700398
258191,2,-0.11994700243457754
258191,3,0.12471277170775495
258191,4,-0.19027341537627565
258215,1,-0.20350272029630445
258215,2,-0.13280198701251344
258215,3,0.11342184976995161
258215,4,-0.14152024838740973
258225,1,0.005204333433265638
258225,2,-0.00904418347198119
258225,3,-0.01397024821588615
258225,4,-0.052314489147043716
258295,1,-0.20908844152596817
258295,2,0.0738855431056277
258295,3,-0.06842501353271985
258295,4,0.08851579247132302
258305,1,-0.21504471889773913
258305,2,0.008452562696017511
258305,3,0.08034436585501055
258305,4,-0.16781058684635783
258449,1,-0.22356798261372987
258449,2,0.04484409104401599
258449,3,-0.0867370999834062
258449,4,0.14611422002261631
258556,1,-0.22967420561200638
258556,2,0.057195507045445654
258556,3,-0.05991468104916667
258556,4,0.13229532006841757
258711,1,-0.22926267971251701
258711,2,0.06435826409729994
258711,3,-0.07370704956515096
258711,4,0.12244861313427813
258748,1,-0.07509012171066756
258748,2,0.3312286281157803
258748,3,-0.09486534817574029
258748,4,-0.07353555013563152
