SNP_ID,PC,loading
183222,1,-0.3138213289055389
183222,2,0.05766359232672592
184221,1,-0.23059358699808113
184221,2,-0.2963908934555519
184243,1,-0.3038038704517011
184243,2,0.0751482739443838
184420,1,0.05513364390131497
184420,2,-0.4220745635617347
184488,1,-0.3054264878742858
184488,2,0.041968983916030975
184731,1,-0.30697094165304545
184731,2,0.050348373485193186
184863,1,-0.04758573469495862
184863,2,0.005996024579494954
184956,1,0.042399618725381394
184956,2,-0.35404045423051966
185285,1,0.008700894264549671
185285,2,-0.2604436042830447
185926,1,-0.329101779722835
185926,2,0.035533477023446815
186405,1,-0.2421521698174493
186405,2,-0.2786868234989419
186917,1,0.03591829282901992
186917,2,-0.0276405443600622
187087,1,0.043836895173098335
187087,2,-0.42269244310474396
188030,1,-0.2862822718730817
188030,2,-0.17062895436515904
188107,1,0.012058516932766446
188107,2,-0.28431708513657517
188318,1,0.01861150086244264
188318,2,-0.2897978163309621
188437,1,0.01288541736549871
188437,2,0.013306745630796923
191101,1,0.019987265011309117
191101,2,-0.26811871314828545
191797,1,-0.3249692994720592
191797,2,0.043937428959001705
191809,1,-0.32077707984877174
191809,2,0.02183913185746297
192069,1,-0.31499727082665585
192069,2,0.026363281657089874
192769,1,0.021292112735440002
192769,2,0.007940491334945095
