SNP_ID,PC,loading
378242,1,0.20685735540084152
378242,2,0.0712050980877988
378242,3,-0.1906781776545929
378242,4,0.2899426931585348
378242,5,-0.12739732578258672
378242,6,0.1608211620486372
378783,1,-0.043843247897757384
378783,2,9.584761975776796e-4
378783,3,-0.006079181065526915
378783,4,0.053015084553157704
378783,5,-0.02955921410232183
378783,6,-0.15404616084920428
378931,1,0.3069517093002289
378931,2,0.239588077972832
378931,3,-0.1266638327008175
378931,4,0.0838443450146192
378931,5,-0.07666819643520076
378931,6,0.06557668748190296
378964,1,0.34344890953666274
378964,2,0.2728143335986889
378964,3,-0.15735553733733584
378964,4,0.09813461467927422
378964,5,0.07141769884247413
378964,6,0.12678809916217051
378968,1,0.33147875132166127
378968,2,0.2744085127243898
378968,3,-0.15225405959056698
378968,4,0.08513262767912524
378968,5,0.0782052789082699
378968,6,0.16230735937368776
378971,1,0.35999909445293216
378971,2,0.1466805155293475
378971,3,0.04259051408721986
378971,4,-0.31345104907756044
378971,5,0.14894407490474526
378971,6,-0.08762984934173665
378978,1,0.37116426131048197
378978,2,0.12904781257647993
378978,3,0.04507266955899716
378978,4,-0.29494962200205893
378978,5,0.16880325631775042
378978,6,-0.018045779099960423
379541,1,0.3150765001068645
379541,2,-0.18808722131390979
379541,3,0.1159524714835025
379541,4,-0.3848104608165548
379541,5,-0.0038282001705505333
379541,6,-0.18148718291805316
379927,1,0.017724805567878782
379927,2,-0.060311257255157465
379927,3,-0.18477623279171487
379927,4,-0.006565666769133245
379927,5,-0.010298010183633048
379927,6,-0.040900343127648085
380602,1,0.22161451557960518
380602,2,-0.38891870350463126
380602,3,-0.09482999604628083
380602,4,-0.07615441857515419
380602,5,-0.2723320090328144
380602,6,0.20677897962769598
380980,1,-0.0010771754694744676
380980,2,-0.10542043897117506
380980,3,-0.198672370414537
380980,4,0.07816081986465051
380980,5,0.2740982920501533
380980,6,-0.03372742736209596
381005,1,-0.05731422912962457
381005,2,0.042567255212756144
381005,3,0.18895623618077376
381005,4,-0.005334414673323196
381005,5,0.21497001870622096
381005,6,0.3371840348976996
381191,1,0.004733068747390955
381191,2,-0.07726220321955331
381191,3,-0.1492245814623074
381191,4,0.10374184831400754
381191,5,0.29067338994241304
381191,6,-0.032256770444908156
381321,1,0.008739979238435919
381321,2,-0.1189150709707845
381321,3,-0.17433428589451117
381321,4,0.09200039377218885
381321,5,0.3194466515268826
381321,6,-0.07319991903864714
381398,1,-0.004839560639856831
381398,2,-0.03974690333437816
381398,3,-0.004219689826801803
381398,4,0.037141116677841556
381398,5,-0.0319731113904519
381398,6,-0.013802933604420928
381399,1,0.2121328795738019
381399,2,-0.4964297642001389
381399,3,-0.022117094848528914
381399,4,0.04744490204275062
381399,5,3.528223017796435e-4
381399,6,0.18463296734388576
381441,1,0.008811283399304709
381441,2,-0.07567490516230639
381441,3,-0.1689374530497084
381441,4,0.07000023975133633
381441,5,0.24461415400341688
381441,6,-0.05770307995228363
381531,1,0.02641614182306766
381531,2,-0.09603437925120197
381531,3,-0.1650889711861154
381531,4,0.12653572115401776
381531,5,0.2581758431897254
381531,6,-0.016237689800849536
381670,1,-0.050905774684874984
381670,2,0.0433698523298139
381670,3,0.23341090607065645
381670,4,-0.02476008778118258
381670,5,0.08285486702562715
381670,6,0.360255127727203
382238,1,-0.05681673085126876
382238,2,0.061678822748455285
382238,3,0.23172108741785785
382238,4,-0.018854301764748987
382238,5,0.11494780988102118
382238,6,0.4172833509196236
382316,1,-0.07714130849825211
382316,2,0.06421208347686597
382316,3,0.2426510349299865
382316,4,-0.04755814348708615
382316,5,0.12971352970544234
382316,6,0.34806366978008685
382627,1,0.007364131184001199
382627,2,-0.10424014005222043
382627,3,-0.13243588129878733
382627,4,0.08677734861939433
382627,5,0.3064137442886115
382627,6,-0.0013919164659932815
383246,1,0.014236455504212068
383246,2,0.09682256746136098
383246,3,-0.12002119125441557
383246,4,-0.21653879433252404
383246,5,-0.3458385472946764
383246,6,0.04406495458038112
383407,1,-0.16427828042289197
383407,2,-0.0033270936360003532
383407,3,-0.2870557212859136
383407,4,-0.3674335992251801
383407,5,0.12970891777618335
383407,6,0.3538785762065898
383720,1,-0.24181887623759696
383720,2,0.020048480030821124
383720,3,-0.3756644393413652
383720,4,-0.29128983786627866
383720,5,0.1380912157694298
383720,6,0.05184492598540637
383760,1,0.034459689411673856
383760,2,0.11167714235113414
383760,3,-0.16925843113193517
383760,4,0.40975580608040785
383760,5,-0.1969216632469616
383760,6,0.1763083824614917
384341,1,-0.15538402902537943
384341,2,0.03196907303732242
384341,3,-0.450686015304135
384341,4,-0.21927726681619958
384341,5,-0.2746755195435485
384341,6,0.2004063408437112
384503,1,0.21251775992253757
384503,2,-0.4683963138410869
384503,3,0.02768736477762554
384503,4,0.08155490469474261
384503,5,-0.07020899786455675
384503,6,0.18178445667367776
