SNP_ID,PC,loading
238540,1,-0.21040769792866437
238540,2,0.007574059614567486
238540,3,-0.07563789603894178
238540,4,0.297648843394396
238737,1,-0.215669377340506
238737,2,0.028201255099242886
238737,3,-0.09439358300386193
238737,4,0.321105802974313
239294,1,-0.1752823035408214
239294,2,0.021747913544940246
239294,3,-0.10025813624327475
239294,4,0.3379655046261039
239449,1,-0.03626250920420384
239449,2,0.0654728517330882
239449,3,-0.5332431289372397
239449,4,-0.1873939835607417
239519,1,-0.004246915553512471
239519,2,0.05497039495662165
239519,3,-0.537764195027286
239519,4,-0.1422839348703537
239664,1,-0.19040816173648098
239664,2,0.01650493109327644
239664,3,-0.042354055304650765
239664,4,0.33027690391941217
239688,1,-0.21035003699971402
239688,2,0.018509137676271967
239688,3,-0.11210628991097477
239688,4,0.2865259157982219
239697,1,-0.17824357264812038
239697,2,0.022289753649859023
239697,3,-0.06279138771185419
239697,4,0.30700105750037376
239936,1,-0.03444084584608844
239936,2,0.08519751974373732
239936,3,-0.5080959323532747
239936,4,-0.15142167430750855
240704,1,-0.2826749296022866
240704,2,0.006033142032635375
240704,3,-0.045555508074595005
240704,4,-0.07388830660900986
240706,1,-0.2513453091383715
240706,2,0.03702354886567972
240706,3,0.05208286156109602
240706,4,-0.10002811005147584
241234,1,-0.30169363004387384
241234,2,0.03712622894407917
241234,3,0.008407523421744917
241234,4,-0.12320151970580955
241366,1,-0.2983541399755062
241366,2,0.025953323647112805
241366,3,0.02147832269850683
241366,4,-0.14075542508755826
241396,1,-0.297443679588372
241396,2,-0.15010667419911347
241396,3,0.16195235123179724
241396,4,-0.10137589125077937
241638,1,0.0060652334642824915
241638,2,0.3138379158346206
241638,3,0.041887179580311164
241638,4,0.022190812952578527
241883,1,-0.0038650198310909954
241883,2,-0.012902001834292843
241883,3,0.03915904569819716
241883,4,0.0702479736340226
241941,1,-0.040878441823426
241941,2,-0.06412834729473202
241941,3,0.08986967366955098
241941,4,-0.04028189649771866
242409,1,0.0034565794414265763
242409,2,0.3051212771238623
242409,3,0.11616122136501232
242409,4,-0.03143601703073877
242585,1,-0.2862264347343092
242585,2,-0.11387157674569753
242585,3,0.18145251254617634
242585,4,-0.18065892237560713
242615,1,0.018952843483331042
242615,2,0.2800145512764314
242615,3,0.030507453424084018
242615,4,-0.04990513343296131
242685,1,-0.29513251090498055
242685,2,0.029636363281702178
242685,3,0.037077682089929447
242685,4,-0.1149633482848117
242694,1,-0.01765275846388383
242694,2,0.3240702832047704
242694,3,0.010946046424368694
242694,4,-0.0058394626336701234
242798,1,-0.009453822430903553
242798,2,0.2771600185977742
242798,3,0.030096431393030084
242798,4,0.02887349544070876
243117,1,-0.023913959715872863
243117,2,-0.011816291701659218
243117,3,0.06658651409923962
243117,4,-0.015019861717542533
243352,1,-2.6546717756291383e-4
243352,2,0.31834879519896425
243352,3,0.06045389869683518
243352,4,-0.051140599976518326
243398,1,0.006611822825305003
243398,2,0.33132606202605125
243398,3,0.06895271841970525
243398,4,0.03089286813579385
243433,1,0.0785397472054324
243433,2,-0.02372028084334162
243433,3,-0.08691696848801397
243433,4,0.4062966626707402
243679,1,0.005709568524422913
243679,2,0.3001520404944104
243679,3,0.021169093675209416
243679,4,-0.013091980982301266
243924,1,-8.433649578117046e-4
243924,2,0.30499724595712513
243924,3,0.07221191084989581
243924,4,0.032448758531464846
244092,1,-0.2902209770332119
244092,2,0.0024927640054721225
244092,3,-0.008982043183199534
244092,4,-0.10072638343534139
244146,1,-0.29902498293116203
244146,2,0.03664439175256772
244146,3,0.02118850838845654
244146,4,-0.17913882051651528
244333,1,-0.011278239935967565
244333,2,0.30124911361292883
244333,3,0.07784760450853946
244333,4,0.006293406985610565
