SNP_ID,PC,loading
327016,1,0.016894023575687114
327016,2,-0.010754747272619875
327016,3,0.13689981400536427
327016,4,-0.08165609226810906
327016,5,0.11627091414896162
327037,1,0.013929655579196416
327037,2,0.00949169213402089
327037,3,-0.08586086022793217
327037,4,-0.02380731904630064
327037,5,0.13660865726720833
327239,1,-0.07543781513891548
327239,2,0.02471188128848812
327239,3,-0.21247780992677776
327239,4,-0.2920656194267686
327239,5,-0.025406050926148435
328545,1,-0.04846659207326993
328545,2,0.050419987512261226
328545,3,-0.19079583197110317
328545,4,-0.3196094451130919
328545,5,-0.0530962326776946
328560,1,-0.03874550761695724
328560,2,-0.004265585072404456
328560,3,-0.32951073139147835
328560,4,-0.35815279131396976
328560,5,0.08848731258755661
328895,1,0.0288357571408347
328895,2,0.02020325803730957
328895,3,-0.12224186025339856
328895,4,0.17605777812469134
328895,5,-0.9218610938372659
328959,1,-0.053818472862847626
328959,2,0.038507051799667624
328959,3,-0.19480267640432142
328959,4,-0.3368628726764309
328959,5,-0.040992452643453255
329769,1,-0.27350446884037044
329769,2,-0.3607289001988901
329769,3,0.027716717093043675
329769,4,-0.01324916513905062
329769,5,-0.023982695892656208
329842,1,-0.20480910920742093
329842,2,0.5318249272318716
329842,3,-0.2801588168035377
329842,4,-0.0645225409716975
329842,5,-0.009567072211285116
330408,1,-0.2813848878515043
330408,2,-0.28056526734606696
330408,3,0.01698019726795099
330408,4,-0.06580871492375605
330408,5,0.044018219464837145
331007,1,-0.265838907088295
331007,2,-0.33126326888173796
331007,3,0.04985866195753483
331007,4,-0.016926204873404276
331007,5,-0.05999390741033469
331808,1,-0.44247205411849005
331808,2,0.24075363380200582
331808,3,0.005143525341527255
331808,4,-0.03688014348216968
331808,5,-0.05575340327702249
331914,1,-0.29122409404553096
331914,2,-0.29953904988401575
331914,3,-0.03924854906590346
331914,4,-0.024842400906635836
331914,5,-0.0632769837485061
332302,1,-0.2700017545483332
332302,2,-0.29187766077115634
332302,3,-0.02388314280044627
332302,4,-0.1134669891516728
332302,5,-0.011936958865528372
332884,1,-0.035424428016137335
332884,2,0.07837669464641712
332884,3,0.20409970022297125
332884,4,-0.051919580155480025
332884,5,0.09826112612865578
333463,1,0.00385744036896829
333463,2,-0.15135121232451984
333463,3,-0.6554710171246301
333463,4,0.5081566943629113
333463,5,0.1635926649312193
333871,1,0.012958371478419993
333871,2,0.006053788939113458
333871,3,0.16706335101131484
333871,4,-0.26304493332552625
333871,5,-0.19091006366561242
334550,1,-0.028267978484193684
334550,2,0.11541195219143942
334550,3,0.1714385021641303
334550,4,-0.061457744176060654
334550,5,0.014304364488429512
335217,1,-0.02135020738340174
335217,2,0.054511896282564705
335217,3,0.2148070455747025
335217,4,0.002610045942791161
335217,5,-0.0475285991026954
335225,1,-0.41391019624110265
335225,2,0.22557901320493975
335225,3,0.14761265670396423
335225,4,0.2379730305693021
335225,5,0.035789906687635833
335927,1,-0.4284154087958588
335927,2,0.24285162761188522
335927,3,0.07942164804128142
335927,4,0.22083483242905924
335927,5,0.05544083052265827
336920,1,-0.09203863917290801
336920,2,0.06359019105077061
336920,3,-0.2068619952283856
336920,4,-0.252205247479528
336920,5,-0.03400710174112245
337279,1,-0.011542574786837475
337279,2,-0.033965661282202755
337279,3,0.032677120333083974
337279,4,-0.076528015959257
337279,5,-0.10353066777331221
