SNP_ID,PC,loading
450375,1,0.1872755218680494
450375,2,0.2051336235770613
450375,3,0.08693428471075727
450704,1,0.39965026691941763
450704,2,-0.27363998191365047
450704,3,0.049169216373237123
451401,1,0.13750664965493437
451401,2,0.20419621637311564
451401,3,0.07000304370018387
451402,1,0.18841544303346675
451402,2,0.20868787735119163
451402,3,0.0722726914106785
451683,1,0.18231885085472407
451683,2,0.18685907637967988
451683,3,0.055944561951063496
451812,1,0.2690605987645729
451812,2,-0.4233635752428226
451812,3,0.08916992887691168
452602,1,0.18920560080667875
452602,2,0.22932482471063254
452602,3,0.07751521438367885
452618,1,0.013519900014081234
452618,2,-0.006953831321503087
452618,3,-0.09735924280143719
453461,1,0.14465322743959863
453461,2,0.19507854754032822
453461,3,0.04562621327888059
453911,1,0.0010792863193717307
453911,2,-0.014388857645320188
453911,3,-0.045459429722083486
455009,1,0.16231800602814506
455009,2,0.235229995137167
455009,3,0.008064658033098637
455365,1,0.16808774024363685
455365,2,0.2017395825833745
455365,3,0.016960274317237727
455794,1,0.0053942951214638185
455794,2,-0.02885915746105867
455794,3,0.009961455893403103
455835,1,0.1905133854091398
455835,2,0.21199336219734702
455835,3,0.10156218709724514
456249,1,0.156758216568731
456249,2,0.16084844953787367
456249,3,0.013280958468035542
456452,1,0.3956799197146673
456452,2,-0.29789818851115657
456452,3,0.030804474409453813
456473,1,0.4015025949556956
456473,2,-0.3025909924877942
456473,3,-7.416921139685099e-4
456717,1,0.16609436384930537
456717,2,0.1623423455703327
456717,3,-0.016357445300644948
456980,1,0.17474900983485697
456980,2,0.1868875497818011
456980,3,-0.006772742609257422
456984,1,-0.036886695875720535
456984,2,0.09241563329767662
456984,3,-0.18949389717401263
457159,1,0.15582521030561386
457159,2,0.1899731996834231
457159,3,-0.005257876526436422
457367,1,0.18390070353653687
457367,2,0.16715826383260118
457367,3,-0.007398431964031048
458373,1,-0.17200359742048318
458373,2,-0.023986268432310987
458373,3,0.9417034474932695
458633,1,0.050765357548406935
458633,2,-0.05565028926786162
458633,3,0.04820219962846363
458643,1,0.033258929828226896
458643,2,-0.08216095065614931
458643,3,0.036817034512228036
459306,1,0.06432916889312228
459306,2,-0.021925305862190023
459306,3,0.10248661549105378
