SNP_ID,PC,loading
264052,1,0.10297620395707989
264052,2,0.33968834383591345
264052,3,-0.11675553116395973
264176,1,0.10171903718745456
264176,2,0.3480957938619791
264176,3,-0.14648049329149088
264272,1,-0.05256516642768794
264272,2,0.29004249798284065
264272,3,0.23583223775272216
264365,1,0.10396677941242019
264365,2,0.3390695961225964
264365,3,-0.16193975588627096
264404,1,-0.00250413963106645
264404,2,0.026833222053608885
264404,3,-0.0211417056907377
264443,1,0.07983204373787525
264443,2,-0.07898997457808478
264443,3,0.30854664166479084
264472,1,-0.04957043059621009
264472,2,0.29381972379814514
264472,3,0.2321975190977625
264498,1,0.14362059549044712
264498,2,0.056830837688546416
264498,3,-0.17487322981391917
264764,1,-0.014923601262953196
264764,2,0.060600902896661445
264764,3,-0.17969128011725033
264863,1,-0.009186854670294993
264863,2,0.06699012313711794
264863,3,-0.1676337924429854
264979,1,0.1668209964717622
264979,2,0.06591228549459065
264979,3,-0.23544805005617675
264997,1,0.1556137709179583
264997,2,0.06430508223876091
264997,3,-0.23854919391188545
265238,1,0.18828222665415378
265238,2,0.014720156063869824
265238,3,-0.05272999646143392
265365,1,0.11564562563757702
265365,2,0.3259280685207947
265365,3,-0.03830453801337789
265453,1,-0.004795344008232567
265453,2,0.009420563726903265
265453,3,-0.04716269680402819
265522,1,0.22342315899394094
265522,2,-0.04216302521686945
265522,3,0.1017384453578285
265800,1,-0.05024662152006128
265800,2,0.3050150608416332
265800,3,0.22120084281557403
265928,1,-0.044199902475542514
265928,2,0.3067834820755795
265928,3,0.16847055997013086
265968,1,0.23600964102489141
265968,2,-0.04927716320635565
265968,3,0.09540894073940528
266017,1,-0.005851625229365341
266017,2,0.11743591308530278
266017,3,0.19788198378895136
266241,1,0.22144309971543882
266241,2,-0.018412100156628402
266241,3,0.10532665479184708
266262,1,0.2264966900562614
266262,2,-0.041213070482737785
266262,3,0.07241449398742207
266379,1,0.18927289456562651
266379,2,0.06940274979389946
266379,3,-0.2569773985741954
266511,1,0.02861854108399003
266511,2,0.008481843819591406
266511,3,-0.03180398247948622
266792,1,0.15888499034666412
266792,2,0.05523520083214341
266792,3,-0.2449330799487274
267351,1,0.22077925054769745
267351,2,-0.041676544083152654
267351,3,0.1033972111163024
267453,1,0.23040638653724754
267453,2,-0.0343948290556193
267453,3,0.09269471252069739
267878,1,0.22422873468201646
267878,2,-0.035885136848844146
267878,3,0.1086254124938101
267946,1,0.2273910364637079
267946,2,-0.04054901374591233
267946,3,0.10846935725756053
268270,1,0.22807350788478087
268270,2,-0.04623241438385093
268270,3,0.0927336088901359
268299,1,0.019368144562475115
268299,2,0.008450676805749048
268299,3,-0.02467409375584209
268474,1,0.2395500760154746
268474,2,-0.0509221123417075
268474,3,0.10503612358776018
268478,1,0.18530137063146324
268478,2,0.054651974306523014
268478,3,-0.2809334087529502
268517,1,0.22363665286399723
268517,2,-0.05590551107739055
268517,3,0.12228740542609991
268769,1,-0.0313862632578947
268769,2,0.10686232780618901
268769,3,0.007309101866767687
268939,1,0.02219251360235711
268939,2,0.0012084150680167153
268939,3,-0.013852346158504447
269006,1,0.23063084206276935
269006,2,-0.009104080850498391
269006,3,0.11917982781392267
269056,1,-0.019956082424754596
269056,2,-0.09342978789169228
269056,3,-0.03390442646882492
269157,1,0.22669597711208836
269157,2,-0.04245534431981685
269157,3,0.09621318454556926
269158,1,-0.022476023736124347
269158,2,-0.07504136479362268
269158,3,-0.030983923112286663
269690,1,0.2328822988074804
269690,2,-0.03481102191631682
269690,3,0.11135710686843839
269703,1,-0.057604755739696874
269703,2,0.2896302519919733
269703,3,0.22189550266783403
