SNP_ID,PC,loading
429722,1,0.2465341509113669
429722,2,-0.13386000295871223
429910,1,0.2719645537750739
429910,2,0.05423224704778282
430132,1,0.011026135395691491
430132,2,0.3977453084922495
430281,1,-0.010565808134182147
430281,2,0.3753472238173828
430736,1,0.2793135652640578
430736,2,-0.13901792596219908
431502,1,0.27222252240118533
431502,2,-0.10834710265994202
431803,1,0.0334588496551587
431803,2,0.40168852442185826
431994,1,-7.894026291127733e-5
431994,2,0.028141772868188343
432065,1,-0.014789347764589492
432065,2,-3.2561728041611426e-4
432576,1,9.490055981243264e-4
432576,2,-0.014660904493680437
432686,1,0.2883558922243226
432686,2,0.013483975736522989
432779,1,0.2894186559788135
432779,2,-0.09074804719902763
433118,1,0.013094165783731189
433118,2,0.3947637373294374
433570,1,0.0019675102595661455
433570,2,0.019522040090091338
434104,1,0.27380825414654536
434104,2,0.019727122609811427
434112,1,0.007232853263672763
434112,2,0.018061632560811766
434524,1,-0.03502270558195077
434524,2,-0.03858449243242999
434639,1,0.27781505618144886
434639,2,0.01735902752842865
434731,1,0.27304281931486335
434731,2,0.059356553132687825
435258,1,0.29040924282557107
435258,2,0.06762710524191483
435442,1,0.2676666470750477
435442,2,0.044010327657011156
435461,1,-0.00399492835042639
435461,2,0.37087367786380815
436345,1,0.05801893182464073
436345,2,-0.04300231811110299
436697,1,0.2812705834291293
436697,2,0.06784265847839387
437462,1,0.279077695469364
437462,2,0.03991045184643653
438185,1,0.004995999601290323
438185,2,0.04278244822322191
438850,1,0.010200432910908813
438850,2,0.4025293596088628
