SNP_ID,PC,loading
134196,1,-0.17204748062072922
134281,1,-0.011386664048563595
134349,1,-0.0028397760359533874
134400,1,-0.22029724887239044
134539,1,-0.24018146811613508
135725,1,0.0043457035450152936
136025,1,-0.23170313972605555
136374,1,-0.2502464145509919
136454,1,-0.24875365885885709
136461,1,0.004561507501076257
136568,1,0.011550713431230819
136721,1,-0.2533381870252918
136983,1,0.004824060332976519
137114,1,-0.24525413512188046
137127,1,0.05785638141178857
137293,1,0.006228710977719434
137310,1,-0.24825306495585261
137454,1,-0.24355811014763912
137674,1,0.11533350460488022
137900,1,-0.2444806728527883
138125,1,-0.24577803413676516
138148,1,-0.2475340208559805
138460,1,-0.24741482803584466
138555,1,-0.2510435090631475
138601,1,0.0380910999701133
138603,1,0.05220980036112202
138620,1,-0.24064498120956504
139154,1,-0.23646804007284541
