SNP_ID,PC,loading
228206,1,-0.08654677176807606
228206,2,0.19607964995988128
228206,3,0.039587240641748976
228355,1,0.1952467038789035
228355,2,0.1980698917591163
228355,3,-0.033911125798492266
228577,1,-0.10319689529663302
228577,2,0.1984571442316007
228577,3,0.06430922543230685
228706,1,0.19443746576802415
228706,2,0.1708339421083351
228706,3,-0.0632790154538944
228740,1,0.19028537316312527
228740,2,0.16309167219608114
228740,3,-0.04680084801228502
228814,1,0.21941121387639861
228814,2,0.16435819447343647
228814,3,-0.05425478530532199
228889,1,0.2262391315867995
228889,2,0.1626031951248335
228889,3,-0.06484947873144249
228998,1,0.20341191858243576
228998,2,0.1814451963766689
228998,3,-0.05260984495663082
229012,1,0.21330158762073087
229012,2,0.16449587093817997
229012,3,-0.0708377454461522
229456,1,-0.21085044868440572
229456,2,0.1616433148090287
229456,3,-0.012764482576241423
229479,1,0.20030239326493948
229479,2,0.1646774630604414
229479,3,-0.03780618225820259
229495,1,-0.09110345709475708
229495,2,0.22194450163045945
229495,3,0.04685011511350326
229679,1,0.013837647814143367
229679,2,0.04240598511912833
229679,3,-0.06530631145188319
229722,1,-0.09056414944590974
229722,2,0.1847936221691796
229722,3,0.056698616917195514
229744,1,-0.002203074999078062
229744,2,0.027115717936723807
229744,3,0.5418113042963837
229978,1,-0.21598892629676267
229978,2,0.14388029813566777
229978,3,0.009898976638233836
230053,1,0.02146037330026441
230053,2,-0.17806623773352254
230053,3,0.16597688369837932
230177,1,-0.22102793918080618
230177,2,0.15553089451564564
230177,3,0.06321642537580681
230516,1,-0.08464939295381038
230516,2,0.20616472944888595
230516,3,0.07496490520774798
230541,1,-0.09998937796449231
230541,2,0.20982997567648407
230541,3,0.05478663629661284
230859,1,-0.2214238046510307
230859,2,0.17945118972979723
230859,3,-0.11837986184168436
230983,1,-0.2180832245128944
230983,2,0.17934840017351203
230983,3,-0.13752255274982683
231090,1,-0.09016072932903531
231090,2,0.20903715927197858
231090,3,0.0873475328744758
231113,1,0.21257236367902357
231113,2,0.17825501199166913
231113,3,-0.06299977949246004
231114,1,0.007249284007463122
231114,2,0.02817934978147666
231114,3,0.5355910938845565
231195,1,0.18652441541336762
231195,2,0.17940845048195694
231195,3,0.48688844130756553
231312,1,-0.2239464872221472
231312,2,0.19434482031933348
231312,3,-0.08141305548951941
231505,1,-0.2284151603008898
231505,2,0.17036566268618222
231505,3,0.05670709218977475
231676,1,0.21145369646033518
231676,2,0.17241974432618087
231676,3,-0.03561562584058001
232011,1,0.1969927581893324
232011,2,0.15121454380338606
232011,3,-0.06154534716729397
232107,1,-0.07364344136018407
232107,2,0.22122038896621182
232107,3,0.08372157069288012
232340,1,0.20677784644049318
232340,2,0.17991240305316836
232340,3,-0.08158908514919537
232580,1,-0.22437911722591078
232580,2,0.1946294353418653
232580,3,-0.17296947324280595
