SNP_ID,PC,loading
93684,1,-0.012882911023490618
93684,2,-0.24037030402931947
93684,3,0.027287857144338692
93718,1,-0.01443565226908324
93718,2,-0.25419757927241915
93718,3,0.030287261853257353
93739,1,-0.005488749453071369
93739,2,-0.2571642389544852
93739,3,0.01244580983047917
93863,1,0.07696177731888762
93863,2,-0.06136891639424115
93863,3,-0.9511984198246655
93931,1,-0.3550909946644274
93931,2,0.1609323929069837
93931,3,-0.11610840958159448
94091,1,0.004734011771110922
94091,2,-0.20843376596282476
94091,3,0.044051211330737215
94528,1,-0.003907986359000195
94528,2,-0.2119012636550801
94528,3,0.03930223573048682
94592,1,0.01468047151001754
94592,2,-0.22854847296667385
94592,3,-0.02932364915779535
94952,1,-0.377790349542959
94952,2,0.049510834822422224
94952,3,0.012060510614041587
95052,1,-0.009877015893115803
95052,2,-0.2350833777019039
95052,3,-0.020179286978125086
95093,1,0.014754856937119972
95093,2,-0.26132439753799225
95093,3,-0.03467095137022334
96166,1,-0.014746641239437999
96166,2,-0.2456870736520805
96166,3,-0.01009929964949965
96923,1,0.021226902117283706
96923,2,0.058521403123251756
96923,3,0.07143574945348677
96931,1,-0.37929504608647047
96931,2,-0.18693063278990082
96931,3,-0.022387788623713323
97122,1,-0.36672518839050844
97122,2,-0.0034704333628906413
97122,3,-0.011765642721729998
97394,1,-0.37983071260065226
97394,2,-0.20277883169815775
97394,3,0.018924570785802494
98930,1,-0.3840239467856496
98930,2,0.04373607047158688
98930,3,-0.01096764176088443
99667,1,-0.13943484227895422
99667,2,-0.005281914376447666
99667,3,0.17466724383696972
99801,1,0.005602789255632281
99801,2,-0.24982750810170054
99801,3,0.0695117729390214
99907,1,0.020007950533379372
99907,2,0.053056103790159986
99907,3,0.09574031308811924
100184,1,0.005067394187625888
100184,2,-0.2205371619821825
100184,3,0.027470813126509952
100272,1,-5.675814808532234e-4
100272,2,-0.24511484633214856
100272,3,0.03087345087547529
100495,1,0.011455097575492464
100495,2,-0.25239897650414955
100495,3,0.011768874670435275
100505,1,0.0061681678113175925
100505,2,-0.23560574408854004
100505,3,-0.01487254945380638
100699,1,-0.3647658369246534
100699,2,0.1369075046840447
100699,3,-0.1356306398623154
100904,1,0.01999271166141365
100904,2,-0.2480163468771408
100904,3,-0.05030620788419761
