SNP_ID,PC,loading
537678,1,-0.2278304881675934
537678,2,-0.21546792847156335
537678,3,0.07528082794477411
537678,4,-0.0015557675597115085
538203,1,0.22303443447240967
538203,2,-0.2094518500636658
538203,3,0.1769548404318975
538203,4,-0.2759639848144752
538230,1,-0.25647938311056984
538230,2,-0.2211645303529512
538230,3,0.10934554530580812
538230,4,0.008861237788954573
538235,1,-0.014697633557344564
538235,2,-0.1309942527647673
538235,3,-0.25190605079734574
538235,4,-0.04416922853349215
538247,1,0.24634397774707553
538247,2,-0.20222801730016823
538247,3,0.13669898439283176
538247,4,-0.28371436692198565
538418,1,-0.009356713979513893
538418,2,0.03839583719461684
538418,3,0.08746820111743293
538418,4,0.01731472596930837
538814,1,-0.030064499959493896
538814,2,-0.031065625042546695
538814,3,0.00445330791502694
538814,4,-0.027637095121926053
538829,1,0.2537565652106892
538829,2,-0.23979439232719163
538829,3,0.06531270247696908
538829,4,0.01697589426412663
538868,1,-0.005104380407966035
538868,2,0.01453119867916716
538868,3,-0.06630381904036584
538868,4,0.20581624486399033
539018,1,0.23632979770582638
539018,2,-0.19324454976873987
539018,3,-0.17515025674684287
539018,4,0.21356326636311115
539123,1,0.24040971878733133
539123,2,-0.22994150243273084
539123,3,0.028423539716729868
539123,4,0.22067500436071447
539363,1,-0.2459299081888705
539363,2,-0.21260341331414084
539363,3,0.0794455341640672
539363,4,0.0028877234128036585
539572,1,0.2639680983969661
539572,2,-0.2106026623512726
539572,3,0.060150669150043086
539572,4,0.022109363087089842
539650,1,-0.009239354306034807
539650,2,-0.1134433150516395
539650,3,-0.2364700294978298
539650,4,0.0023396470093555626
539833,1,-0.010186087564395431
539833,2,-0.15029648726404826
539833,3,-0.2488064703586993
539833,4,-0.049012887344674155
539878,1,0.21357674078641276
539878,2,-0.23730003141848433
539878,3,-0.05621371278127557
539878,4,0.3093060948827681
539926,1,-0.22761373937619275
539926,2,-0.1780623546862355
539926,3,0.12464612643402226
539926,4,-0.11123265613078401
540747,1,-0.023285278079126264
540747,2,-0.15955617308583586
540747,3,-0.2608419409228421
540747,4,-0.05341625798114565
540987,1,0.17262859725415303
540987,2,-0.13143848137120145
540987,3,0.12479944817190032
540987,4,-0.5037222853803401
541262,1,-0.24223773618195893
541262,2,-0.19520943028991916
541262,3,0.002207906546376504
541262,4,0.0665726045993597
541335,1,-0.24916270543409494
541335,2,-0.1987266143072691
541335,3,0.016750304974902618
541335,4,0.06703478859177055
541589,1,0.25870737062298765
541589,2,-0.20858188348854773
541589,3,-0.001385467727302949
541589,4,0.16443249733480444
541855,1,-0.020774111193822838
541855,2,-0.15452339448144134
541855,3,-0.25650177922488837
541855,4,-0.08491675019177261
542336,1,-0.02579147226753508
542336,2,-0.0024684474578113564
542336,3,0.05714604195039322
542336,4,-0.09272113811260367
542674,1,-0.09447433453162499
542674,2,-0.20667279940068356
542674,3,-0.024709132256773708
542674,4,-0.3647846667276338
542700,1,0.01985893109582397
542700,2,0.007091207949104035
542700,3,-0.043370776624820494
542700,4,0.2290266783784096
542769,1,-0.01407246205953386
542769,2,0.017804897691108223
542769,3,-0.029148578162178734
542769,4,0.024110566861053076
542863,1,-0.26330729183460605
542863,2,-0.1931001135050241
542863,3,-0.0200123409870671
542863,4,0.07105569021107462
543286,1,-0.005406542240044242
543286,2,-0.13553195969326046
543286,3,-0.2659919354463244
543286,4,-0.04882329502206381
543293,1,-0.009842083552880238
543293,2,0.03831717764290507
543293,3,-0.055430554710442656
543293,4,0.055492471572695254
543301,1,-0.01140682805210701
543301,2,-0.1423482527120582
543301,3,-0.30683109999163377
543301,4,-0.02335473470918157
543616,1,0.03087781514104994
543616,2,0.2667313467084424
543616,3,-0.5121210206797764
543616,4,-0.28742398681390774
543638,1,-0.02157957500521949
543638,2,-0.13311146659737766
543638,3,-0.2475254707638656
543638,4,-0.03888267036591506
543744,1,-0.2552807657330577
543744,2,-0.1984899205115594
543744,3,0.011223176786286768
543744,4,0.045833552557209736
544015,1,-0.003482142140310181
544015,2,0.053680668129017124
544015,3,-0.1622324331554678
544015,4,0.024603771299255485
