SNP_ID,PC,loading
520723,1,0.0033727128815520696
520723,2,-0.002593667698617016
520723,3,0.22716059045238565
520723,4,-0.06740122679248678
520723,5,0.2680026897782815
520723,6,-0.17500645481029822
521770,1,0.0629135222106597
521770,2,-0.38424983672342805
521770,3,-0.058185548166989454
521770,4,7.887577122173168e-4
521770,5,-0.0886105860910155
521770,6,0.05427593461623799
521982,1,0.006068584063158302
521982,2,-0.00772127958507251
521982,3,0.04232824203195112
521982,4,-0.003557741722478286
521982,5,0.04865926902844467
521982,6,0.16704397941324128
523267,1,0.06712753965864537
523267,2,-0.3817709779676998
523267,3,-0.04702483421450726
523267,4,-0.04947435144947189
523267,5,-0.08481328561878397
523267,6,-0.0679771904716366
526252,1,0.029376777332703684
526252,2,-0.004194391080368211
526252,3,0.08989087583872032
526252,4,0.9473710739408588
526252,5,0.021651877907444304
526252,6,-0.08543791999749448
526276,1,0.03395708039281227
526276,2,-0.4068054433266677
526276,3,-0.06909737136665209
526276,4,-0.03736439636561038
526276,5,-0.049385668695999446
526276,6,0.044569969944033075
526766,1,-0.08236134471030414
526766,2,0.022498766448132555
526766,3,-0.029975148159318146
526766,4,-0.13957593743938843
526766,5,0.3289227486300079
526766,6,-0.05700722326039574
527495,1,0.4929496318238147
527495,2,0.22697182538112948
527495,3,0.22130336495475436
527495,4,-0.034154834833647695
527495,5,-0.06643396165200385
527495,6,0.5756047809829342
527676,1,0.0712833351048066
527676,2,-0.41991815811391847
527676,3,-0.08516259315052173
527676,4,0.0072519049253818545
527676,5,-0.105991977847767
527676,6,0.018299805215483026
528866,1,0.48490539364644375
528866,2,-0.20307258092472802
528866,3,0.573546013599867
528866,4,-0.07041864754528866
528866,5,0.24964001683953344
528866,6,-0.06346178743591956
528873,1,-0.025651803517888178
528873,2,-0.0029158235113521253
528873,3,0.29949307616957505
528873,4,-0.019774429422310967
528873,5,0.2456799660970023
528873,6,-0.45966306543633195
529389,1,-0.06630437537387043
529389,2,-0.002989438084321733
529389,3,-0.3101484289000303
529389,4,-0.024670382301639517
529389,5,0.6878710829043759
529389,6,0.18909221674960094
529615,1,0.5090777828831503
529615,2,-0.055214121303403876
529615,3,-0.524545303259124
529615,4,0.09324872091599809
529615,5,0.22719005448950572
529615,6,-0.1986368419197094
530260,1,0.006790613246922846
530260,2,0.013619619938337487
530260,3,-0.017628893390998105
530260,4,-0.043905692601132584
530260,5,-0.18571785764476897
530260,6,-0.09549515098013081
530310,1,0.15140070682764478
530310,2,0.10300318509603157
530310,3,-0.008134856555435345
530310,4,-0.1785199069412321
530310,5,-0.11178222971684564
530310,6,-0.44286043623375376
530812,1,0.08561835609239488
530812,2,-0.4176920498669887
530812,3,-0.03428158055802521
530812,4,2.671922853927319e-4
530812,5,-0.026676332577405346
530812,6,0.07203589786754394
530838,1,-0.03846858677938722
530838,2,-0.005061907508475174
530838,3,-0.04799121630984449
530838,4,-0.0041208734686218555
530838,5,0.18461583220635921
530838,6,0.2291658249598933
531174,1,0.4495476345204784
531174,2,0.2880523884932632
531174,3,-0.27406810847169455
531174,4,-0.02743205368353882
531174,5,-0.1868007308976309
531174,6,-0.19004196140132928
531221,1,0.03725646444692518
531221,2,0.01042121465396127
531221,3,0.04548295990516191
531221,4,0.155457535046222
531221,5,0.14099554965362393
531221,6,0.010668041707032188
