SNP_ID,PC,loading
110761,1,0.08090388946314674
110761,2,0.050764649097949456
110761,3,-0.024038465383759814
110771,1,-0.0239388396775305
110771,2,0.16178707323902186
110771,3,-2.6019471220688857e-4
112877,1,-0.03350076358381189
112877,2,-0.7727685137330718
112877,3,-0.031173824336956875
113620,1,-0.011733386232725405
113620,2,0.13106356839894384
113620,3,-0.039273093131476644
116465,1,0.014192264911269887
116465,2,-0.018000855049189364
116465,3,0.30816584424056187
116787,1,0.3106104658612844
116787,2,0.009814922321404466
116787,3,0.10623287320619781
118008,1,0.012336671477331373
118008,2,-0.01553652092055452
118008,3,0.2779856001539758
118034,1,-0.01949218631809773
118034,2,0.19694493564103258
118034,3,0.059226840560439774
118087,1,0.004980616390130443
118087,2,0.005093890249631866
118087,3,0.28088340353113717
118150,1,0.0082979567029598
118150,2,-0.004480096559501576
118150,3,0.32614169586263536
119730,1,0.007883353639651456
119730,2,9.476692774088672e-4
119730,3,0.26601368241781154
120093,1,0.010693688536242014
120093,2,-0.026740948141779956
120093,3,0.2795000351181899
120127,1,0.014283917033990267
120127,2,-0.01890118984601703
120127,3,0.28004986174067786
120471,1,0.28442025088069334
120471,2,-0.009696304075949284
120471,3,0.13033886194321276
121310,1,0.29053392963387487
121310,2,-0.005371460649379349
121310,3,-0.22244790849418475
121470,1,0.004578751477957146
121470,2,-0.021005823965052548
121470,3,0.26727030027728305
121478,1,0.3259235352275417
121478,2,0.05519896624797964
121478,3,0.0876253498146064
121824,1,0.3149777395814197
121824,2,0.031366615873972326
121824,3,0.08955898917166359
121976,1,0.3213647719972025
121976,2,0.030426426722845477
121976,3,0.08864285279626978
122508,1,0.32051363366770413
122508,2,-0.007058520084447402
122508,3,-0.3002605632943602
124302,1,0.3150709413861194
124302,2,0.03604576068299102
124302,3,0.06565718230560491
124412,1,0.32084251949633347
124412,2,0.006914535419481117
124412,3,0.08937901729911624
124431,1,-0.021354367451500402
124431,2,6.464103310891578e-4
124431,3,-0.013569357745428006
125121,1,-0.11492251990847255
125121,2,0.5560960577875871
125121,3,-0.039951962680484995
125538,1,0.3178328653372072
125538,2,-0.011093755091431946
125538,3,-0.23271369163221559
126149,1,0.01664681179886257
126149,2,0.006843611239843525
126149,3,0.27828763603492435
