SNP_ID,PC,loading
294247,1,0.10001985450860938
294247,2,-0.10899969537890768
294247,3,0.027041363219567686
294247,4,-0.060051443994355906
294247,5,0.0206320462916018
294247,6,-0.15388503052828348
294247,7,0.11527737835882503
294515,1,-0.018454220001732913
294515,2,-0.013820013354215233
294515,3,0.0457383177919188
294515,4,-0.016535017446915684
294515,5,-0.11993961813753413
294515,6,0.05609428315062365
294515,7,-0.032792836839060244
294916,1,0.1244935341856479
294916,2,-0.2397591245312216
294916,3,0.34475312654289847
294916,4,-0.24104208047605394
294916,5,-0.17977290750974992
294916,6,0.06023182255192144
294916,7,0.049566406824074316
295139,1,0.005050634794705966
295139,2,0.10011796178061849
295139,3,0.03165526230611011
295139,4,-0.10714069302801532
295139,5,0.167709718507489
295139,6,-0.26368063975310674
295139,7,0.1584307816541805
295211,1,-0.009647456384738198
295211,2,-0.02883777750025518
295211,3,-0.0055777521297627475
295211,4,0.08431223167549534
295211,5,-0.05284607134681382
295211,6,-0.06592402378027173
295211,7,0.060993492646676514
295239,1,0.30581577809182803
295239,2,0.24541240756773453
295239,3,-0.025354748118045944
295239,4,0.07161361126698693
295239,5,0.24303914378025046
295239,6,-0.04098259803850762
295239,7,-0.07236194726903547
295312,1,0.2573842013437582
295312,2,0.15680989926055813
295312,3,0.2204659229807946
295312,4,-0.08499396328886016
295312,5,-0.00831159514351315
295312,6,0.0760874018676515
295312,7,-0.012963248694646129
295521,1,0.24411089710182646
295521,2,0.16757179888806736
295521,3,0.20883156398217476
295521,4,-0.16161034880105785
295521,5,0.005171099565045842
295521,6,0.11202005618565491
295521,7,0.0076261679857171916
295554,1,0.15370643534546563
295554,2,-0.21233043786050906
295554,3,0.09275927711144792
295554,4,0.02317200062630581
295554,5,0.03191958693334947
295554,6,-0.16679521352964335
295554,7,0.08716533517971764
295645,1,-0.15777682044141975
295645,2,-0.13433003701931445
295645,3,-0.10615253858740076
295645,4,-0.004310127749833442
295645,5,0.32133499698967183
295645,6,0.5323222437856936
295645,7,-0.17764061374323586
295866,1,0.24985739367938492
295866,2,0.18251063580115523
295866,3,0.15950451167750695
295866,4,-0.12253658172744955
295866,5,0.0010124723340066283
295866,6,0.14474568567479396
295866,7,-0.03495122309274512
296172,1,0.2388231625881803
296172,2,0.17451592626362553
296172,3,0.22815206678387304
296172,4,-0.18717932739542928
296172,5,0.0027468729270403378
296172,6,0.13582539723220843
296172,7,-0.026376265608473032
296565,1,0.06814043690545321
296565,2,-0.1237528827497359
296565,3,0.02030282746300248
296565,4,-0.008376075416340011
296565,5,-0.004434703576219385
296565,6,-0.007916031467829557
296565,7,-0.005051649235850775
298205,1,-0.06212237398870761
298205,2,-0.05113424421850687
298205,3,0.25594374284197813
298205,4,-0.32698949795610743
298205,5,-0.18590703206165876
298205,6,0.18720467342901406
298205,7,-0.004847200918764599
298735,1,0.3087306033511492
298735,2,0.18528167021204475
298735,3,-0.02140938271156814
298735,4,0.10235307496692847
298735,5,0.19055970322057453
298735,6,-0.006540370072043552
298735,7,-0.017509198015313407
298983,1,0.159829783760547
298983,2,-0.23214480642517166
298983,3,0.05320846641194593
298983,4,-0.010238823529901507
298983,5,0.03723663970481689
298983,6,-0.18808405302687944
298983,7,0.06719289222453802
299032,1,0.29234050004626966
299032,2,0.26049053005251216
299032,3,-0.015498002836573856
299032,4,0.12667229304500116
299032,5,0.16819652138876223
299032,6,-0.038194626708656976
299032,7,0.06670650090898608
299436,1,0.0431214999566721
299436,2,0.14079632950131318
299436,3,0.11531922484035827
299436,4,0.1408285432735264
299436,5,-0.08900129692736515
299436,6,-0.08975188652421087
299436,7,-0.682459402701129
299483,1,0.15383675763435004
299483,2,-0.22700932253489925
299483,3,0.019029585021517505
299483,4,0.03479217655792076
299483,5,0.029438652712671126
299483,6,-0.10559104423924541
299483,7,-0.009834697514083467
299498,1,0.0033300349658282103
299498,2,-0.014118496748018745
299498,3,-0.020592553126269033
299498,4,-0.025544374835721865
299498,5,-0.012719529926877395
299498,6,0.011947324813132753
299498,7,0.03282865376815892
299615,1,0.2428918316901838
299615,2,-0.06758660389329302
299615,3,-0.1946654929005792
299615,4,0.323962260533068
299615,5,-0.49767815746826316
299615,6,0.2035269292303234
299615,7,-0.06303292307343387
299759,1,0.29399456837044097
299759,2,-0.009814923960190316
299759,3,-0.2621610147610664
299759,4,0.17382573679077407
299759,5,-0.239217959165903
299759,6,0.3674252048279249
299759,7,0.3917874187499464
300011,1,-0.09199440863313982
300011,2,-0.05160525961389477
300011,3,0.24421328557595506
300011,4,-0.24531150883014016
300011,5,-0.2096528641301696
300011,6,0.1622047365348082
300011,7,0.005593176587586707
300079,1,0.00622644846216121
300079,2,0.010383818026337716
300079,3,-0.03194021049007905
300079,4,-0.03469255842756143
300079,5,-0.03245041478678498
300079,6,0.002552228679984574
300079,7,0.09686888439964234
300086,1,0.009257067248188146
300086,2,0.04271910104939099
300086,3,-0.02658581471958107
300086,4,-5.223490140790182e-4
300086,5,-0.0400676234243628
300086,6,0.046177305427472566
300086,7,0.19389164968539463
300267,1,0.08770356605158927
300267,2,0.065599400650983
300267,3,-0.40479746493777835
300267,4,-0.4644079570454687
300267,5,0.019838639167667274
300267,6,-0.05201844954791521
300267,7,-0.010607156489920985
300482,1,0.06502540272924298
300482,2,0.048369872219003796
300482,3,-0.38988460687560994
300482,4,-0.46051497411738107
300482,5,0.052479914039620115
300482,6,-0.002943318752530552
300482,7,0.04466264747550844
301305,1,0.12867923995355227
301305,2,-0.22180577191466364
301305,3,0.007949618583475565
301305,4,0.007344294321227115
301305,5,0.04281915885367683
301305,6,-0.013219805048176592
301305,7,-0.04124485547773145
301641,1,0.03857317222803187
301641,2,-0.28151489261660584
301641,3,0.036418114307906216
301641,4,0.04356099404555331
301641,5,0.49487764052137506
301641,6,0.4107347883264736
301641,7,-0.039377400319179856
301763,1,0.04965679085947042
301763,2,-0.028646192304538923
301763,3,-0.025955251900953786
301763,4,0.02516519435764826
301763,5,-0.07223750878726873
301763,6,0.1034637670476604
301763,7,-0.10355951948373718
301767,1,0.1456700798557679
301767,2,-0.20300790874598523
301767,3,0.033628365995426
301767,4,0.034795573695774185
301767,5,0.04531848426850345
301767,6,-0.05004730241492058
301767,7,-0.048276371845281815
301776,1,0.03363002596905349
301776,2,-0.018050581235960338
301776,3,-0.03711854849436529
301776,4,0.010013072355557586
301776,5,-0.033870553699648205
301776,6,0.07992682158844615
301776,7,-0.1325624689265178
301830,1,0.13592358925899417
301830,2,-0.19589123538491848
301830,3,0.006821731233599948
301830,4,-0.025363108213255933
301830,5,-0.004497680895259121
301830,6,-0.07593550217758108
301830,7,-0.04755299994219931
301894,1,0.19377598151238482
301894,2,-0.1524821521927658
301894,3,-0.3373583751437896
301894,4,-0.2134909119821556
301894,5,-0.15582782118181168
301894,6,-0.032527187804429446
301894,7,-0.4303270577568606
302213,1,0.15140497549693
302213,2,-0.21880277098302983
302213,3,0.0029310808382274796
302213,4,-0.0055625137344858175
302213,5,0.08271059621988243
302213,6,-0.12257063806558055
302213,7,-0.05887284369001902
302244,1,0.13185634754903747
302244,2,-0.23253378459380566
302244,3,0.0029204813881752068
302244,4,0.015023245195973084
302244,5,0.04139838590061024
302244,6,-0.10815457290191707
302244,7,0.008740588839013394
302314,1,0.12739188076995664
302314,2,-0.20781651495593637
302314,3,0.003674710948469271
302314,4,-0.004180222793292594
302314,5,0.043343420941669035
302314,6,-0.014339598387861054
302314,7,0.01017322656110094
302382,1,0.15801826914930794
302382,2,-0.2019076102943138
302382,3,0.03475464710330662
302382,4,0.018722668651560748
302382,5,0.06649432006256277
302382,6,-0.06260081283471372
302382,7,0.004925426943298367
