SNP_ID,PC,loading
476285,1,0.486913619802841
476285,2,-0.31324873578837636
476285,3,0.07113168189212002
476285,4,-0.07949263783389666
476285,5,0.16023519722680202
476285,6,-0.0061211478772040875
476285,7,0.08685310452721591
476469,1,-0.0013102877825629487
476469,2,-0.2636833983100244
476469,3,-0.07211657136980601
476469,4,0.06409010539346367
476469,5,-0.013648537919258668
476469,6,0.028094459212003247
476469,7,0.17649718760255725
477165,1,-0.021003722756407637
477165,2,-0.07734889606993724
477165,3,0.07673452810430346
477165,4,-0.060087983364116
477165,5,-0.012137133468855596
477165,6,0.0273356549734862
477165,7,-0.020544191519846648
479319,1,0.5493922867275778
479319,2,0.05941475429803241
479319,3,0.058213250352328307
479319,4,-0.03639578937054224
479319,5,0.14974533858050482
479319,6,0.08647779892420518
479319,7,-0.08953890360753813
479450,1,0.27606720010116065
479450,2,0.09842820425773888
479450,3,-0.04189857229809643
479450,4,-0.14114635397403924
479450,5,-0.32478293680683223
479450,6,-0.38084703286601107
479450,7,-0.07863075614866857
480851,1,0.062187105310978236
480851,2,-0.009830733350451386
480851,3,0.08304028171365459
480851,4,0.07495333437900764
480851,5,-0.1277743479438022
480851,6,-0.03324714791875081
480851,7,0.014870565414076884
481193,1,0.014303762330854012
481193,2,-0.4262213791404165
481193,3,-0.07382310215886197
481193,4,-0.03771547753224195
481193,5,-0.015578287047659851
481193,6,0.02232691597188424
481193,7,0.1453374426559237
481929,1,-0.22530483439799112
481929,2,-0.05093363063642699
481929,3,0.3502637491937573
481929,4,-0.7777301070761099
481929,5,0.19659753756530945
481929,6,-0.06778589155887108
481929,7,-0.12125439611269341
483893,1,-0.03046891132504663
483893,2,-0.0010708698902624622
483893,3,0.11118777142808384
483893,4,-0.09859422686806095
483893,5,-0.013946317186071642
483893,6,0.050286753738416304
483893,7,-0.020828882868120343
483933,1,0.16903938110614045
483933,2,0.06280583325669008
483933,3,-0.1594751665576575
483933,4,-0.24404914851553514
483933,5,-0.120252437701716
483933,6,-0.2979118501063569
483933,7,-0.07229515150736959
484732,1,0.008229471400009793
484732,2,-0.4250165926848132
484732,3,-0.07040460158952895
484732,4,-0.07507768379754294
484732,5,5.361362964423739e-4
484732,6,-0.025590107623736216
484732,7,0.08597917512426628
484754,1,0.5276373567573036
484754,2,0.07835479978577929
484754,3,0.07482964532120148
484754,4,-0.016101897817657664
484754,5,0.13155634777242556
484754,6,0.041672118927330935
484754,7,-0.09523838250253813
485321,1,-0.01950352875643154
485321,2,-0.43646083723814644
485321,3,-0.03403834202048077
485321,4,-0.03806667213975536
485321,5,0.01913496846032013
485321,6,0.01407341534656047
485321,7,0.13821235132739712
486247,1,-0.06353410618778232
486247,2,-0.46308795135759706
486247,3,-0.10087505441728953
486247,4,0.14119583661725763
486247,5,-2.900694039237239e-4
486247,6,-0.22224494965201463
486247,7,-0.3700955334257263
486549,1,-0.05121713321943638
486549,2,-0.012544649976385932
486549,3,-0.004346962671642973
486549,4,0.14075868554881654
486549,5,-0.07252770937286035
486549,6,-0.1477582704970279
486549,7,-0.3122368576280725
486581,1,0.019912408989609998
486581,2,0.00451726395574067
486581,3,0.03717569632529378
486581,4,0.01330707740641207
486581,5,0.024935141960197922
486581,6,0.0842970494065023
486581,7,-0.13581830814553877
486612,1,0.015973407831700554
486612,2,0.018778042529267937
486612,3,-0.005904764302195077
486612,4,0.1355118111422306
486612,5,0.008244516773815502
486612,6,-0.10512529372804415
486612,7,0.15910774169185532
486714,1,-0.06225389528122402
486714,2,-0.009490848956544293
486714,3,-0.11858279018449283
486714,4,-0.13758985444689897
486714,5,0.3354130097931271
486714,6,-0.21990660438682585
486714,7,-0.33680295521007625
486721,1,0.030642339605989877
486721,2,0.04538252531725424
486721,3,0.04156420982312288
486721,4,0.011632240383533263
486721,5,0.08316202698506833
486721,6,0.0890628839127533
486721,7,-0.09026128849356524
486727,1,0.02429853969343323
486727,2,0.01572434627059701
486727,3,-0.00401074017401742
486727,4,-0.04048461005843649
486727,5,0.023839827241466414
486727,6,0.09004860227693764
486727,7,-0.0915570030536965
486742,1,-0.07136485854992154
486742,2,0.09899419677426209
486742,3,0.11606961851356233
486742,4,0.24183458781659295
486742,5,0.6759964348716021
486742,6,-0.4803644004282682
486742,7,0.33018023459347634
486755,1,-0.054414449179928825
486755,2,-0.043336316344025815
486755,3,-0.05016424203103452
486755,4,0.23657239253985848
486755,5,0.018616541730672204
486755,6,-0.22754856083455358
486755,7,-0.4930879531169109
486767,1,0.015238660934202557
486767,2,0.05608708219834725
486767,3,-0.1142679328994562
486767,4,-0.1443614754228689
486767,5,-0.324798478407795
486767,6,-0.5235480730257659
486767,7,0.30465818542034345
486793,1,0.00772405569761101
486793,2,0.04432288649629178
486793,3,-0.04173822030673551
486793,4,0.03238703134966964
486793,5,-0.04563958511672681
486793,6,-0.10751998098758526
486793,7,0.03878457319179372
486794,1,-0.005484201747856548
486794,2,0.11347852005336133
486794,3,-0.855020806673834
486794,4,-0.24536582228894868
486794,5,0.2247095805090158
486794,6,0.14280259076644103
486794,7,0.038895412939561495
486810,1,-0.012207726409521944
486810,2,-0.02289172113695871
486810,3,0.07000930532259962
486810,4,-0.02542418106503177
486810,5,-0.13118629596271053
486810,6,-0.058890584341137156
486810,7,0.1150292749170727
