SNP_ID,PC,loading
344079,1,-0.03609052816307712
344079,2,0.32882523632439764
344079,3,-0.13998760393999826
344079,4,0.13203435633020122
344079,5,-0.019614564422275233
344079,6,0.06100782373452459
344079,7,-0.012857291289889867
344195,1,-0.1783584391908631
344195,2,0.007927513535608277
344195,3,0.08841893947000776
344195,4,-0.1295597367842039
344195,5,0.13375099412792063
344195,6,-0.10528765410322434
344195,7,-0.2833630324957456
344514,1,0.05287904507175645
344514,2,-0.020423206197824707
344514,3,0.12779232752377676
344514,4,0.05879094591140169
344514,5,0.17606195812555547
344514,6,0.03827686837810908
344514,7,0.058694698616128846
344631,1,-0.23244791497515924
344631,2,0.3048778667252465
344631,3,-0.060093143727541626
344631,4,-0.0016970185731841614
344631,5,0.11837071149235982
344631,6,-0.096018997465116
344631,7,-0.3131064025265037
345143,1,-0.033441130924465906
345143,2,0.05427138714338498
345143,3,-0.07101893616416326
345143,4,-0.16434771162149786
345143,5,0.053424030450095306
345143,6,0.04631837643587599
345143,7,0.1392714254545351
345165,1,-0.02428105399006599
345165,2,0.08992448306581247
345165,3,-0.05318100249924881
345165,4,-0.1510516413673025
345165,5,0.03470910788587952
345165,6,0.0042776305179063915
345165,7,0.1525990129561579
345399,1,-0.19711536299692548
345399,2,0.3434056067032104
345399,3,-0.038693036446443056
345399,4,0.005321190041212093
345399,5,0.12971977217588493
345399,6,-0.002945508272039127
345399,7,-0.27191756063547523
345617,1,-0.15903683100671018
345617,2,0.12040222493243291
345617,3,0.06012634735832982
345617,4,-0.23090524045927896
345617,5,0.22461704963516332
345617,6,-0.08383397050079791
345617,7,-0.12111061570555923
345864,1,-0.24941241746427817
345864,2,0.22494779048227742
345864,3,-0.07605579925174052
345864,4,-0.00313358182736706
345864,5,-0.4918887458099355
345864,6,-0.07085100035491235
345864,7,-0.10298992612326895
346676,1,0.0042758071250970225
346676,2,0.08709085564017856
346676,3,-0.09034888255809345
346676,4,0.04275510735943151
346676,5,1.3052406266484545e-4
346676,6,0.11462094702394236
346676,7,0.06352150220843923
346751,1,-0.2762723963289295
346751,2,0.2500367395708764
346751,3,-0.1297023389946172
346751,4,0.15262227687514276
346751,5,-0.25794184670112236
346751,6,0.028369880963695145
346751,7,-0.11880218486359322
346923,1,-0.009798103898105967
346923,2,0.08210933447292942
346923,3,-0.11078999689852136
346923,4,0.035830700212596364
346923,5,-0.007068200917166497
346923,6,0.08358051310670558
346923,7,0.13084801637381005
346961,1,-0.034407590898084435
346961,2,0.16165988960260622
346961,3,-0.13428715399003524
346961,4,-0.10425551552443743
346961,5,0.04729003895014418
346961,6,0.09420632935215562
346961,7,0.224669736712574
346985,1,-0.027398333787117427
346985,2,0.17652920386707974
346985,3,-0.14143349988267323
346985,4,-0.07646205313112871
346985,5,0.07040248514873029
346985,6,0.13286975265850626
346985,7,0.2241310560428021
347009,1,-0.028319572218364893
347009,2,0.15937997059977374
347009,3,-0.14070645452852457
347009,4,-0.06129672461291132
347009,5,0.04793553393768974
347009,6,0.11396237043624372
347009,7,0.2143141791555517
347165,1,-0.027376212295669916
347165,2,0.06319593128122004
347165,3,-0.06495531474296654
347165,4,-0.11341814259104993
347165,5,0.056637285999859475
347165,6,0.03647363940814552
347165,7,0.11872849231274656
347202,1,-0.02130285449565252
347202,2,0.054293362476489845
347202,3,-0.04357490852738436
347202,4,-0.14254954747701776
347202,5,0.06612881042659954
347202,6,0.02224039870308899
347202,7,0.15500686495688656
347355,1,-0.3116309838452054
347355,2,-0.15576072011311534
347355,3,-0.02486031841455709
347355,4,0.1672334086558112
347355,5,-0.1924918681070045
347355,6,0.10437851461895999
347355,7,-0.09237518261533581
347459,1,-0.06642585771606704
347459,2,0.08542239778732304
347459,3,-0.051442977789416304
347459,4,-0.27066996831733847
347459,5,0.09802743032822876
347459,6,0.06473170613080972
347459,7,0.05735627201610615
347558,1,-0.06032984693295887
347558,2,0.04543898094691904
347558,3,-0.054367391627588406
347558,4,-0.13984994375958365
347558,5,0.08039712555442574
347558,6,0.029050264015215613
347558,7,-0.058042286420744535
347581,1,-0.04157359724876353
347581,2,0.03125884024293458
347581,3,-0.05178188276148168
347581,4,-0.1554447800768681
347581,5,0.05227004634364299
347581,6,4.639472429165568e-4
347581,7,-0.03682041876424588
347587,1,-0.0364656258895245
347587,2,0.030658547089164098
347587,3,-0.07019713358264731
347587,4,-0.16389833643595636
347587,5,0.08027653818721595
347587,6,0.06034962456880452
347587,7,-0.02552287879399507
347590,1,-0.06075549616911007
347590,2,0.04332608106294655
347590,3,-0.027184443080347516
347590,4,-0.16823041636796937
347590,5,0.10268297178646983
347590,6,-0.016376484878500554
347590,7,0.014159863676903896
347650,1,-0.3254944177751873
347650,2,-0.0821177954530096
347650,3,-0.1465428336255583
347650,4,0.09588511165878906
347650,5,-0.06993734434925618
347650,6,0.16902370576082984
347650,7,0.24258246984362186
347723,1,-0.29248053585656875
347723,2,-0.26286193529298074
347723,3,0.08729516609459481
347723,4,0.05412860907885335
347723,5,0.06105421356111978
347723,6,0.08328268829489259
347723,7,-0.07722660888114025
347726,1,-0.29410576572514924
347726,2,-0.24684420137166188
347726,3,0.10531961118783939
347726,4,0.057679142047061385
347726,5,0.06653111235210166
347726,6,0.018460039149981358
347726,7,-0.06843697477992122
347750,1,-0.3112381532394657
347750,2,-0.19443510051136836
347750,3,0.03307984131894699
347750,4,-0.08127688808784102
347750,5,0.16544471169261749
347750,6,0.11310186837171364
347750,7,0.12149247808341258
347785,1,-0.30675038873154103
347785,2,-0.08963689254878825
347785,3,-0.06709393372752226
347785,4,0.013078766302472372
347785,5,0.002771095731733765
347785,6,0.04283904284017597
347785,7,0.36806819743024205
347820,1,-0.25631705001149807
347820,2,-0.19833531643441102
347820,3,0.13552511605264847
347820,4,0.04201917998758495
347820,5,0.08178474434265655
347820,6,0.14341064628584324
347820,7,-0.02678506861618121
347870,1,-0.026567560199524196
347870,2,0.04972085419502011
347870,3,-0.08535710469678101
347870,4,0.07530939567897792
347870,5,-0.0058192260855589205
347870,6,0.06302595777326774
347870,7,0.1571622074954332
347908,1,0.14617831778285845
347908,2,0.1714762080880773
347908,3,0.09227808070889897
347908,4,0.4750361361164486
347908,5,-0.005711900396894273
347908,6,0.5091558709450517
347908,7,0.004864068981742263
348010,1,-0.0056692857879865645
348010,2,0.07821007256843461
348010,3,-0.04291771844764968
348010,4,-0.13308093976551968
348010,5,0.10504468016030284
348010,6,0.046612577978925644
348010,7,0.08254969528422566
348165,1,-0.09593829846344493
348165,2,0.2676052246069316
348165,3,0.517574794573407
348165,4,0.10346938369948122
348165,5,0.04755857693588307
348165,6,-0.18529439121958652
348165,7,0.24829518247522042
348166,1,-0.11334284852720329
348166,2,0.24810189910541217
348166,3,0.5535921062407313
348166,4,0.12315298210099393
348166,5,0.0924827715239171
348166,6,-0.12030327698585998
348166,7,0.21187472247228775
348188,1,-0.0024060889873138286
348188,2,-0.07838455441699198
348188,3,-0.01296491093054071
348188,4,-0.04699506355644266
348188,5,-0.42516995420475223
348188,6,-0.4063042340557139
348188,7,0.2067818280781753
348319,1,-0.030641790240316047
348319,2,0.034363218988900476
348319,3,0.22460080269753357
348319,4,-0.36624784612662137
348319,5,-0.38208499890185277
348319,6,0.08801517985918429
348319,7,0.07290863379068649
348334,1,0.09972675736262089
348334,2,0.007077546495047715
348334,3,0.33367478085598645
348334,4,-0.3790905531773014
348334,5,-0.2667083720878254
348334,6,0.5657886849825875
348334,7,-0.1792422840676345
