SNP_ID,PC,loading
204830,1,-0.3048318432113989
204830,2,0.004061472965384116
204830,3,0.14761220833597177
205882,1,-0.010468435635839839
205882,2,-0.09615596401287202
205882,3,0.3949036356420464
206402,1,-0.29131965802640164
206402,2,-0.03757475651114363
206402,3,0.13105436826470734
207416,1,-0.30309927030096334
207416,2,-0.0112953942246657
207416,3,0.08789643315956973
207889,1,-0.2965925105023329
207889,2,-0.00752966072244531
207889,3,-0.19574014074924656
207903,1,0.01152697329067012
207903,2,0.27670867455373244
207903,3,0.04335847065761332
208168,1,-0.27997335529002343
208168,2,0.15092615170090065
208168,3,0.16543581952712996
208344,1,0.042651801455907364
208344,2,-0.05441693377473539
208344,3,-0.03356376380377865
208345,1,-0.28225102461780677
208345,2,-0.0024978510957641524
208345,3,-0.16263015730984354
208550,1,0.015762680067946334
208550,2,0.27937157515558436
208550,3,0.042481098287011396
208685,1,0.014261384610483109
208685,2,0.2686613640947958
208685,3,0.0376319867605481
209404,1,-0.015103248703030694
209404,2,-0.08877981699744576
209404,3,0.35454564767160196
209462,1,0.02948145460515042
209462,2,-0.05021341542162564
209462,3,0.030299823724179196
209676,1,-0.014636832041433
209676,2,-0.05986852553095707
209676,3,0.3551833671225043
209851,1,0.006672507381733743
209851,2,0.2574942887066728
209851,3,0.038538221220642266
210061,1,-0.29343677866208784
210061,2,0.0128601390734839
210061,3,-0.166210281550131
210306,1,0.0214154702911219
210306,2,0.23569890516709766
210306,3,0.0351730352435888
210539,1,0.01532216994009007
210539,2,0.26813269271555873
210539,3,0.04728714312515992
210634,1,0.010566396943655644
210634,2,0.266430257305423
210634,3,0.05947807293590469
210759,1,-0.0056153768338400726
210759,2,-0.056077777051647466
210759,3,0.384581374223048
210875,1,-0.2862598891432612
210875,2,1.2844662848630848e-4
210875,3,-0.1996207993240595
210914,1,0.01615680829757835
210914,2,0.29698093228168393
210914,3,0.011324391774185039
210995,1,0.004698441858464201
210995,2,0.3055965659848651
210995,3,0.01950714215219405
211155,1,0.016467641082940184
211155,2,0.2980299141075903
211155,3,0.024590475851078878
211431,1,0.009962328591420563
211431,2,0.27182694572793176
211431,3,0.06511246789099268
211509,1,-0.28859444141143265
211509,2,-0.04163488041108875
211509,3,0.11430213807200894
211711,1,-0.30113122921208196
211711,2,-0.004392179494883994
211711,3,0.1114058335646937
211959,1,-0.2957188068933092
211959,2,0.018094260616759037
211959,3,-0.16194732308098062
212137,1,9.905245390015255e-4
212137,2,-0.09473468511352612
212137,3,0.3896431871062445
212351,1,-0.2186483881241728
212351,2,0.12986224517100467
212351,3,0.1126850781802372
212528,1,0.04110257409888282
212528,2,0.286962315540854
212528,3,0.02786599422732109
