SNP_ID,PC,loading
499001,1,0.03197922321843079
499001,2,0.025886154682325774
499001,3,-0.0232533657449816
499001,4,-0.272710341885116
499001,5,0.28211959933020686
499001,6,-0.03996961110357015
500293,1,0.056324450538772726
500293,2,-0.36292173230141656
500293,3,-0.44682341418256166
500293,4,0.17500367693752383
500293,5,0.03012078985925997
500293,6,-0.0860801421827074
501034,1,0.059239071532228536
501034,2,-0.32572703042820655
501034,3,-0.4228864914547517
501034,4,0.1183631792766055
501034,5,0.07068940645209697
501034,6,-0.04168907516229227
501627,1,0.08281733584047525
501627,2,-0.1898827778793377
501627,3,0.1068161454393412
501627,4,-0.11286322027833062
501627,5,-0.5936391726820622
501627,6,-0.0032278574451390825
502429,1,-0.025780183921731974
502429,2,-0.03591676899520908
502429,3,0.10329496433529778
502429,4,-0.023693057995752734
502429,5,0.011261685675370529
502429,6,-0.020714593027771764
502620,1,-0.5269405406787285
502620,2,0.04172810708083191
502620,3,-0.1040540043442016
502620,4,-0.04390973039489359
502620,5,0.21299183472720118
502620,6,-0.10090448168793656
502793,1,0.042886499219753925
502793,2,-0.31077467696429534
502793,3,-0.4003207836250143
502793,4,0.17234983514753466
502793,5,0.02808281397399655
502793,6,-0.034658986856663215
502937,1,0.17161549078524646
502937,2,0.5130258364645904
502937,3,-0.32089761290634117
502937,4,-0.024340370063584773
502937,5,0.008116658939185771
502937,6,-0.19737896255636628
503543,1,-0.075492724399656
503543,2,0.01666710452773396
503543,3,-0.09656158914379515
503543,4,-0.1105387556329252
503543,5,-0.2229419162918363
503543,6,0.03413984427015404
504263,1,0.043587095826443434
504263,2,-0.11251160116816461
504263,3,-0.032593762023772586
504263,4,0.04322393183180228
504263,5,0.008831997378617012
504263,6,0.020353122501659143
504671,1,-0.5430743586880166
504671,2,0.053211707221203754
504671,3,-0.11255315664522002
504671,4,-0.07362777324285288
504671,5,0.03714891792148049
504671,6,-0.05806449675111293
504789,1,0.18984997764545408
504789,2,0.5097615876527847
504789,3,-0.4058552972630017
504789,4,-0.05933280870922997
504789,5,-0.0016876443155935776
504789,6,-0.14816405415549772
505120,1,-0.24982732839608468
505120,2,0.21210525730918509
505120,3,-0.21318878878609068
505120,4,0.2096173297981026
505120,5,-0.605353938350628
505120,6,0.28642640226703286
505298,1,-0.01259953331511864
505298,2,0.19184408924577462
505298,3,0.15583749149156584
505298,4,0.785845238021702
505298,5,0.22607152187306567
505298,6,0.30881560553982673
505714,1,0.03441186135236211
505714,2,0.03303194745049571
505714,3,-0.12937515956729817
505714,4,-0.22006898350869128
505714,5,0.13696732674482168
505714,6,0.5989059474991506
505916,1,0.005828600231788865
505916,2,-0.005556724398656736
505916,3,0.0689647428133792
505916,4,-0.0346572025169289
505916,5,0.08178537750140764
505916,6,-0.06220296726044034
506002,1,0.03339311423136971
506002,2,-0.04022369014207654
506002,3,-0.009058362654565269
506002,4,-0.001553562589390135
506002,5,0.07945079234765215
506002,6,0.061265240020946105
506068,1,0.020881062473841028
506068,2,-0.006855801147521618
506068,3,-0.15078751596579143
506068,4,-0.29480721011411426
506068,5,0.11454449263246545
506068,6,0.5626108870233449
506213,1,-0.0061439392441034624
506213,2,-0.04733066319791982
506213,3,-0.014326086830258867
506213,4,-0.1181923840964682
506213,5,0.03849966847157025
506213,6,0.11174145924153286
506320,1,-0.5211898355463316
506320,2,0.009739085226382943
506320,3,-0.050321656522864945
506320,4,-0.020678076335464545
506320,5,0.020506274819571593
506320,6,-0.06463913529485305
506375,1,0.014992166929512442
506375,2,-0.01080335961046056
506375,3,0.14240026550186222
506375,4,0.0023587414608827874
506375,5,-0.015483044262997774
506375,6,-0.1861621990819759
