SNP_ID,PC,loading
157272,1,-0.1161190718888078
157272,2,-0.20639658114465473
157746,1,0.02312617737326989
157746,2,-0.27461594180964305
157851,1,0.2343428228342299
157851,2,-0.032612224002368795
157975,1,0.2491347309765251
157975,2,-0.00854328462955897
157976,1,0.03624938616906924
157976,2,-0.24180438503457494
157984,1,0.2462900857361917
157984,2,-0.01852244380482671
158114,1,0.038789408483772665
158114,2,-0.28035608700399967
158315,1,-0.1033641167868916
158315,2,-0.30386854824456133
158390,1,0.23564161442610776
158390,2,-0.02602054804525711
158434,1,-0.08688527064514673
158434,2,-0.30393158101387746
158495,1,0.030878142656174414
158495,2,-0.25709037593428535
158684,1,0.25120742590376005
158684,2,-0.0226327415135885
158690,1,0.2463468509578295
158690,2,-0.021154725519285277
158744,1,0.005734781042862026
158744,2,0.0017766877276550466
159097,1,0.24156093184893632
159097,2,-0.023331894079648162
159245,1,0.2491352131446563
159245,2,-0.04067683360111979
159289,1,-0.08416873545314993
159289,2,-0.3091476160829276
159745,1,0.24097158240339428
159745,2,-0.03028001826000047
160207,1,-0.013774520011901182
160207,2,-0.011991523507541195
160208,1,0.037569364925933664
160208,2,-0.2599015978962282
160216,1,0.24336832091631375
160216,2,-0.028542022745098393
160533,1,-0.08484220913392837
160533,2,-0.3044195323429568
160551,1,0.032296039450431115
160551,2,-0.24896275749956337
161450,1,0.027500627760049957
161450,2,-0.2677821626299851
161502,1,0.2461076103044827
161502,2,-0.022642769026493433
161736,1,0.2426525092513416
161736,2,-0.03226893069284311
162102,1,0.23790854032897055
162102,2,-0.013847544626629184
162217,1,0.24343455548831508
162217,2,-0.040837847246496924
162276,1,-0.009682027113293943
162276,2,-0.004183818117404398
162292,1,0.22555197056311352
162292,2,-0.01841135855757225
162683,1,-0.08498956283104357
162683,2,-0.3040460045653079
162697,1,0.2410014371708518
162697,2,-0.03495364322414303
