SNP_ID,PC,loading
407059,1,0.2997981053589722
407059,2,-0.10909099010141841
407059,3,0.03445491470458391
407059,4,-0.01928278877404686
407059,5,0.06259890870329861
407059,6,-6.32386491379539e-4
407059,7,-0.03469772959834375
407059,8,0.01072942730844584
407108,1,0.2978244468497611
407108,2,-0.08913760135851068
407108,3,0.06101054007669093
407108,4,0.007106327673774052
407108,5,0.05319238722483727
407108,6,0.007461015188737697
407108,7,0.004335926059558032
407108,8,0.10038881354551851
407550,1,0.2737344254220758
407550,2,-0.057370051123077095
407550,3,0.046637028907048246
407550,4,-0.06294022769278353
407550,5,0.04708061059184288
407550,6,-0.03554645611480863
407550,7,0.05161475327477764
407550,8,-0.049865045530149435
408253,1,5.298500911468704e-4
408253,2,-0.011710643488856727
408253,3,-0.023849386070262775
408253,4,0.2799146863314857
408253,5,-0.15334544145542606
408253,6,-0.09417883012966655
408253,7,0.3575221290872459
408253,8,0.014719819066910477
408651,1,0.2872525212200942
408651,2,-0.0702653907164638
408651,3,0.06969331858889156
408651,4,0.015504554266672877
408651,5,0.03599475057067338
408651,6,-0.027221146769604923
408651,7,0.035716539131170844
408651,8,0.017710588830991674
408881,1,-0.007513513345348019
408881,2,0.06041039863395693
408881,3,-0.18046441745642466
408881,4,-0.016372225426966158
408881,5,-0.1554749779871096
408881,6,0.013350994808734688
408881,7,-0.2414204553553862
408881,8,-0.17630293373135164
409292,1,0.2650037501375246
409292,2,-0.05507839647896197
409292,3,0.0625676213552264
409292,4,-0.05563710758356098
409292,5,-0.038376247865648555
409292,6,0.08807208465096387
409292,7,-0.0045532967777748064
409292,8,0.006224625454013252
409296,1,0.025190401137081174
409296,2,0.03923723836314419
409296,3,0.03685864500255761
409296,4,0.2842075448665194
409296,5,-0.14101275004732527
409296,6,-0.11516684613057246
409296,7,0.2777464260438173
409296,8,0.07645377796028147
409802,1,0.29958031697193377
409802,2,-0.13577491244790066
409802,3,0.0387571553553101
409802,4,-0.05199188236661465
409802,5,0.09738459197387624
409802,6,0.07593227891242778
409802,7,0.09529281722761587
409802,8,-0.009632964794377434
410531,1,0.003709455754286217
410531,2,0.10345719390554874
410531,3,0.0209276723926202
410531,4,0.034493184702979525
410531,5,0.02160182456232148
410531,6,0.5689884333694948
410531,7,0.10665066664590767
410531,8,0.04073014175474374
410712,1,-0.03768390897302964
410712,2,-0.038061756596838726
410712,3,0.22231724409281606
410712,4,-0.4046830496151488
410712,5,-0.4469605743242483
410712,6,-0.13474878406031984
410712,7,0.18612613995720517
410712,8,-0.030620113913649924
411319,1,-0.03844749005887202
411319,2,-0.03840102076085526
411319,3,0.011568890871032828
411319,4,2.1252229828679076e-4
411319,5,0.022337617568614
411319,6,-0.18251300178061847
411319,7,0.008560668283727741
411319,8,0.49116836921426765
411727,1,0.2789338212397745
411727,2,-0.07202733306643198
411727,3,0.043848850736991914
411727,4,-0.04832760647110123
411727,5,0.052947603005568104
411727,6,-0.027803358951726708
411727,7,0.04312115821468844
411727,8,0.025713059010069473
411733,1,-0.048608043770439126
411733,2,-0.013353530767684647
411733,3,-0.01574248787369895
411733,4,-0.027655806955196628
411733,5,-0.269924019205196
411733,6,0.4121422333214512
411733,7,-0.27701987796296756
411733,8,0.09797174297872449
411773,1,0.3141699548178087
411773,2,0.13103765167121392
411773,3,-0.13831509213274784
411773,4,0.34735588590565
411773,5,-0.46833877773306437
411773,6,0.10402764194948935
411773,7,-0.260038092178539
411773,8,-0.32286338235789347
411842,1,-0.21372087976820603
411842,2,-0.2645762699797997
411842,3,0.4192372292025634
411842,4,0.1095936731515931
411842,5,0.08087842712619012
411842,6,0.41080854405645295
411842,7,0.09074571735463877
411842,8,-0.22138234626147865
412494,1,-0.006199842306908744
412494,2,0.010352677841078713
412494,3,0.24031345211264085
412494,4,-0.4085742412733155
412494,5,-0.42476141643428367
412494,6,-0.06273073436469342
412494,7,0.1827550928518339
412494,8,-0.19748659701269736
412878,1,-0.01263113857116019
412878,2,-0.019502825170706842
412878,3,-0.0015813715381236297
412878,4,0.34365608161515243
412878,5,-0.19010478362138633
412878,6,-0.10420693122283642
412878,7,0.22736304162829363
412878,8,0.09033837154318379
413147,1,-0.1268303134065692
413147,2,-0.693483278418076
413147,3,-0.3698369235597107
413147,4,0.09090627167614075
413147,5,-0.021263432016727507
413147,6,0.0340593505040892
413147,7,0.01257994719766379
413147,8,-0.15313364069650343
413813,1,0.2874946615779575
413813,2,-0.13074610503220588
413813,3,0.030936783529058196
413813,4,-0.024380375246947465
413813,5,0.05288890671295157
413813,6,-0.011215478587290084
413813,7,0.06937714973202296
413813,8,-0.06211350472841021
413908,1,-0.08273817189067638
413908,2,-0.46860277524208227
413908,3,-0.23144781003969853
413908,4,-0.1246740087409797
413908,5,-0.1804969964363784
413908,6,-0.15067290825779778
413908,7,-0.021351132304995156
413908,8,-0.0035110216602124507
414645,1,0.0028287155797645652
414645,2,-0.09283991358834055
414645,3,0.3227938715902173
414645,4,0.14983556460531505
414645,5,0.005536677827293683
414645,6,-0.19466322685639498
414645,7,-0.18428119882780142
414645,8,-0.003179506414204115
414732,1,0.2912233631908454
414732,2,-0.04837320725520706
414732,3,0.015401648176159735
414732,4,-0.06213995749679198
414732,5,0.018372153050585073
414732,6,0.05950989826539477
414732,7,0.0033931778551699997
414732,8,0.04331692823565954
415205,1,-0.057782731624303585
415205,2,-0.13391545587358858
415205,3,0.322841834119078
415205,4,0.15284110799076536
415205,5,-0.04778306285642198
415205,6,-0.07487640568472402
415205,7,-0.36352857888942824
415205,8,0.0415850879125461
415261,1,-0.0018096765605795928
415261,2,0.07555025116490162
415261,3,0.0321080335728628
415261,4,0.36803284169004535
415261,5,-0.17019398639368932
415261,6,-0.07512288525352005
415261,7,0.21884973600958169
415261,8,-0.06841303041355959
415588,1,0.27414538996940163
415588,2,-0.09865686851137052
415588,3,0.037920352707646474
415588,4,-0.0021885982785621928
415588,5,0.02799168176985251
415588,6,0.008351198192194403
415588,7,-0.043574541746685576
415588,8,0.06414930174913515
415592,1,-0.030411926279648525
415592,2,0.07455853988244238
415592,3,0.09785322867427619
415592,4,0.006485948730198389
415592,5,0.34306405167224235
415592,6,-0.23845025797411046
415592,7,0.061204821356829864
415592,8,-0.6657546902301381
416149,1,-0.009845341697284031
416149,2,-0.16820402359460834
416149,3,0.3117149900640544
416149,4,0.12686455363738006
416149,5,-0.00526160314986655
416149,6,-0.08538159453343405
416149,7,-0.16055936766349693
416149,8,0.06453022902752896
416956,1,0.02668567380122525
416956,2,0.16206048454650498
416956,3,-0.1752023817971982
416956,4,-0.04406047694821964
416956,5,-0.05668721022418789
416956,6,-0.250201368810801
416956,7,-0.3690062504938322
416956,8,-0.042625294421738444
417612,1,-0.07084322694658463
417612,2,-0.1281702746925382
417612,3,0.32165948080231876
417612,4,0.12969061481701516
417612,5,-0.05658096628994757
417612,6,-0.13558556435309543
417612,7,-0.22318769665175153
417612,8,0.07920409187622969
