SNP_ID,PC,loading
314343,1,0.09014577477023875
314343,2,0.1296902002452583
314343,3,0.032417254555245606
314964,1,0.3193710166054129
314964,2,-0.05963935271550169
314964,3,-0.06776529850970249
315270,1,0.3390606811650967
315270,2,0.044931418707042925
315270,3,0.04423830981306124
315336,1,-0.025434117269033416
315336,2,0.9480196022335823
315336,3,-0.23131741344464662
315431,1,0.005752405631266604
315431,2,-0.23852616298799215
315431,3,-0.9422283216498271
315481,1,0.34760305506872335
315481,2,-0.04274606380668311
315481,3,0.041594857923187734
315490,1,0.37560727220435447
315490,2,0.004082126010971384
315490,3,0.011739945356542126
316055,1,0.35445101758096503
316055,2,-0.012780270381390069
316055,3,-0.043131923148931314
316700,1,0.07395824160316766
316700,2,0.02934708425222935
316700,3,-0.1909905630809866
316853,1,0.34505952844958104
316853,2,0.07902203782287966
316853,3,-0.06478828018148071
316958,1,0.04445114324766128
316958,2,0.07522294138408811
316958,3,-0.025149949992792266
317266,1,0.37629968126966995
317266,2,-0.05328788781914206
317266,3,0.07204770096457046
317824,1,0.34434906478007327
317824,2,0.06601379994256096
317824,3,0.029519028391294236
