SNP_ID,PC,loading
219286,1,0.011059269368575554
219286,2,-0.24660683201953557
219362,1,-0.3132371615431919
219362,2,0.05533635411273901
219662,1,-0.002373310561337841
219662,2,-0.23826938069962528
219671,1,-0.06587632183211173
219671,2,0.03455416379343905
220059,1,-0.31374993073753804
220059,2,0.0612696814046481
220197,1,-0.2900957368464391
220197,2,-0.14459639835715424
220204,1,-0.2951442896520913
220204,2,-0.14904580615289806
220290,1,0.01404690409829077
220290,2,-0.2613045690016908
220303,1,0.015915950650198272
220303,2,-0.2410045539320372
220444,1,-0.3008268540221643
220444,2,0.04636262855272965
220586,1,0.005148618711536981
220586,2,-0.27152963083670284
220592,1,0.009764862465131528
220592,2,-0.2411312247767963
220649,1,0.01421807939123303
220649,2,-0.2620952075403758
220757,1,0.009408903338481019
220757,2,-0.24245745134210492
220807,1,0.009517505530023198
220807,2,-0.24575006753822604
221018,1,0.009706302325030038
221018,2,-0.26725063144310435
221099,1,0.009799695346518448
221099,2,-0.2605814195887306
221513,1,0.019410370335536827
221513,2,-0.2612426654805327
221832,1,0.017659278688895323
221832,2,-0.23528121860647583
221942,1,-0.2849017036042191
221942,2,-0.15367299233105536
222262,1,0.01793391688137964
222262,2,0.018352849031010764
222632,1,0.008431640259892063
222632,2,-0.24854560754408625
222674,1,-0.3175482073672705
222674,2,0.04673083821391232
222708,1,-0.3123422986077116
222708,2,0.08574985610684203
222831,1,0.010324478203688705
222831,2,0.0031496640516788343
222836,1,-0.24890854966398004
222836,2,-0.1391619560491338
222994,1,-0.3207785146781419
222994,2,0.045439217656762926
223172,1,-0.3007715743560155
223172,2,0.05819576784793303
