SNP_ID,PC,loading
364295,1,0.11062897880461703
364295,2,-0.1781099083503317
364295,3,0.44401833579261385
364295,4,-0.627820763061095
364295,5,-0.27216424804839795
364747,1,0.06411226250470797
364747,2,0.32862425259768246
364747,3,-0.026466401065412527
364747,4,0.08074501216984083
364747,5,0.047253469905168245
365153,1,0.03356875702863515
365153,2,0.315884610820529
365153,3,-0.06633846966683736
365153,4,0.04046585686554321
365153,5,0.023250267874746256
365154,1,-0.25957553854393217
365154,2,0.1209005797304339
365154,3,-0.43072568195148286
365154,4,-0.3320187941628359
365154,5,0.01176058991244842
365297,1,-0.38450231012564795
365297,2,0.06942838429881175
365297,3,-0.08637734428524414
365297,4,0.00876355492147171
365297,5,-0.1174457182230793
365302,1,-0.3999852888214477
365302,2,0.048445586541934725
365302,3,-0.06379112000006931
365302,4,-0.03900471121481132
365302,5,-0.1977460810501582
365494,1,-0.4125192802390609
365494,2,0.051764605344254117
365494,3,0.018253658146183026
365494,4,-0.02787795270121344
365494,5,-0.15875530649744224
365805,1,0.04461739725060497
365805,2,-0.18261676227440135
365805,3,-0.37577646267014647
365805,4,-0.4974687502877478
365805,5,0.34814843880379776
365833,1,-0.39391524259083605
365833,2,0.07512936408322846
365833,3,-0.037919871429276206
365833,4,-0.04329972162318079
365833,5,-0.16196854203010866
366613,1,0.050529898688377914
366613,2,0.36635328079574453
366613,3,0.24015158636489928
366613,4,-0.05346942561512779
366613,5,-0.44289102600879254
366680,1,-0.1401265497479848
366680,2,0.13804524195516243
366680,3,0.3990470668139624
366680,4,-0.2996350176597245
366680,5,0.24443562990607542
366964,1,0.01524858486576675
366964,2,0.11496962951941006
366964,3,-0.056305576888456374
366964,4,-0.2853724120221611
366964,5,0.10825551113712244
367667,1,0.02740182159154884
367667,2,0.37291103997393005
367667,3,-0.03777930090108829
367667,4,-8.332885170642144e-4
367667,5,-0.002318078716329801
367675,1,0.026515913628219076
367675,2,-0.01243929793837672
367675,3,0.12891486304095914
367675,4,-0.07925363880287421
367675,5,-0.1587339694119626
368892,1,-0.04966618476397791
368892,2,0.007540232474967103
368892,3,-0.03208762259573507
368892,4,-0.02554068312326954
368892,5,-0.04117442536749829
368905,1,0.09595275406075814
368905,2,0.4402281359462044
368905,3,0.12369930264361538
368905,4,-0.027382960539873703
368905,5,0.3173931401751489
369201,1,-0.367175712518065
369201,2,-0.07626612177441658
369201,3,0.16894075381308024
369201,4,0.06953896889123615
369201,5,0.22803014467580257
370055,1,0.07413818609692015
370055,2,0.43604008661739935
370055,3,-0.09964596867896366
370055,4,-0.1845290663869165
370055,5,0.09386777722504161
370150,1,-0.32069526893658146
370150,2,-0.03738464232960644
370150,3,0.3584610290010573
370150,4,0.1119249882925455
370150,5,0.4473331612290965
370516,1,0.03568467431242191
370516,2,-0.01155002814846156
370516,3,0.19049594519959948
370516,4,0.0504640977616501
370516,5,0.20322770943184312
