SNP_ID,PC,loading
353697,1,0.030624637253916297
353697,2,-0.21700114220779115
354338,1,0.26185489251558686
354338,2,-0.09874279560751506
354393,1,0.249918250659962
354393,2,-0.10647709408560145
354652,1,-0.01756558829177214
354652,2,0.023180234109394134
354865,1,0.2625965271749355
354865,2,-0.10873953615450033
354967,1,0.037383385290663776
354967,2,-0.21355777893078956
355167,1,-0.1890787444845494
355167,2,-0.2265211133851533
355224,1,0.2659257292736085
355224,2,-0.11797982541847198
355245,1,0.26578687332352774
355245,2,-0.10576957155641192
355319,1,0.029879182258162443
355319,2,-0.1973104135461868
355360,1,0.2620332513072322
355360,2,-0.08697773895239554
355370,1,0.2557410059713571
355370,2,-0.08801222460848732
355391,1,0.2567724128426539
355391,2,-0.08547745236569192
355398,1,0.25724470484532497
355398,2,-0.08718802214477143
355480,1,-0.18850860498943983
355480,2,-0.23064335098377717
355544,1,-0.19927238927874508
355544,2,-0.21398703054395427
355599,1,-0.1936125484907751
355599,2,-0.2203658120858302
355606,1,-0.19682379300733596
355606,2,-0.2177213025897102
355764,1,0.03698192857414609
355764,2,-0.1957770788269706
355848,1,-0.20072402630380465
355848,2,-0.22098252802903182
356003,1,0.028320360794568816
356003,2,-0.20736234822789731
356234,1,0.2735494077777412
356234,2,-0.11159015775474762
356785,1,0.02418297048847053
356785,2,-0.19600953480168798
356861,1,0.03884789813348024
356861,2,-0.2039346739204283
357050,1,0.03894241600202206
357050,2,-0.1922091819392128
357128,1,0.039819313790827246
357128,2,-0.20166339320399954
357570,1,-0.19788952259540735
357570,2,-0.23757005830637876
357632,1,-0.1864959538812665
357632,2,-0.22896717542540168
357679,1,0.041353133170365965
357679,2,-0.20664565684458897
357700,1,0.04516513298778246
357700,2,-0.20052639370485836
357828,1,0.039382219316408604
357828,2,-0.20327597618274448
