SNP_ID,PC,loading
392262,1,-0.26013734519397214
392262,2,-0.257249944146957
392262,3,0.3615683703124287
392262,4,-0.08354499019593693
392283,1,-0.27439351590048827
392283,2,-0.2477401034251257
392283,3,0.3249531008700809
392283,4,-0.06350300182133561
392335,1,-0.2140768043471301
392335,2,-0.23241894570196142
392335,3,0.3042955918983332
392335,4,0.3462809416405872
392774,1,-0.2571845404056338
392774,2,-0.2766607146590639
392774,3,0.32772183786674264
392774,4,-0.012321013642329487
393050,1,-0.07637755542864039
393050,2,-0.07113302607234717
393050,3,-0.019189863540747365
393050,4,-0.49984915532396584
393747,1,0.010298346882110121
393747,2,0.030108065744059546
393747,3,-0.008284432473061409
393747,4,0.04067061388559694
393978,1,-0.14676495925347063
393978,2,0.1539482504898959
393978,3,0.26296237656918675
393978,4,-0.10482736313861937
394585,1,-0.06712713779596013
394585,2,0.41140865617477745
394585,3,0.25010204669673086
394585,4,-0.01611577440314578
394961,1,-0.0567103198603721
394961,2,0.42956869321606744
394961,3,0.23606340459054131
394961,4,-0.05582944016680514
395767,1,-0.08894402433401172
395767,2,-0.0636334502891412
395767,3,-0.03493708466756287
395767,4,-0.4599731231103356
395822,1,-0.059497486940628556
395822,2,0.4156455377428535
395822,3,0.26533577913789663
395822,4,-0.022047673097910087
396156,1,0.3857313959982803
396156,2,-0.041779907208856805
396156,3,0.16510714960050202
396156,4,-0.07108306446077337
396978,1,-0.14552653944900948
396978,2,0.37475804625200526
396978,3,0.10541340919031233
396978,4,0.020189624373695533
397575,1,0.23532736836286153
397575,2,-0.022580863307756653
397575,3,0.16345815781446826
397575,4,-0.5203977843039365
397754,1,0.007426017231620873
397754,2,-0.041213193942101496
397754,3,-0.07794646583068265
397754,4,-0.09832636807381687
397928,1,0.042057454437773416
397928,2,0.07156371173343624
397928,3,0.05629482015340695
397928,4,-0.03446991827981767
398278,1,0.37770921757593057
398278,2,-0.08363005721900091
398278,3,0.2660076516885838
398278,4,0.07621592608947482
398797,1,-0.010916287300264779
398797,2,-0.025465018700928484
398797,3,0.022365466874361653
398797,4,0.04497349301337016
399074,1,0.4057667900722363
399074,2,-0.07864485876029273
399074,3,0.2754144368890019
399074,4,0.04999141867320928
399076,1,0.39805654320990747
399076,2,-0.09571727452911845
399076,3,0.2648829518452548
399076,4,0.04426170676559246
399161,1,-0.05767609049012024
399161,2,-0.08926301372860078
399161,3,-0.11203008823538049
399161,4,-0.1391769490076449
399226,1,-0.04512285587158456
399226,2,-0.033885961681882716
399226,3,-0.005181693435933653
399226,4,-0.26870943598379343
