SNP_ID,PC,loading
282078,1,0.0069141188289730615
282078,2,-0.10433954740205348
282078,3,0.12423069131507364
282078,4,-0.066675422269267
282078,5,0.04488163447045185
282422,1,0.181762976154473
282422,2,-0.37759050059406885
282422,3,-0.27142177879161006
282422,4,-0.40504795881342504
282422,5,0.24274321730912712
283535,1,-0.1131952609657973
283535,2,-0.14301323983573888
283535,3,-0.23269971232212
283535,4,0.13186408809505326
283535,5,0.13370569859945086
283875,1,0.06680024127047204
283875,2,-0.04075625042146657
283875,3,-0.07832320946245748
283875,4,-0.26912753896432573
283875,5,0.3137596458170104
283877,1,-0.04876103316838767
283877,2,-0.16284929285920605
283877,3,-0.1893732622794451
283877,4,0.06797795450417322
283877,5,0.14492704471920057
283911,1,0.04049028361765662
283911,2,-0.08566600940782651
283911,3,-0.049367016564460436
283911,4,0.3829273982810748
283911,5,-0.3347710486034773
284048,1,-0.009286723133932426
284048,2,-0.1718017155709564
284048,3,0.35418153121690277
284048,4,-0.11938451587992605
284048,5,0.03322487993879041
284074,1,-0.05880624614800584
284074,2,-0.17078084712385608
284074,3,-0.17936442080993767
284074,4,0.03264942498137606
284074,5,0.1285762857832452
284755,1,-0.009816317654514307
284755,2,-0.029958094812489174
284755,3,-0.11587950889044367
284755,4,-3.1508554366175114e-4
284755,5,-0.022936258711550618
284834,1,0.07168647281831542
284834,2,-0.12407511788065292
284834,3,-0.23021146144631432
284834,4,-0.2013240754645332
284834,5,-0.26630065960059285
284901,1,-0.34683370676297715
284901,2,0.04901022362809853
284901,3,-0.13720764163695007
284901,4,-0.06989142269001644
284901,5,-0.005064440739399105
284979,1,-0.32418596662412996
284979,2,0.03835634758888483
284979,3,-0.17407367805541443
284979,4,-0.05413123277540328
284979,5,-0.002824600855132748
285006,1,0.06134945114719638
285006,2,0.1816149229179286
285006,3,-0.03480664188765185
285006,4,-0.14055559691020297
285006,5,-0.4409441381529755
285009,1,-0.013386417410377379
285009,2,-0.20230997034037623
285009,3,0.34570288022625056
285009,4,-0.11330509362272496
285009,5,0.05477159781483351
285020,1,-0.23875703193796108
285020,2,0.05146700580829993
285020,3,0.12805194151736782
285020,4,-0.20962258917578439
285020,5,-0.3592213415445355
285094,1,0.013658399520604795
285094,2,-0.1650160928845251
285094,3,0.29597666073141227
285094,4,-0.08551664679639545
285094,5,-0.020623158340912155
285105,1,-9.02440840817435e-4
285105,2,-0.16508300540893783
285105,3,0.2981332433860219
285105,4,-0.09959910889393514
285105,5,-0.028485802666426217
285146,1,0.02895408471006983
285146,2,-0.018480433144621302
285146,3,-0.04111666599073864
285146,4,0.05486741079255252
285146,5,-0.050628027346843664
285323,1,0.2026737078199922
285323,2,-0.24620887009606432
285323,3,-0.3163708237144182
285323,4,-0.35390974661067437
285323,5,-0.40973185279007907
285349,1,-0.32039705229856486
285349,2,-0.1223151750930153
285349,3,0.1183087507768814
285349,4,-0.16123822424747863
285349,5,-0.038763573606254695
285457,1,0.002812848965069142
285457,2,-0.07559716052683589
285457,3,0.1073058223780558
285457,4,-0.041825007852910004
285457,5,0.06119428037718028
285909,1,0.021468614321296917
285909,2,0.006883031602691937
285909,3,-0.02456935478027289
285909,4,-0.0800243963804323
285909,5,0.13460148527669313
286028,1,0.13767997290921624
286028,2,-0.5317566885694351
286028,3,0.08151090537427585
286028,4,0.2656258868806615
286028,5,-0.230616373766751
286047,1,-0.12781227533523365
286047,2,-0.2625085857328779
286047,3,-0.04243465697624647
286047,4,0.20048546225557054
286047,5,0.0013434280068908503
286487,1,-0.3486771593324593
286487,2,0.04097362163343273
286487,3,-0.1521202453481141
286487,4,-0.01792031641032443
286487,5,-0.02697017482415668
286515,1,-0.323769784678022
286515,2,-0.12369374616624747
286515,3,0.11302112353308433
286515,4,-0.17480106307497525
286515,5,-0.05143432884462129
286526,1,-0.3217860369190855
286526,2,-0.09123871007533871
286526,3,0.12465924521041079
286526,4,-0.15665113729651275
286526,5,-0.04630188252668558
286533,1,-0.008912785556175631
286533,2,0.03517153953875529
286533,3,-0.01140891385874345
286533,4,-0.04501772828103841
286533,5,0.07517501003065923
286587,1,-0.14131765175732067
286587,2,-0.238650513461284
286587,3,-0.028115380726651335
286587,4,0.215900384129603
286587,5,0.01443416973326944
286803,1,0.05152501101446279
286803,2,-0.0655373967219307
286803,3,0.003955708179849266
286803,4,-0.0034732285436192864
286803,5,0.1149027880883732
286838,1,-0.1506910229361709
286838,2,-0.2364184061802643
286838,3,-0.056255665852274005
286838,4,0.23259046570275196
286838,5,0.024122416942873714
286906,1,-0.04041534770633832
286906,2,-0.05666448451655138
286906,3,-0.0566853625182946
286906,4,0.014617170455908919
286906,5,0.025533855008658006
287179,1,-0.30494577031823483
287179,2,-0.02050093227200254
287179,3,-0.17444334591795135
287179,4,0.03794456283956723
287179,5,0.006061594612152741
