SNP_ID,PC,loading
168241,1,0.011196721348143967
168241,2,-0.5578065629234262
168466,1,-0.30587949074448234
168466,2,0.20045250532623113
168728,1,-0.26339297670853773
168728,2,-0.14577846923477164
168781,1,0.01203915823364067
168781,2,-0.5508897513302745
169701,1,-0.3163499877680612
169701,2,0.19625147525711423
169995,1,-0.27282296423535923
169995,2,-0.14626402907978273
170589,1,-0.24337672234346322
170589,2,-0.1555565645530707
170642,1,-0.25333079061304553
170642,2,-0.1549955153636677
171189,1,-0.3101597661466878
171189,2,0.20455451735944266
171591,1,-0.317145774728924
171591,2,0.17815396427316127
171627,1,-0.3160227687015809
171627,2,0.18656010544750046
172518,1,-0.18792966599980498
172518,2,-0.1143967332482929
172741,1,-0.2649171920208579
172741,2,-0.17079102375944066
172799,1,-0.005572466793366669
172799,2,0.013754857797619962
173747,1,-0.00569791971732653
173747,2,0.015988664423751298
173751,1,-0.26072855097546727
173751,2,-0.16866883322066745
174069,1,-0.26203706541303484
174069,2,-0.18720678152395606
174607,1,-0.004153928691541043
174607,2,-0.03504077944125484
