PC,std.dev,percent,cumulative,lambda
1,3.8247876682865227,0.21112,0.21112,14.629000707476655
2,3.2740232306788313,0.15469,0.36581,10.719228115024652
3,2.638044070452124,0.10043,0.46624,6.959276517647611
4,2.3997735301810557,0.08311,0.54935,5.758912996157646
5,2.1514966705500926,0.0668,0.61615,4.628937923388134
6,1.919507608327099,0.05317,0.66932,3.6845094584256195
7,1.5277769266437045,0.03368,0.70301,2.3341023375848833
8,1.364082064890239,0.02685,0.72986,1.8607198797552182
9,1.2693348970884692,0.02325,0.75311,1.6112110809665947
