PC,std.dev,percent,cumulative,lambda
1,3.4689515443989536,0.16593,0.16593,12.033624817387885
2,3.0840939510710514,0.13116,0.29709,9.51163549903305
3,2.6013721244416663,0.09331,0.3904,6.767136929822148
4,2.454737325145536,0.08309,0.47349,6.025735335462661
5,2.18522180623973,0.06585,0.53934,4.775194342465628
6,2.071562815763661,0.05917,0.59852,4.291372499654669
7,1.668829918301153,0.0384,0.63692,2.784993296217033
8,1.487701547229122,0.03052,0.66744,2.2132558936279234
9,1.4055087886610567,0.02724,0.69468,1.9754549550034708
10,1.2254189724886246,0.02071,0.71538,1.5016516581350765
11,1.0952207943430108,0.01654,0.73192,1.1995085883613354
12,1.01369709734037,0.01417,0.74609,1.0275818051562917
13,1.0017044968705533,0.01384,0.75993,1.0034118990506884
