PC,std.dev,percent,cumulative,lambda
1,2.928461985240791,0.15338,0.15338,8.575889599000435
2,2.6031636010019175,0.12119,0.27457,6.7764607335812705
3,2.1309400403022165,0.08121,0.35578,4.540905455363212
4,2.055562097019537,0.07557,0.43135,4.2253355347033565
5,1.8151458398307838,0.05893,0.49028,3.2947544198550016
6,1.6184672779549998,0.04685,0.53712,2.6194363298110663
7,1.393352722023979,0.03472,0.57184,1.9414318079716317
8,1.3199329823615296,0.03116,0.603,1.7422230779258019
9,1.3084357042067103,0.03062,0.63362,1.7120039920429098
10,1.1683395336613875,0.02441,0.65804,1.3650172659161086
11,1.036890047961546,0.01923,0.67726,1.075140971561697
12,0.9962166737858957,0.01775,0.69501,0.9924476611290338
13,0.934479723414315,0.01562,0.71063,0.8732523534724945
14,0.9254916340725481,0.01532,0.72595,0.8565347647382753
15,0.8859077242914644,0.01404,0.73999,0.7848324959592813
16,0.8595439323169642,0.01321,0.7532,0.73881577158291
