PC,std.dev,percent,cumulative,lambda
1,3.5542704893691637,0.17576,0.17576,12.632838711600515
2,3.3090072211777866,0.15234,0.32811,10.949528789806736
3,2.609957169738679,0.09477,0.42288,6.811876427870336
4,2.4738816898305336,0.08515,0.50803,6.120090615278777
5,2.206755648808796,0.06775,0.57578,4.869770493549529
6,1.970440744572852,0.05402,0.6298,3.8826367278728156
7,1.641168782888398,0.03747,0.66728,2.6934349739273857
8,1.4222117928335478,0.02814,0.69542,2.0226863836748143
9,1.2780898699244727,0.02273,0.71815,1.6335137156035555
10,1.1384381189837327,0.01803,0.73618,1.2960413507552195
11,1.0353350065180897,0.01491,0.75109,1.0719185757218128
