PC,std.dev,percent,cumulative,lambda
1,2.844279192880872,0.14697,0.14697,8.089924127055065
2,2.567150554904937,0.11973,0.2667,6.590261971548726
3,2.1452843756762547,0.08361,0.35031,4.602245052520658
4,1.9297058109187315,0.06765,0.41796,3.723764516693519
5,1.7619521782281375,0.0564,0.47436,3.1044754783628785
6,1.5570909625584268,0.04405,0.51841,2.4245322656811283
7,1.4714352635827965,0.03933,0.55775,2.165121734914974
8,1.3159182922278343,0.03146,0.5892,1.73164095181982
9,1.273129400083897,0.02945,0.61865,1.6208584693579837
10,1.1522700391606056,0.02412,0.64277,1.3277262431471835
11,1.0437131769341097,0.01979,0.66256,1.0893371957058922
12,1.0057488447043939,0.01838,0.68094,1.011530738624223
13,0.9513277656693434,0.01644,0.69738,0.9050245177334252
14,0.9174469530313532,0.01529,0.71267,0.841708911626514
15,0.8699195654899977,0.01375,0.72642,0.7567600504223064
16,0.8606676027176409,0.01346,0.73988,0.7407487223677309
17,0.8519125746101212,0.01319,0.75307,0.7257550347788453
