PC,std.dev,percent,cumulative,lambda
1,2.7409696374139587,0.26123,0.26123,7.512914553225208
2,2.0606089017848035,0.14764,0.40887,4.246109046114774
3,1.8477435484145908,0.11871,0.52758,3.414156220707743
4,1.279556328085695,0.05693,0.58451,1.6372643967441467
5,1.0308163462293751,0.03695,0.62146,1.0625823396536789
6,0.8876058944184297,0.02739,0.64885,0.7878442238063407
7,0.8635691260522732,0.02593,0.67478,0.7457516354706869
8,0.782998788224192,0.02132,0.6961,0.6130871023605531
9,0.7350856664476886,0.01879,0.71489,0.5403509370168424
10,0.7047264211247792,0.01727,0.73216,0.4966393286313397
11,0.6671842653009221,0.01548,0.74763,0.44513484386513125
12,0.6446117893663927,0.01445,0.76208,0.4155243589901427
