PC,std.dev,percent,cumulative,lambda
1,3.4664439010500074,0.17409,0.17409,12.016233319126794
2,2.8693481739799136,0.11928,0.29338,8.233158943521865
3,2.511002786661987,0.09135,0.38473,6.3051349946242645
4,2.342529843714277,0.0795,0.46423,5.4874460686920346
5,2.1301611074364573,0.06574,0.52997,4.537586343634914
6,2.018022778755687,0.059,0.58897,4.0724159355768235
7,1.7444582051941033,0.04409,0.63306,3.043134429669032
8,1.5767279753792418,0.03602,0.66908,2.486071108343523
9,1.4053468186735367,0.02861,0.69769,1.9749996807558305
10,1.2203290016208643,0.02158,0.71927,1.4892028721969754
11,1.0184572829676368,0.01503,0.7343,1.0372552372298212
12,1.0131800678976242,0.01487,0.74917,1.0265338499850343
13,0.992450035998759,0.01427,0.76344,0.9849570739539381
