PC,std.dev,percent,cumulative,lambda
1,3.4458820919057884,0.2063,0.2063,11.874103391317012
2,2.543639073619243,0.11241,0.31871,6.470099736842561
3,2.1733893379351255,0.08207,0.40078,4.723621214250083
4,2.059359974047436,0.07368,0.47447,4.240963502708657
5,1.8445830577877895,0.05912,0.53358,3.402486657077752
6,1.636773221353486,0.04655,0.58013,2.679026578139868
7,1.4132071032997255,0.0347,0.61483,1.9971543168168011
8,1.3006931762387992,0.02939,0.64422,1.691802738714176
9,1.1428468188295002,0.02269,0.66691,1.3060988513087086
10,1.0864808731742914,0.02051,0.68742,1.1804406877735707
11,1.006918341600151,0.01762,0.70504,1.0138845466507984
12,0.9902501948262709,0.01704,0.72207,0.9805954483534673
13,0.9383021810977926,0.0153,0.73737,0.8804109830528748
14,0.9057138151951412,0.01425,0.75162,0.8203175150353383
