PC,std.dev,percent,cumulative,lambda
1,2.9307932906139884,0.14119,0.14119,8.58954931230797
2,2.733090408138392,0.12278,0.26397,7.4697831790580835
3,2.2837778976322665,0.08573,0.34971,5.215641485713655
4,2.0504141898946555,0.06911,0.41881,4.204198350121357
5,1.8467536574156878,0.05606,0.47487,3.4104990711782195
6,1.7350703569253714,0.04948,0.52436,3.0104691434811355
7,1.481217022861075,0.03606,0.56042,2.1940038688134265
8,1.395689514592651,0.03202,0.59244,1.9479492211438694
9,1.3527854573578464,0.03008,0.62252,1.8300284936388775
10,1.1817893019140264,0.02296,0.64548,1.3966259541184418
11,1.164697957983656,0.0223,0.66777,1.3565213333312982
12,1.077201615487864,0.01907,0.68685,1.1603633204096642
13,1.040986477563754,0.01781,0.70466,1.0836528464705923
14,0.9994819046079823,0.01642,0.72108,0.9989640776387997
15,0.9529914289997328,0.01493,0.73601,0.9081926637469527
16,0.9177735227933855,0.01385,0.74985,0.842308239140581
17,0.8741943601443456,0.01256,0.76242,0.7642157793081819
