PC,std.dev,percent,cumulative,lambda
1,2.815387799168886,0.14723,0.14723,7.926408459709024
2,2.576478614785481,0.1233,0.27053,6.638242052446911
3,2.1404209322278644,0.0851,0.35562,4.581401767119201
4,1.9326239086572745,0.06938,0.425,3.7350351723137214
5,1.7462827435144859,0.05664,0.48164,3.0495034202964795
6,1.5998512102152005,0.04754,0.52918,2.559523894827042
7,1.4547232286627163,0.03931,0.56849,2.1162196720108777
8,1.2845509139276217,0.03065,0.59914,1.650071050472288
9,1.2507979383046934,0.02906,0.6282,1.5644954824672717
10,1.134411719356654,0.0239,0.6521,1.28688994901372
11,1.037688075623303,0.02,0.6721,1.0767965422907937
12,1.0092293149124252,0.01892,0.69102,1.018543810078603
13,0.9415792031375545,0.01647,0.70749,0.8865713957811521
14,0.9006486562444458,0.01507,0.72255,0.8111680019949259
15,0.8635450053892801,0.01385,0.73641,0.7457099763327719
16,0.8387649990911781,0.01307,0.74947,0.7035267237004239
17,0.8090078300684611,0.01216,0.76163,0.6544936691120801
