PC,std.dev,percent,cumulative,lambda
1,2.761572851752173,0.12733,0.12733,7.626284615534629
2,2.702616169709756,0.12195,0.24929,7.304134160776632
3,2.2189182350988785,0.08221,0.33149,4.923598134054322
4,2.039308191389428,0.06944,0.40093,4.15877789946802
5,1.7761827388385274,0.05267,0.45361,3.1548251217479324
6,1.5684445734160752,0.04107,0.49468,2.4600183798783344
7,1.5349807559717497,0.03934,0.53402,2.356165921203604
8,1.4038893192317738,0.03291,0.56693,1.9709052206530535
9,1.3378533034075064,0.02988,0.59681,1.7898514614383774
10,1.2316975395917593,0.02533,0.62214,1.5170788290363935
11,1.0924629399116834,0.01993,0.64207,1.1934752750804785
12,1.079887837711159,0.01947,0.66154,1.1661577420364824
13,1.0256101905097625,0.01756,0.6791,1.0518762628774714
14,0.9674759389827381,0.01563,0.69473,0.9360096925105308
15,0.9514053470902226,0.01511,0.70984,0.905172134471867
16,0.9232539881499144,0.01423,0.72407,0.8523979266347224
17,0.9046859539990469,0.01367,0.73774,0.8184566753631657
18,0.8647377715362603,0.01249,0.75022,0.7477714135214976
