PC,std.dev,percent,cumulative,lambda
1,3.882114495674378,0.20512,0.20512,15.070812957525131
2,3.6503261156216333,0.18136,0.38648,13.324880750389323
3,2.814190122986072,0.10779,0.49427,7.919666048312362
4,2.2820074611503065,0.07088,0.56515,5.207558052745668
5,2.237809554272706,0.06816,0.63331,5.0077916011942065
6,1.8250740448270435,0.04534,0.67865,3.330895269101345
7,1.6824748630236033,0.03853,0.71717,2.8307216647062927
8,1.448880344628699,0.02857,0.74575,2.099254253051378
9,1.2862028004315564,0.02252,0.76826,1.6543176438379783
