PC,std.dev,percent,cumulative,lambda
1,2.4677899299471364,0.17061,0.17061,6.0899871383484925
2,2.2382171980473182,0.14034,0.31096,5.0096162256347885
3,2.170323675816375,0.13196,0.44292,4.710304857809102
4,1.6216642611086765,0.07367,0.51659,2.6297949757571497
5,1.28981169967428,0.04661,0.5632,1.6636142206166553
6,1.23659759393686,0.04284,0.60604,1.5291736093304316
7,1.1737764889750046,0.0386,0.64463,1.3777512460704893
8,1.0185219622825978,0.02906,0.6737,1.0373869876519937
9,0.8941643369790284,0.0224,0.69609,0.7995298615251455
10,0.8122393875592439,0.01848,0.71458,0.6597328227026156
11,0.7131975450880697,0.01425,0.72883,0.5086507383196491
12,0.707397432973389,0.01402,0.74285,0.5004111281773403
13,0.7003068537977818,0.01374,0.75659,0.49042968947614773
