PC,std.dev,percent,cumulative,lambda
1,2.098716273485077,0.26016,0.26016,4.404609996591088
2,1.6274286090971715,0.15644,0.4166,2.6485238777079543
3,1.3245965520803225,0.10363,0.52023,1.7545560257830783
4,1.223970523821802,0.08849,0.60872,1.4981038431846163
5,0.8947021819612274,0.04728,0.656,0.8004919944061812
6,0.6981315328882064,0.02879,0.68479,0.4873876372128368
7,0.6412551540869426,0.02429,0.70908,0.41120817264306847
8,0.6002374894393653,0.02128,0.73036,0.36028504372847214
9,0.5847800162170518,0.0202,0.75056,0.34196766736681533
