PC,std.dev,percent,cumulative,lambda
1,2.895762552963076,0.14823,0.14823,8.385440763143233
2,2.6069585262910264,0.12014,0.26837,6.79623275780148
3,2.1724127399386037,0.08343,0.3518,4.7193771126475514
4,1.9381158080053313,0.0664,0.4182,3.7562928852401583
5,1.870904777674373,0.06188,0.48008,3.500284687124795
6,1.6943695018856253,0.05075,0.53083,2.870888008920142
7,1.4927817169336652,0.03939,0.57022,2.2283972544114214
8,1.3773499444612647,0.03354,0.60376,1.897092869507449
9,1.302197823874274,0.02998,0.63373,1.6957191725028946
10,1.2180357908498443,0.02623,0.65996,1.4836111877912055
11,1.035064970306451,0.01894,0.6789,1.0713594927554941
12,0.9671804836652775,0.01654,0.69543,0.9354380879830002
13,0.9573018635516414,0.0162,0.71163,0.9164268579594455
14,0.9296566249703797,0.01528,0.72691,0.8642614403513172
15,0.8867413665195836,0.0139,0.74081,0.7863102510970185
16,0.8444151485543345,0.0126,0.75342,0.7130369431080389
