PC,std.dev,percent,cumulative,lambda
1,3.767800822209106,0.20644,0.20644,14.196323035839615
2,3.3410480189224314,0.16232,0.36876,11.162601864745504
3,2.594777215720973,0.09791,0.46666,6.732868799224686
4,2.4361604758640523,0.0863,0.55296,5.934877864162166
5,2.1841336758631242,0.06937,0.62233,4.770439914039363
6,1.836240415873774,0.04903,0.67137,3.3717788648882903
7,1.5478627847748723,0.03484,0.7062,2.3958792004910228
8,1.3114173580577473,0.02501,0.73121,1.7198154870151618
9,1.2524472705126484,0.02281,0.75402,1.568624165414583
