PC,std.dev,percent,cumulative,lambda
1,2.7217405629425633,0.27111,0.27111,7.407871691966902
2,2.0070893110474524,0.14743,0.41854,4.028407502520937
3,1.5759756014476733,0.0909,0.50944,2.4836990963583556
4,1.3605787308465063,0.06775,0.57719,1.8511744828318897
5,1.1632781071357938,0.04952,0.62671,1.3532159545414355
6,0.8804050958737129,0.02837,0.65508,0.7751131328404015
7,0.8265797076891148,0.025,0.68008,0.6832340131634225
8,0.7477455452521576,0.02046,0.70055,0.5591234004444465
9,0.7360388533587165,0.01983,0.72037,0.5417531936536143
10,0.695569592351937,0.01771,0.73808,0.4838170578046399
11,0.6529015312974173,0.0156,0.75368,0.42628040957051244
