PC,std.dev,percent,cumulative,lambda
1,2.6070870174504894,0.14827,0.14827,6.796902716558889
2,2.2771718538326216,0.11312,0.26139,5.185511651887499
3,2.186362984739458,0.10428,0.36567,4.780183101038831
4,1.8696639978622112,0.07626,0.44192,3.4956434649021064
5,1.64130857406558,0.05877,0.50069,2.6938938353011874
6,1.398435800543482,0.042659999999999997,0.54335,1.9556226882416894
7,1.3497332793744585,0.03974,0.58309,1.8217799254509301
8,1.3034225127782408,0.03706,0.62015,1.6989102468171433
9,1.217914069532892,0.03236,0.65251,1.4833146807661701
10,1.0762560249997208,0.02527,0.67778,1.1583270313481997
11,0.9917952079031236,0.02146,0.69924,0.9836577344196001
12,0.8780667324740538,0.01682,0.71606,0.7710011866776615
13,0.8728347968645576,0.01662,0.73268,0.7618405826175935
14,0.7945293781969228,0.01377,0.74645,0.6312769328179888
15,0.7765996179334771,0.01316,0.7596,0.6031069665744226
