PC,std.dev,percent,cumulative,lambda
1,2.7774085950012264,0.37619,0.37619,7.713998503586686
2,1.5553215388179908,0.11797,0.49416,2.419025089111163
3,1.0510328530194941,0.05387,0.54803,1.1046700581262976
4,1.019866180754145,0.05072,0.59875,1.0401270266460463
5,0.8977194096930342,0.0393,0.63805,0.8059001385396098
6,0.8551695548583755,0.03566,0.67372,0.7313149675566721
7,0.8114527806113256,0.03211,0.70583,0.6584556151618521
8,0.7512314794939936,0.02752,0.73335,0.5643487357827345
9,0.6925383493957489,0.02339,0.75674,0.47960936538378834
