PC,std.dev,percent,cumulative,lambda
1,3.4566239083805095,0.18665,0.18665,11.948248843987749
2,2.723928440108872,0.11591,0.30256,7.419786146833952
3,2.1906026956662523,0.07496,0.37753,4.798740170260252
4,2.0488405828361667,0.06558,0.4431,4.197747733876443
5,1.8924392739870632,0.05595,0.49905,3.581326405728683
6,1.596440745648125,0.03981,0.53886,2.5486230543655415
7,1.5118265242205666,0.03571,0.57457,2.2856194393368394
8,1.4021949097515196,0.03071,0.60528,1.9661505649330722
9,1.2403211008376027,0.02403,0.62931,1.5383964331830027
10,1.2161707523881307,0.02311,0.65242,1.4790712989643118
11,1.1327959704745494,0.02005,0.67246,1.2832267107233761
12,1.0518499028324038,0.01728,0.68975,1.1063882180885372
13,1.0274469671734452,0.01649,0.70624,1.0556472703539106
14,0.9953318672447449,0.01548,0.72172,0.9906855259529105
15,0.972388248369277,0.01477,0.73649,0.9455389055666706
16,0.9310274430001536,0.01354,0.75003,0.8668120996194043
