PC,std.dev,percent,cumulative,lambda
1,2.3032862379485195,0.25199,0.25199,5.305127493923044
2,1.7765423087524959,0.14991,0.40191,3.1561025747876483
3,1.423856825049172,0.0963,0.49821,2.027368258239109
4,1.3519437577611173,0.08682,0.58502,1.8277519241492506
5,1.019328237299704,0.04935,0.63438,1.0390300553565215
6,0.7861299467362427,0.02935,0.66373,0.6180002931555277
7,0.7156680892467403,0.02433,0.68806,0.5121808139660803
8,0.6875772748683925,0.02246,0.71052,0.47276250891544497
9,0.6498722441598288,0.02006,0.73058,0.42233393372933214
10,0.6137381197055303,0.01789,0.74847,0.3766744795796798
11,0.5902171079103343,0.01655,0.76502,0.3483562344700392
