PC,std.dev,percent,cumulative,lambda
1,2.757480011749471,0.14096,0.14096,7.603696015197862
2,2.5363085761912796,0.11925,0.26021,6.432861193661436
3,2.1516947687521393,0.08583,0.34604,4.629790377875322
4,2.0288002226399193,0.0763,0.42234,4.116030343383787
5,1.732272511510132,0.05563,0.47797,3.0007680541336206
6,1.601842519699837,0.04757,0.52554,2.5658994579183223
7,1.4909160256192822,0.04121,0.56675,2.222830595448396
8,1.2854234113062777,0.03063,0.59738,1.6523133463342679
9,1.2138707880225352,0.02732,0.62469,1.4734822900144506
10,1.0892566687798115,0.022,0.64669,1.186480090481292
11,1.0669371957878337,0.0211,0.66779,1.1383549797556063
12,1.010539769089562,0.01893,0.68672,1.021190624911585
13,0.9909374807766523,0.0182,0.70492,0.9819570908079782
14,0.9006386225935117,0.01504,0.71996,0.811149928507138
15,0.8607908947260151,0.01374,0.7337,0.7409609644432136
16,0.856612095241491,0.0136,0.7473,0.7337842817140172
17,0.8397517029406891,0.01307,0.76037,0.7051829225917874
