PC,std.dev,percent,cumulative,lambda
1,2.6053937811835644,0.22226,0.22226,6.788076755029991
2,2.1733358131551936,0.15465,0.37691,4.723388556742947
3,2.0878793406565115,0.14273,0.51964,4.359240141140269
4,1.2430779461587966,0.05059,0.57023,1.5452427802263722
5,1.0745959915312273,0.03781,0.60804,1.1547565450149815
6,1.0072635845773326,0.03322,0.64126,1.0145799288155772
7,0.956605714722415,0.02996,0.67122,0.9150944934395824
8,0.8790486357110325,0.0253,0.69652,0.7727265039454276
9,0.7613376828074253,0.01898,0.7155,0.5796350672625797
10,0.7179713761673135,0.01688,0.73238,0.515482896995586
11,0.6893103041552247,0.01556,0.74794,0.47514869541456833
12,0.671871061960527,0.01478,0.76272,0.45141072389996634
