0	1	1	1	1	2	1	2	1	2	1	1	1	1	1	1	1	1	1	1	2	1	1	1	1	1
1	1	1	1	1	2	2	2	1	1	1	2	1	1	1	1	1	1	1	2	2	1	1	1	2	2
2	1	1	1	1	2	2	2	1	2	1	2	1	1	1	1	1	1	1	2	2	1	1	1	2	2
3	1	1	1	1	2	2	2	1	2	1	2	1	1	1	1	1	1	1	2	2	1	1	1	2	2
4	2	1	1	2	2	1	2	1	1	1	1	1	1	1	1	1	1	2	1	2	1	2	1	1	1
5	2	1	1	2	2	1	2	1	1	1	1	1	1	1	1	1	1	2	1	2	1	2	1	1	1
6	2	1	2	1	2	2	2	2	1	1	2	1	1	1	1	2	2	1	2	2	2	1	1	2	2
7	2	1	2	1	1	1	2	2	1	1	1	1	1	1	1	2	2	1	1	2	2	1	1	1	1
8	1	1	1	1	2	2	2	1	2	1	2	1	1	1	1	1	1	1	2	2	1	1	1	2	2
9	1	1	1	1	2	2	2	1	2	1	2	1	1	1	1	1	1	1	2	2	1	1	1	2	2
10	2	1	2	1	2	2	2	2	1	1	2	1	1	1	1	2	2	1	2	2	2	1	1	2	2
11	2	1	2	1	1	1	2	2	1	1	1	1	2	2	2	2	2	1	1	2	2	1	1	1	1
12	2	1	1	2	2	1	2	1	1	1	1	1	1	1	1	1	1	2	1	2	1	2	1	1	1
13	2	1	2	1	2	1	2	2	2	1	1	1	2	2	2	1	2	1	1	2	2	1	1	1	1
14	1	1	1	1	2	2	2	1	1	1	2	1	1	1	1	1	1	1	2	2	1	1	1	2	2
15	1	1	1	1	1	1	1	1	1	1	1	1	1	1	1	1	1	1	1	2	1	1	1	1	1
16	1	1	1	1	1	1	1	1	1	1	1	1	1	1	1	1	1	1	1	2	1	1	1	1	1
17	1	1	1	1	1	1	1	1	1	1	1	1	1	1	1	1	1	1	1	2	1	1	1	1	1
18	1	1	1	1	1	1	1	1	1	1	1	1	1	1	1	1	1	1	1	2	1	1	1	1	1
19	1	1	1	1	1	1	1	1	1	1	1	1	1	1	1	1	1	1	1	2	1	1	1	1	1
20	1	1	1	1	2	2	2	1	1	1	2	1	1	1	1	1	1	1	2	2	1	1	1	2	2
21	2	1	2	1	2	1	2	2	2	1	1	1	1	1	1	2	2	1	1	2	2	1	1	1	1
22	2	1	2	1	2	2	2	2	1	1	2	1	1	1	1	2	2	1	2	2	2	1	1	2	2
23	2	1	2	1	2	2	2	2	1	1	2	1	1	1	1	2	2	1	2	2	2	1	1	2	2
24	1	1	1	1	2	2	2	1	1	1	2	1	1	1	1	1	1	1	2	2	1	1	1	2	2
25	2	1	2	1	1	1	2	2	1	1	1	1	2	2	2	1	2	1	1	2	2	1	1	1	1
26	2	1	2	1	1	1	2	2	1	1	1	1	1	1	1	2	2	1	1	2	2	1	1	1	1
27	2	1	2	1	1	1	2	2	1	1	1	1	2	2	2	2	2	1	1	2	2	1	1	1	1
28	2	1	2	1	1	1	2	2	1	1	1	1	2	2	2	2	2	1	1	2	2	1	1	1	1
29	1	1	1	1	2	1	2	1	2	1	1	1	1	1	1	1	1	1	1	2	1	1	1	1	1
30	2	1	2	1	2	2	2	2	1	1	2	1	2	2	2	1	2	1	2	2	2	1	1	2	2
31	2	1	2	1	2	1	2	2	2	1	1	1	1	1	1	2	2	1	1	2	2	1	1	1	1
32	2	1	2	1	1	1	2	2	1	1	1	1	2	2	2	2	2	1	1	2	2	1	1	1	1
33	2	1	2	1	2	1	2	2	2	1	1	1	1	1	1	2	2	1	1	2	2	1	1	1	1
34	2	1	2	1	1	1	2	2	1	1	1	1	1	1	1	2	2	1	1	2	2	1	1	1	1
35	2	1	2	2	2	1	2	2	1	1	1	1	1	1	1	2	2	2	1	2	2	2	1	1	1
36	2	1	2	1	2	1	2	2	2	1	1	1	1	1	1	2	2	1	1	2	2	1	1	1	1
37	2	1	2	1	1	1	2	2	1	1	1	1	2	2	2	1	2	1	1	2	2	1	1	1	1
38	1	1	1	1	2	2	2	1	1	1	2	1	1	1	1	1	1	1	2	2	1	1	1	2	2
39	2	1	2	1	1	1	2	2	1	1	1	1	2	2	2	1	2	1	1	2	2	1	1	1	1
40	2	1	2	1	2	2	2	2	1	1	2	1	1	1	1	2	2	1	2	2	2	1	1	2	2
41	2	1	2	1	1	1	2	2	1	1	1	1	2	2	2	2	2	1	1	2	2	1	1	1	1
42	2	1	2	1	2	1	2	2	2	1	1	1	2	2	2	1	2	1	1	2	2	1	1	1	1
43	2	1	2	1	2	1	2	2	2	1	1	1	2	2	2	1	2	1	1	2	2	1	1	1	1
44	2	1	2	1	2	1	2	2	2	1	1	1	1	1	1	2	2	1	1	2	2	1	1	1	1
45	2	1	2	2	2	1	2	2	1	1	1	1	1	1	1	2	2	2	1	2	2	2	1	1	1
46	2	1	2	1	2	1	2	2	2	1	1	1	1	1	1	2	2	1	1	2	2	1	1	1	1
47	2	1	2	1	1	1	2	2	1	1	1	1	1	1	1	2	2	1	1	2	2	1	1	1	1
48	2	1	2	1	1	1	2	2	1	1	1	1	1	1	1	2	2	1	1	2	2	1	1	1	1
49	2	1	1	2	2	1	2	1	2	1	1	1	1	1	1	1	1	2	1	2	1	2	1	1	1
50	2	1	2	1	2	1	2	2	2	1	1	1	2	2	2	1	2	1	1	2	2	1	1	1	1
51	2	1	2	1	2	1	2	2	2	1	1	1	1	1	1	2	2	1	1	2	2	1	1	1	1
52	2	1	2	1	2	1	2	2	2	1	1	1	1	1	1	2	2	1	1	2	2	1	1	1	1
53	2	1	2	1	1	1	2	2	1	1	1	1	2	2	2	1	2	1	1	2	2	1	1	1	1
54	2	1	2	1	1	1	2	2	1	1	1	1	2	2	2	2	2	1	1	2	2	1	1	1	1
55	2	1	2	1	2	1	2	2	2	1	1	1	1	1	1	2	2	1	1	2	2	1	1	1	1
56	2	1	2	1	1	1	2	2	1	1	1	1	2	2	2	2	2	1	1	2	2	1	1	1	1
57	2	1	2	1	2	2	2	2	1	1	2	1	2	2	2	1	2	1	2	2	2	1	1	2	2
58	1	1	1	1	2	2	2	1	2	1	2	1	1	1	1	1	1	1	2	2	1	1	1	2	2
59	2	1	2	1	2	1	2	2	2	1	1	1	2	2	2	1	2	1	1	2	2	1	1	1	1
60	2	1	2	1	2	1	2	2	2	1	1	1	2	2	2	1	2	1	1	2	2	1	1	1	1
61	2	1	2	1	1	1	2	2	1	1	1	1	2	2	2	2	2	1	1	2	2	1	1	1	1
62	2	1	2	2	2	1	2	2	1	1	1	1	1	1	1	2	2	2	1	2	2	2	1	1	1
63	2	1	2	2	2	1	2	2	1	1	1	1	1	1	1	2	2	2	1	2	2	2	1	1	1
64	2	1	2	2	2	1	2	2	1	1	1	1	2	2	2	1	2	2	1	2	2	2	1	1	1
65	2	1	1	2	2	1	2	1	2	1	1	1	1	1	1	1	1	2	1	2	1	2	1	1	1
66	1	1	1	1	2	2	2	1	2	1	2	1	1	1	1	1	1	1	2	2	1	1	1	2	2
67	1	1	1	1	2	1	2	1	2	1	1	1	1	1	1	1	1	1	1	2	1	1	1	1	1
68	1	1	1	1	2	1	2	1	2	1	1	1	1	1	1	1	1	1	1	2	1	1	1	1	1
69	1	1	1	1	2	1	2	1	2	1	1	1	1	1	1	1	1	1	1	2	1	1	1	1	1
70	2	1	2	1	2	1	2	2	2	1	1	1	1	1	1	2	2	1	1	2	2	1	1	1	1
71	2	1	2	1	1	1	2	2	1	1	1	1	2	2	2	2	2	1	1	2	2	1	1	1	1
72	2	1	2	1	1	1	2	2	1	1	1	1	1	1	1	2	2	1	1	2	2	1	1	1	1
73	1	1	1	1	2	1	2	1	2	1	1	1	1	1	1	1	1	1	1	2	1	1	1	1	1
74	2	1	2	1	1	1	2	2	1	1	1	1	2	2	2	2	2	1	1	2	2	1	1	1	1
75	2	1	2	1	1	1	2	2	1	1	1	1	2	2	2	2	2	1	1	2	2	1	1	1	1
76	2	1	2	1	2	1	2	2	2	1	1	1	2	2	2	1	2	1	1	2	2	1	1	1	1
77	2	1	2	1	1	1	2	2	1	1	1	1	1	1	1	2	2	1	1	2	2	1	1	1	1
78	2	1	2	1	1	1	2	2	1	1	1	1	2	2	2	2	2	1	1	2	2	1	1	1	1
79	2	1	2	1	1	1	2	2	1	1	1	1	2	2	2	1	2	1	1	2	2	1	1	1	1
80	2	1	2	1	2	2	2	2	1	1	2	1	1	1	1	2	2	1	2	2	2	1	1	2	2
81	2	1	2	1	2	1	2	2	2	1	1	1	2	2	2	1	2	1	1	2	2	1	1	1	1
82	2	1	2	1	1	1	2	2	1	1	1	1	2	2	2	2	2	1	1	2	2	1	1	1	1
83	2	1	2	1	2	1	2	2	2	1	1	1	2	2	2	1	2	1	1	2	2	1	1	1	1
84	1	1	1	1	2	1	2	1	2	1	1	1	1	1	1	1	1	1	1	2	1	1	2	1	1
85	1	1	1	1	2	1	2	1	2	1	1	1	1	1	1	1	1	1	1	2	1	1	2	1	1
86	1	1	1	1	2	1	2	1	2	2	1	1	1	1	1	1	1	1	1	2	1	1	1	1	1
87	1	1	1	1	2	1	2	1	2	2	1	1	1	1	1	1	1	1	1	2	1	1	1	1	1
88	2	1	2	1	2	1	2	2	2	1	1	1	1	1	1	2	2	1	1	2	2	1	1	1	1
89	1	1	1	1	2	1	2	1	2	1	1	1	1	1	1	1	1	1	1	2	1	1	1	1	1
90	1	1	1	1	2	1	2	1	2	1	1	1	1	1	1	1	1	1	1	2	1	1	1	1	1
91	1	1	1	1	2	1	2	1	2	1	1	1	1	1	1	1	1	1	1	2	1	1	1	1	1
92	2	1	2	1	2	1	2	2	2	1	1	1	2	2	2	1	2	1	1	2	2	1	1	1	1
93	2	1	2	1	1	1	2	2	1	1	1	1	2	2	2	2	2	1	1	2	2	1	1	1	1
94	1	1	1	1	2	2	2	1	2	1	2	1	1	1	1	1	1	1	2	2	1	1	1	2	2
95	2	1	2	1	1	1	2	2	1	1	1	1	2	2	2	2	2	1	1	2	2	1	1	1	1
96	2	1	2	1	1	1	2	2	1	2	1	1	1	1	1	2	2	1	1	2	2	1	1	1	1
97	2	1	2	1	1	1	2	2	1	1	1	1	2	2	2	2	2	1	1	2	2	1	1	1	1
98	1	1	1	1	1	1	1	1	1	1	1	1	1	1	1	1	1	1	1	2	1	1	1	1	1
99	2	1	2	1	1	1	2	2	1	1	1	1	2	2	2	2	2	1	1	2	2	1	1	1	1
100	2	1	2	1	1	1	2	2	1	1	1	1	2	2	2	2	2	1	1	2	2	1	1	1	1
