Individual,PC,score
1,1,-0.4134341291514454
1,2,0.0423716563307882
1,3,0.2993059194524966
1,4,0.23261923953706642
1,5,0.7023039572414757
1,6,-0.3298215909665081
1,7,-0.0680555713402107
1,8,-0.6066671725753365
2,1,0.1557571589206728
2,2,0.36808486683435476
2,3,-0.08683794713642685
2,4,1.8136557919828764
2,5,-0.9487402869379481
2,6,-0.16008064765470711
2,7,0.9768940430035358
2,8,-0.026166515477313475
3,1,0.41383004568147946
3,2,0.23498901926389223
3,3,-0.0016210776188953543
3,4,1.6304441629832043
3,5,-0.8803720847945198
3,6,-0.29360765012984635
3,7,0.7104473990818699
3,8,-0.006277731013335154
4,1,-0.13837290699128565
4,2,-0.023195656068735776
4,3,7.914600571320266e-4
4,4,-0.10066024534636367
4,5,0.1291737341445986
4,6,-0.2549805765703446
4,7,0.04751316757457725
4,8,0.030933342674189603
5,1,-0.13850090414855706
5,2,0.08244891129521972
5,3,0.357922354335713
5,4,0.12296920291695339
5,5,0.36197661221091565
5,6,0.15807630876487358
5,7,0.09016448422867465
5,8,0.21561485656237686
6,1,-0.10443596921937165
6,2,0.1597142304649631
6,3,0.17067455758337627
6,4,-0.0925560179754278
6,5,0.04087758518839173
6,6,0.1419866549211764
6,7,0.07056693942033676
6,8,0.07693626203513458
7,1,-0.27845601957440014
7,2,-0.007419892898290115
7,3,0.7278663187894645
7,4,-1.0504236567028795
7,5,-0.9387244835290667
7,6,-0.25853459008376767
7,7,0.4148141310484396
7,8,-0.03938782785119468
8,1,-0.19608453102960804
8,2,-1.0252586245993442
8,3,-0.5155984283739312
8,4,0.07412178475527463
8,5,-0.21072624997141912
8,6,-0.1763725890721007
8,7,0.21041244907138637
8,8,-0.1115220031417234
9,1,3.035731493623534
9,2,-0.20291588057269136
9,3,0.029069201918004776
9,4,-0.059491975267824966
9,5,0.06160080813327245
9,6,-0.19242024064831809
9,7,5.822948819388485e-5
9,8,0.28179430911063313
10,1,2.9678013862886465
10,2,-0.6311535697040472
10,3,0.47266434022282716
10,4,-5.864757047394632e-4
10,5,0.3665161756865588
10,6,0.1970153350456124
10,7,0.07699842559221683
10,8,-0.2776382378679844
11,1,-0.2656317566323597
11,2,1.0260905537068671e-4
11,3,0.013605690068394169
11,4,0.11127694994041687
11,5,-0.0027400213685100363
11,6,-0.03394067630306604
11,7,-0.1718495263144233
11,8,-0.10328627052029714
12,1,-0.23084971146890731
12,2,0.14792715404653983
12,3,0.21626217661534275
12,4,-0.08260346465453812
12,5,0.2542059601237606
12,6,-0.18406532044781415
12,7,0.09107334676579015
12,8,-0.015906785256212433
13,1,-0.20039467594133403
13,2,0.2701369864936056
13,3,0.21534864871351317
13,4,0.17165774209865772
13,5,0.09208443021320173
13,6,0.06702385874202792
13,7,-0.0715601573859959
13,8,0.21254216608596724
14,1,-0.02207952439197522
14,2,0.11933395426953965
14,3,0.2180551275877204
14,4,0.004069536469453193
14,5,0.08117985003814845
14,6,-0.10128838615341447
14,7,-0.008115543618608664
14,8,0.23245082905171244
15,1,-0.17346531343513527
15,2,-0.4842273169206819
15,3,-0.43223453750069984
15,4,0.0433109010853115
15,5,0.17828587970353615
15,6,0.15846823270954116
15,7,-0.052517688436177504
15,8,-0.029780799815981605
16,1,-0.2881828909365019
16,2,0.44150090218100024
16,3,0.20189869215876402
16,4,-0.11456059131590052
16,5,0.6628395419861098
16,6,-0.004408904337519162
16,7,0.15332699353931564
16,8,-0.8563666213811226
17,1,-0.37216089439034955
17,2,-0.007651110340314824
17,3,0.24484720990080985
17,4,-0.14780642009367287
17,5,0.11552842478370152
17,6,-0.2529312121838918
17,7,0.06530026794711646
17,8,-0.034870795116427204
18,1,-0.14154196877179592
18,2,0.20596949069423184
18,3,0.24601278642514796
18,4,0.18302536623443882
18,5,0.5011280793957738
18,6,-0.12566904610305124
18,7,-0.04799644400683366
18,8,-0.7501555899521803
19,1,-0.2706339062657682
19,2,0.1397825620156237
19,3,-0.0017145411679186967
19,4,-0.0349459987234816
19,5,0.4506585760821922
19,6,-0.2548373107959437
19,7,0.13698770668335647
19,8,-0.5552233816632394
20,1,-0.19017909146546466
20,2,0.0390519167379118
20,3,-0.056407675477140505
20,4,-0.06213008605827524
20,5,0.2781237551790002
20,6,0.023960396032204873
20,7,0.14466933400069268
20,8,0.03291652875556176
21,1,-0.25761262728944967
21,2,0.10661186283469935
21,3,0.09411849884345412
21,4,-0.13396430905221285
21,5,0.18191724492901593
21,6,-0.06908128382024215
21,7,-0.0611274808472159
21,8,0.06224800150706802
22,1,-0.3362396015569047
22,2,0.03434793682516936
22,3,-0.12294234929342951
22,4,0.01389324140043173
22,5,0.032376138051310725
22,6,0.0984609177296731
22,7,-0.10512484475414643
22,8,0.02340969954694835
23,1,0.24996153929588946
23,2,0.8602348245707915
23,3,-1.4393805049274773
23,4,-0.7855304412588042
23,5,0.29606114740741535
23,6,0.1789656362765314
23,7,0.8388194802716248
23,8,0.15412043350369933
24,1,-0.05897198339211649
24,2,0.14778243492846013
24,3,8.940586332366326e-4
24,4,0.12754943794751664
24,5,0.11483710797499366
24,6,0.17112029990862684
24,7,-0.03291673554731406
24,8,0.07144055268339693
25,1,-0.36125712009801325
25,2,0.09363639097765117
25,3,-0.1413567040244747
25,4,0.19698810643213527
25,5,0.046896125575851384
25,6,0.009498131304814398
25,7,-0.006507253323768328
25,8,-0.0334450425169956
26,1,-0.237565732463595
26,2,0.004952381543003398
26,3,0.2039051045939135
26,4,0.22310586882098124
26,5,0.14537229487429984
26,6,-0.06465738676282337
26,7,-0.07278322742512172
26,8,-0.05760814818181206
27,1,0.17366971847938106
27,2,0.9183678545693477
27,3,-1.5861610154585069
27,4,-0.6791587934452789
27,5,0.30299052399027493
27,6,0.29011446783784606
27,7,0.781319726218031
27,8,0.17284047813229939
28,1,0.016697058524170222
28,2,0.11971137364440794
28,3,0.032670279442868794
28,4,0.10277174072990504
28,5,0.05986355885798902
28,6,0.003580768240542451
28,7,0.1714066942137975
28,8,-0.06956576864906913
29,1,-0.2444556809613872
29,2,0.16213149939740754
29,3,0.32706049625778255
29,4,0.03032821463092676
29,5,0.20368376746750064
29,6,0.6791370497343063
29,7,0.07725841645508622
29,8,0.12377028368359001
30,1,0.16671394506555243
30,2,0.2730267246139221
30,3,-0.10865264639522755
30,4,0.3923957261911376
30,5,-0.5581520725821796
30,6,0.2024417752254167
30,7,-0.17564978711802978
30,8,-0.30721535639312714
31,1,-0.05210380600467415
31,2,0.27320947919996
31,3,0.24683213859339537
31,4,0.07007083250814679
31,5,0.1794539783029218
31,6,0.5103907016154609
31,7,0.11713752659842844
31,8,0.07723589850262792
32,1,0.333293710882585
32,2,0.6197645760984734
32,3,-0.3540915737990131
32,4,0.1429918458730086
32,5,-0.2910289784078791
32,6,-0.28180725209782853
32,7,-0.2059627940858948
32,8,-0.14257885509882368
33,1,-0.03189713753957996
33,2,0.21497094535334088
33,3,0.07402428263703661
33,4,0.18438019058762273
33,5,0.03025823185041502
33,6,-0.035006595296146296
33,7,-0.06246392918036816
33,8,0.12212863455830791
34,1,-0.36094267649501216
34,2,-1.0485917858236415
34,3,-0.4302599679587155
34,4,-0.12449746745323245
34,5,-0.05414536636801823
34,6,-0.031659171904691134
34,7,0.12834268227681747
34,8,0.07884661792566633
35,1,-0.008697535908227253
35,2,0.2957848921346745
35,3,0.2281270938469378
35,4,-0.12894963359371614
35,5,0.08828038182533306
35,6,0.01440717331611646
35,7,-0.12642644047811666
35,8,-0.04708243494233601
36,1,-0.4152347534502133
36,2,-0.6449943046841083
36,3,-0.1783933795109874
36,4,0.2800718369614071
36,5,0.015284389868397205
36,6,0.17573855790561094
36,7,0.09032755826286744
36,8,0.03318470252407551
37,1,-0.3225212023435463
37,2,0.16971272803149412
37,3,0.23561565788477856
37,4,0.1729417837871229
37,5,0.05758199786695121
37,6,0.7389063464585495
37,7,0.19006646609474415
37,8,0.05403468999663416
38,1,-0.31734025412422706
38,2,0.1811822286074518
38,3,0.1499355356106872
38,4,-0.015107608252214206
38,5,0.25938150094235213
38,6,-0.05447786071135931
38,7,0.025417061883042453
38,8,0.31510249324451217
39,1,0.01442797659128975
39,2,0.2257789950569045
39,3,0.3159868897259117
39,4,-0.17147649646699736
39,5,0.05809719842662253
39,6,-0.01605112831232361
39,7,-0.0948742305212549
39,8,0.18700475763969002
40,1,-0.4719644919857106
40,2,-1.2985457414140995
40,3,-0.5561221556495833
40,4,-0.002598379326995209
40,5,-0.30586566338306226
40,6,-0.12379161995168052
40,7,-0.0028337008719383017
40,8,-0.048510580987882024
41,1,0.13111716081399424
41,2,0.4806517439961232
41,3,-0.17511659820221603
41,4,-0.10383975362559537
41,5,-0.09652868229916896
41,6,-0.48632165357262597
41,7,-0.3021349094976307
41,8,0.1764349079772522
42,1,0.046865236501010224
42,2,0.34039750893031145
42,3,-0.21157314851421385
42,4,0.10043617110427114
42,5,0.3720134635486278
42,6,-0.3452919570727515
42,7,-0.05580355607972863
42,8,0.2915745959401339
43,1,-0.2235264500635256
43,2,-0.10919274734915015
43,3,0.06984673138717384
43,4,-0.010104500084130495
43,5,0.06905974990402479
43,6,0.11551137529268758
43,7,-0.05856210021766809
43,8,-0.1794531570833096
44,1,-0.22518152557580398
44,2,0.2639521244852577
44,3,0.11234112407249125
44,4,-0.15200866194488832
44,5,0.0492245459999188
44,6,-0.08574445921414478
44,7,0.10488311643718319
44,8,0.11385117062469374
45,1,-0.07295440497202484
45,2,0.29728347961057056
45,3,0.13590153558117837
45,4,-0.022077614416520834
45,5,0.213037479734234
45,6,0.6399905581851969
45,7,0.0011265406219407596
45,8,-0.11271012347238223
46,1,-0.30112306193643185
46,2,0.06968328191967117
46,3,-0.0352956656709473
46,4,-0.02104913778876489
46,5,0.10976536105285335
46,6,-0.30296502101655304
46,7,0.061919041714477895
46,8,-0.05479404016219159
47,1,0.07154803697417571
47,2,0.31147123359630696
47,3,0.1404556633233212
47,4,0.08002480206841792
47,5,-0.00380481573811334
47,6,0.1798669160686948
47,7,-0.2424232701888908
47,8,0.13906173131140692
48,1,-0.21016320024629317
48,2,-0.1513424059922674
48,3,0.1234249217132501
48,4,0.05060766076183301
48,5,0.07196153264831957
48,6,-0.13521136623112295
48,7,-0.10466093690512736
48,8,0.5927853329611571
49,1,-0.23077797150462442
49,2,-0.09619204916321357
49,3,0.20874777137189535
49,4,0.117224682693479
49,5,0.17275153341051627
49,6,-0.271342992832998
49,7,0.14485488480088315
49,8,0.5939351998931791
50,1,-0.18222846323926684
50,2,0.08446792423771533
50,3,0.12484028326028539
50,4,0.07199266283084275
50,5,-0.2113214687094627
50,6,-0.2398754109488593
50,7,0.0743176155204895
50,8,0.682377191237971
51,1,-0.1391325646287298
51,2,-0.04076920251101735
51,3,0.11789275936043947
51,4,-0.06547085842097208
51,5,0.2040550843319228
51,6,-0.1510043090860016
51,7,0.03928243171614232
51,8,0.07669774263902397
52,1,-0.0801111432771227
52,2,0.2316025462438718
52,3,0.3498042305150181
52,4,0.02398961063984635
52,5,0.2322069051699985
52,6,0.10332845714477622
52,7,-0.16659587087354624
52,8,0.28699230826522
53,1,-0.2952409131002494
53,2,-0.3898205461858742
53,3,-0.21260345903198904
53,4,0.1961616246134914
53,5,0.34407532937957497
53,6,-0.12182655596765227
53,7,0.029200201078580703
53,8,-0.02270443185971227
54,1,0.07895879930851751
54,2,0.22513806000428901
54,3,-0.11617181956485724
54,4,0.2489982154173008
54,5,-0.30744347739845257
54,6,0.20105540740600808
54,7,-0.27203804980725516
54,8,-0.3691024078040996
55,1,3.24411899726143
55,2,-0.26693135250413624
55,3,-0.061260966692832874
55,4,-0.26922374066266247
55,5,0.025069497013573114
55,6,-0.19032848008151515
55,7,-0.0583824520375351
55,8,0.25284471348537163
56,1,0.010323891243096392
56,2,0.6503853163330069
56,3,-0.39779724403995453
56,4,0.07062300524640802
56,5,-0.20969841407810788
56,6,-0.8582776842408201
56,7,-0.6093282165335114
56,8,0.23086643355150852
57,1,3.2063293350349666
57,2,-0.1641829424886172
57,3,-0.21018452999343037
57,4,-0.2412489012410119
57,5,0.09586823533740756
57,6,-0.09911360448554274
57,7,0.2082134863153009
57,8,0.046718626036900114
58,1,-0.36124705948344604
58,2,-0.7417751413289259
58,3,-0.29068374103941896
58,4,0.23797000967259563
58,5,0.34792085452065363
58,6,-0.0013199247961425747
58,7,0.10520825484885428
58,8,-0.24133165427791567
59,1,-0.28480688315397307
59,2,0.39517833913807315
59,3,0.002130153521987488
59,4,-0.08001493732087904
59,5,0.18902474911790862
59,6,0.035525434303293045
59,7,0.010753270878283929
59,8,0.20246301580318787
60,1,-0.2990198488670587
60,2,0.30450302737079327
60,3,0.27281598214901887
60,4,0.06927221933130526
60,5,0.1415731991705359
60,6,-0.16959648568477972
60,7,0.18701505245407465
60,8,0.046886932029435155
61,1,2.8094096067632526
61,2,-0.691984640054399
61,3,0.5707307412877809
61,4,0.13947151277364853
61,5,-0.01970710741841241
61,6,0.3271207250863151
61,7,-0.3928771981623754
61,8,-0.32959589835265934
62,1,-0.36733507061269444
62,2,0.21463987538651427
62,3,0.7890022762495439
62,4,-0.9347404168105262
62,5,-0.8146478656337619
62,6,-0.10850550889808043
62,7,0.25758063761142636
62,8,-0.21622180458770884
63,1,-0.20952964533185067
63,2,0.2232662138916807
63,3,-0.1364815176619642
63,4,0.03220638953827374
63,5,0.1880566167219854
63,6,0.08512856233540514
63,7,-0.17410421240238363
63,8,-0.07147575853269995
64,1,-0.3841481280799707
64,2,0.34441227707045846
64,3,0.21688852145713777
64,4,-0.15716220883319945
64,5,0.050148743433447655
64,6,0.05284625786471959
64,7,-0.1852503147923668
64,8,0.004826007498034239
65,1,-0.11492466515013615
65,2,0.22248509711144027
65,3,0.183559260308193
65,4,-0.029599627357261585
65,5,0.3557116415550918
65,6,-0.15435139715838467
65,7,-0.08218265571703573
65,8,0.16251752567206046
66,1,0.21946821350363538
66,2,1.0815591463777638
66,3,-0.8648559460388088
66,4,0.16708709640134334
66,5,-0.7192804124417719
66,6,-0.684185990689049
66,7,-1.1013251123667473
66,8,-0.3990866623151316
67,1,0.4731305977327661
67,2,1.1346236515329524
67,3,-2.2852470100037685
67,4,-0.46896027424508135
67,5,-0.4432499529022063
67,6,0.3314937136763314
67,7,-0.04783862808587218
67,8,-0.3028046251117728
68,1,-0.16927118794098966
68,2,0.0447825899390972
68,3,0.22729951187938055
68,4,0.1455129295453494
68,5,-0.07547374399068969
68,6,-0.11517567133745546
68,7,-0.08207730945979984
68,8,0.32953006399166684
69,1,-0.10970846363992415
69,2,-0.11156528207010807
69,3,0.128106414375237
69,4,0.08128870588857784
69,5,-0.05457363102592371
69,6,0.1762827437244838
69,7,-0.03648657416841415
69,8,0.051864361169992726
70,1,-0.1858967479308301
70,2,-0.7835911086381506
70,3,-0.2754020588434037
70,4,-0.0030550624783222857
70,5,0.23328131480264247
70,6,0.1897839290036802
70,7,0.24573840384978551
70,8,0.029229958212921334
71,1,-0.1370608915934905
71,2,0.06109324516559952
71,3,0.15256918619673895
71,4,-0.16815551328183606
71,5,0.3129285946221842
71,6,-0.01123546282044155
71,7,-0.10929817195701817
71,8,-0.09514944267976481
72,1,-0.21919662188954425
72,2,-0.07684812207420157
72,3,0.14690008823169415
72,4,-0.07970557772867824
72,5,-0.24113397946925913
72,6,-0.0158885837188634
72,7,-0.06842631688949878
72,8,0.036281447987205465
73,1,-0.29052411306321624
73,2,-0.045531208134597906
73,3,0.24850796831366528
73,4,-0.0308777424260198
73,5,0.2767613396167373
73,6,0.04740566419732536
73,7,0.13241540187412942
73,8,0.03850192990379629
74,1,-0.2741533478219611
74,2,0.3570591202767807
74,3,0.06740888941872009
74,4,0.1032983110272562
74,5,-0.024556518278462874
74,6,0.08305346617056332
74,7,-0.041922792588823914
74,8,0.1634008560459667
75,1,-0.1614917103448486
75,2,0.10223983279246192
75,3,0.1373633697824877
75,4,-0.2630803256490497
75,5,0.21369493262988104
75,6,0.047959000399989495
75,7,-0.1204987762108003
75,8,-0.08774545092005408
76,1,0.19847751572419856
76,2,0.2033840976771329
76,3,0.035370408880250614
76,4,0.5052690937944782
76,5,-0.2648077378551287
76,6,0.17759544083977033
76,7,-0.25940853433646105
76,8,-0.07138263100516344
77,1,-0.007449380932421339
77,2,0.2967110234426817
77,3,0.2797537712503432
77,4,0.003515580968492931
77,5,-0.014713613229683797
77,6,0.1774048834427579
77,7,0.08803316507401364
77,8,0.059230761780113925
78,1,-0.2652798259700757
78,2,-0.3964413108018983
78,3,-0.18748104785225675
78,4,0.12070748343119812
78,5,0.10870848764539491
78,6,0.07256858419812338
78,7,0.08168068579260804
78,8,0.024289351176623234
79,1,-0.046556923686683724
79,2,-0.10655392339973749
79,3,0.20093114236698634
79,4,0.03292958641980149
79,5,0.17455840019471597
79,6,0.08161311405806591
79,7,-0.029391496622097908
79,8,0.12401401399693925
80,1,-0.4903740036880181
80,2,-0.07112196736800842
80,3,0.25185380045530215
80,4,0.027051882120440983
80,5,-0.3274431882054211
80,6,0.53561539367777
80,7,-0.45208311530487383
80,8,0.27484897437370126
81,1,-0.6422516861082752
81,2,-1.192971823201548
81,3,-0.5357560746744768
81,4,-0.19683239012917814
81,5,-0.163022832480477
81,6,-0.08960405702513119
81,7,-0.04603792641917909
81,8,0.04548179911281198
82,1,-0.21658383934411143
82,2,0.09975299461340047
82,3,0.017375104830742127
82,4,0.11252048779379245
82,5,-0.16926444785448186
82,6,0.5040796455274558
82,7,-0.5373852236905317
82,8,0.21328041761609373
83,1,-0.3413764576922106
83,2,-0.9601296463948334
83,3,-0.5723224894004784
83,4,-0.02346338106543017
83,5,-0.47247647448682695
83,6,0.35118268248354706
83,7,-0.525512403535081
83,8,0.10593660601664058
84,1,-0.5163387622758563
84,2,-1.269373239258492
84,3,-0.499564697778363
84,4,0.023871394826832884
84,5,-0.051198803731304234
84,6,0.024610918894598554
84,7,-0.08632438889730318
84,8,-0.024779785374071793
85,1,-0.4016115547257113
85,2,-1.1622684109593857
85,3,-0.4596872366132999
85,4,-0.0287105239702033
85,5,0.0436940203703401
85,6,-0.33071111887240606
85,7,-0.040367055565649054
85,8,0.01231284386131653
86,1,-0.3009636711037328
86,2,-0.07431279052461659
86,3,0.2569451003186218
86,4,0.1167453979549964
86,5,0.01815897169927285
86,6,0.14498672054493358
86,7,-0.04155688712057261
86,8,-0.07964840332002128
87,1,-0.017847340467163075
87,2,0.03952117938823741
87,3,0.0035913256851521098
87,4,0.17265304858981134
87,5,-0.0674617293190926
87,6,0.4947186638166252
87,7,-0.21055129691412666
87,8,0.26811084195534907
88,1,-0.44432411199788263
88,2,-1.254218273334501
88,3,-0.35512635412217697
88,4,-0.18650570862076796
88,5,-0.17474804273249922
88,6,-0.08832765951331732
88,7,-0.19508934120620358
88,8,-0.043430560281988016
89,1,-0.0721858555338861
89,2,0.13736459753308944
89,3,0.2959260401056822
89,4,0.11400743430385017
89,5,0.23967883287646355
89,6,-0.16943264949551382
89,7,-0.005907836661412949
89,8,0.01984772827556446
90,1,-0.06542375362226495
90,2,-0.07013316002416659
90,3,0.751091824430123
90,4,-0.6445424484633251
90,5,-0.9258466018995637
90,6,-0.3469234012508986
90,7,0.42886922572760844
90,8,-0.2768383538566052
91,1,-0.06218109797276289
91,2,-0.025728622843010657
91,3,0.8068251796183105
91,4,-0.9269043725743144
91,5,-0.6526658023777812
91,6,-0.15820680208918958
91,7,0.37360426801281427
91,8,-0.18640509264111416
92,1,-0.24104311774762346
92,2,0.03864377395985546
92,3,0.636940677707537
92,4,-0.8302896527090723
92,5,-1.1046532733824526
92,6,0.44452186270634536
92,7,-0.06977388392360978
92,8,-0.09849367510761045
93,1,-0.21971402824078784
93,2,0.18947663896331252
93,3,0.17117302355069272
93,4,-0.0994533439111756
93,5,0.2474456811233973
93,6,-0.3040647001087158
93,7,0.07156393712330239
93,8,0.5624317783573598
94,1,0.1823114995658843
94,2,0.5915324346463438
94,3,-0.01576250658279342
94,4,0.32555685470663864
94,5,-0.4847266030155137
94,6,0.766059947044077
94,7,-0.1482224849834816
94,8,-0.1926637653929981
95,1,-0.31845385757131006
95,2,-0.5284348317962552
95,3,-0.13978219612272008
95,4,0.1636898613287665
95,5,-0.10971683845384504
95,6,0.1984603453513299
95,7,0.07489836724544051
95,8,-0.36763657965548857
96,1,-0.25605833643526954
96,2,0.10669883191303682
96,3,0.33467134284625405
96,4,0.03206010658708414
96,5,0.5027639473862512
96,6,-0.25551473853163614
96,7,0.25102606943764144
96,8,-0.655429529727846
97,1,0.031243768034590017
97,2,0.2627582929906064
97,3,0.11984842854426819
97,4,-0.0034086286603008543
97,5,0.04483966099901346
97,6,-0.07841331162724921
97,7,-0.15869907580310877
97,8,-0.11359444218895949
98,1,-0.25643477312168417
98,2,0.4684489148316481
98,3,0.0712106724354472
98,4,-0.14886573569026862
98,5,0.17485446959008755
98,6,-0.16832628738180713
98,7,-0.45681192628527667
98,8,-0.05393424943928951
99,1,-0.2524799354174244
99,2,0.37256119390745157
99,3,0.2994059636289376
99,4,0.13649156520521838
99,5,0.13629444840224408
99,6,-0.06087516379164381
99,7,0.17953258025500238
99,8,-0.03937158643195895
100,1,-0.062271636443974446
100,2,0.0795697849194985
100,3,0.2500523358109297
100,4,0.016513419064433273
100,5,0.1812821797403463
100,6,-0.2942430597452339
100,7,0.1539470780820617
100,8,0.08287836381691037
101,1,-0.3040198608406647
101,2,-1.124552150840179
101,3,-0.5830672333841264
101,4,-0.18798920972208427
101,5,-0.09462749632138581
101,6,-0.2173665156198859
101,7,0.027119411274431546
101,8,-0.09582104031668481
