Individual,PC,score
1,1,-0.2784775333570659
1,2,-0.29953062282689547
1,3,0.13416413393457496
1,4,0.00446905150536704
2,1,-0.31638805897358185
2,2,-0.050844986798884426
2,3,0.012730323240418893
2,4,0.615403934394125
3,1,2.4787496237662197
3,2,-0.13321528114909797
3,3,-0.2649923836495705
3,4,1.5273839204881225
4,1,-0.2669972072649095
4,2,-0.1982117725798887
4,3,0.13171211600780997
4,4,0.23966453684662176
5,1,-0.39370341438311574
5,2,-0.037388510694969845
5,3,0.10475127122512198
5,4,0.011998984573450411
6,1,3.627376811178728
6,2,-0.11043476738087477
6,3,-0.05145024503392258
6,4,-0.9607422931361153
7,1,-0.2100619907326881
7,2,-0.064435670668491
7,3,0.11411175786940765
7,4,-0.17214320861055835
8,1,-0.31577353201315844
8,2,-0.28594298429162585
8,3,0.15205817417442538
8,4,0.01735925881114711
9,1,-0.346934874650765
9,2,-0.30427574409525004
9,3,0.009242268729441306
9,4,0.13743672310798588
10,1,-0.5951889174731264
10,2,-0.03755455676302477
10,3,0.20713759056552195
10,4,-0.08170596372760351
11,1,-0.12424908550358413
11,2,-0.16739987108723614
11,3,0.23873008529455433
11,4,0.021415855740413468
12,1,-0.4427371110744459
12,2,0.0679713748175255
12,3,-1.5587916950196088
12,4,-0.5881390243824685
13,1,-0.34417850628722246
13,2,-0.20925379100624794
13,3,0.016885358560030535
13,4,0.0033793311942232826
14,1,-0.2219664358251183
14,2,-0.10478597288551655
14,3,-0.04313166233996628
14,4,0.06846378324548633
15,1,-0.149833687978162
15,2,-0.0621889153969359
15,3,0.059230373558132474
15,4,-0.1416571498898781
16,1,-0.44444249847474815
16,2,-0.030801711436673117
16,3,0.194606896280503
16,4,0.021022723517809563
17,1,-0.3139422458919465
17,2,-0.16072498918772907
17,3,0.10571317394610738
17,4,0.030160282874704986
18,1,-0.5054346204019308
18,2,-0.5621142520030601
18,3,0.010163659027277483
18,4,0.29075161855227777
19,1,-0.3638620913439989
19,2,-0.24926195494500986
19,3,0.3461941231476411
19,4,0.0892107801225152
20,1,-0.26106363173502817
20,2,-0.19912937245963136
20,3,0.15820925507134914
20,4,0.15385612195801276
21,1,-0.3271502049621001
21,2,-0.18576950179572438
21,3,0.00968379976968841
21,4,-0.24576865647635146
22,1,-0.25199505038379877
22,2,-0.049782634121174965
22,3,0.40441874617172957
22,4,-0.19771534325597545
23,1,-0.40093911656393166
23,2,-0.3580808804266737
23,3,0.18040816456127162
23,4,-0.17882075938721695
24,1,-0.2465369373809
24,2,-0.1010460694144719
24,3,0.09949015538935832
24,4,-0.14391783661919352
25,1,-0.5813160343700344
25,2,-0.4317405350017255
25,3,0.38961287512647386
25,4,0.14259346505231216
26,1,-0.1665499205759322
26,2,-0.3066621820962458
26,3,-0.11689395634088444
26,4,0.27103611189327753
27,1,-0.13333441276767463
27,2,-0.21967965502728798
27,3,0.01789572656544679
27,4,0.34350617538115413
28,1,-0.43596003079101114
28,2,-0.021546288195012298
28,3,0.011909023613968185
28,4,-0.16414944853912436
29,1,-0.3055619168189755
29,2,-0.16623069430819204
29,3,0.18213405190936008
29,4,0.004013109643939509
30,1,3.5108289104448356
30,2,-0.21311602487778578
30,3,0.2997619911558071
30,4,-0.7905658226001241
31,1,-0.3702191409865603
31,2,-0.07120193870207571
31,3,0.2003568383215955
31,4,0.013436601719339646
32,1,0.6552349777065005
32,2,-0.09130075717902136
32,3,0.5054892531521382
32,4,-1.7747962887348687
33,1,-0.4515677038165848
33,2,0.008940314043751308
33,3,-0.03696330521315771
33,4,0.1723164569270194
34,1,-0.44705707357965174
34,2,-0.4051609153887747
34,3,0.3313559220830179
34,4,-0.03379897002251239
35,1,-0.39532215866120035
35,2,-0.2312035408042275
35,3,0.20511630449045168
35,4,-0.023559964685208892
36,1,-0.28069181203405186
36,2,-0.09871409994275454
36,3,-0.1224798413588052
36,4,0.09976752005756731
37,1,-0.16254469645403943
37,2,-0.15157800854684134
37,3,-0.01715222977065799
37,4,0.008494059396862692
38,1,-0.3393090814006141
38,2,-0.3401515946654838
38,3,0.23637575175712794
38,4,-0.09653801539548862
39,1,0.17112483611135013
39,2,-0.11362219332456265
39,3,0.06060777899726828
39,4,0.3383544692119662
40,1,-0.3099084693751242
40,2,-0.3164206501058855
40,3,0.2623956871729076
40,4,-0.11781324056164816
41,1,-0.44655611191076516
41,2,-0.36890066175847996
41,3,-0.11528835392744652
41,4,0.19771577925267936
42,1,-0.3542135280521376
42,2,-0.2221570891093207
42,3,0.048396800387293604
42,4,0.17120733208486452
43,1,-0.31722317563980384
43,2,-0.012854900981694273
43,3,-0.0927048550765993
43,4,-0.1881257059090536
44,1,-0.17830279355698614
44,2,-0.24866533705770746
44,3,0.25325603612637443
44,4,-0.0759539337795171
45,1,-0.32725559316017594
45,2,-0.2249198948490314
45,3,0.32081217902380593
45,4,0.07720355900960847
46,1,-0.3256215131118251
46,2,-0.2980025634532644
46,3,-0.11076073936940956
46,4,0.07957913350836601
47,1,3.685966605659838
47,2,-0.30659936562873336
47,3,0.4083667159495936
47,4,-0.6182468676820784
48,1,-0.32015751995222996
48,2,-0.2308746318254927
48,3,0.20981907698038468
48,4,-0.05727233999768695
49,1,-0.2868602797600717
49,2,-0.07799129618257718
49,3,-0.16508854631966255
49,4,-0.03102480276212106
50,1,-0.3497013387959075
50,2,-0.10612733925820067
50,3,0.030333385174862185
50,4,0.13082237364272295
51,1,-0.5105171255111267
51,2,-0.452943154919162
51,3,0.014698411220001678
51,4,0.009040171429009272
52,1,-0.008022396015519585
52,2,0.10030896362794503
52,3,-0.11172466947101732
52,4,0.09275356257076744
53,1,2.4421672824170675
53,2,-0.26789915997108454
53,3,-0.45047805803277363
53,4,1.6907848369114553
54,1,-0.21263193111183593
54,2,-0.17052231292148545
54,3,0.25237124093384744
54,4,-0.07893032361816418
55,1,-0.31187514336584365
55,2,2.9751092713942455
55,3,0.6850092968240814
55,4,-0.08266096056851503
56,1,0.40907447681088704
56,2,2.9947377547484084
56,3,0.3957267720338777
56,4,0.35112508713733614
57,1,-0.37625688885363995
57,2,-0.1136163737710733
57,3,0.2033914141064345
57,4,-0.026051223630964914
58,1,-0.4154354514759235
58,2,-0.19581856987126886
58,3,0.15321851281794027
58,4,-0.0487978490124938
59,1,-0.363430488504538
59,2,-0.11627941632646054
59,3,0.22629636481405105
59,4,-0.029079713162838295
60,1,2.343153457506398
60,2,-0.1827270685985724
60,3,-0.4345911751996922
60,4,1.4861403223047907
61,1,3.4123370433249924
61,2,-0.06318258782986924
61,3,0.19346073774414993
61,4,-0.7024152032130673
62,1,-0.45007372083773844
62,2,-0.3345191817465849
62,3,0.2573204099006187
62,4,-0.14207092691326742
63,1,-0.16383355428688653
63,2,-0.02059293903552414
63,3,-0.07723265057720599
63,4,-0.13109603403825357
64,1,-0.32261796004551957
64,2,0.021042847117262013
64,3,0.2163264573360288
64,4,0.04334271943802125
65,1,-0.142220919005105
65,2,-0.13612436431822972
65,3,0.1361798097564508
65,4,-0.09750146718093154
66,1,-0.3045827941866516
66,2,-0.0729965746292979
66,3,-1.4387994631811833
66,4,-0.5128384502955917
67,1,-0.21436820305402252
67,2,-0.15655236858024688
67,3,0.25075441258311415
67,4,-0.10240242963035409
68,1,-0.374376703637153
68,2,-0.2023028803268368
68,3,0.2903922659471006
68,4,0.06269464477080015
69,1,-0.27732062381094413
69,2,-0.08307229348442838
69,3,0.11717872704252694
69,4,0.6722206757241236
70,1,-0.1312554848988003
70,2,-0.2314997418597492
70,3,-0.18940505751239498
70,4,0.28554820003033854
71,1,-0.22748794534941355
71,2,-0.05841826293938791
71,3,0.15475260584063757
71,4,-0.014483350363822499
72,1,-0.38710357342492174
72,2,0.020693893899470264
72,3,-1.4995073135720098
72,4,-0.6031806602456962
73,1,-0.5689249238827379
73,2,-0.19520757658491955
73,3,-1.5690813275277553
73,4,-0.32612239321700776
74,1,-0.45432079765472694
74,2,0.15888014277810353
74,3,-1.459867594277604
74,4,-0.2642666558806862
75,1,-0.3749119896507478
75,2,2.8376611671009395
75,3,0.7486065378382336
75,4,0.031332880249728745
76,1,0.13209865760113482
76,2,3.538386082549606
76,3,-1.379698758735676
76,4,-0.08008937210585049
77,1,0.18632200391113143
77,2,0.1577992290638988
77,3,-1.8052441695335202
77,4,-0.16472624751050624
78,1,-0.5292828818632229
78,2,-0.23327313898078283
78,3,0.3420017196223434
78,4,0.049448516180818775
79,1,-0.03783962960672409
79,2,0.3128358935171194
79,3,-1.5741586175094144
79,4,-0.052848168429834745
80,1,-0.4340211870931802
80,2,-0.03359031665094695
80,3,0.16921935248297384
80,4,0.20826975226655112
81,1,-0.11052718734822257
81,2,-0.31382334003944823
81,3,0.03793704433468544
81,4,0.020921890714285397
82,1,-0.27591344271727336
82,2,-0.08661285408567859
82,3,0.06987806112211167
82,4,0.12432053088832548
83,1,-0.2733681284858247
83,2,-0.22109507406958506
83,3,0.2824639196079548
83,4,-0.2191111983738138
84,1,-0.43182419723684506
84,2,-0.41111640617282824
84,3,0.04975877282240977
84,4,0.11719992792398921
85,1,-0.5060870830447357
85,2,-0.49848824745390413
85,3,0.13353736359636356
85,4,-0.3376144483640545
86,1,3.694562976540733
86,2,-0.012643881482674212
86,3,0.2840994547863815
86,4,-0.5824361619413922
87,1,-0.32990004209049734
87,2,-0.08237463599132955
87,3,0.12374914810829639
87,4,-0.003015360816649033
88,1,-0.646065052155912
88,2,-0.3088547207901988
88,3,0.11742200907891681
88,4,-0.2295423058275934
89,1,-0.31019895560630306
89,2,2.9322602473078874
89,3,0.747600218152156
89,4,-0.032271063547050984
90,1,-0.2650424097602089
90,2,-0.12214317972684244
90,3,0.05231340128074778
90,4,0.0036058136551745303
91,1,-0.5408976680944353
91,2,-0.24682267808144734
91,3,0.26777270897465666
91,4,-0.20996735253551235
92,1,-0.22698065101139775
92,2,-0.10758283727120159
92,3,0.12981085934153402
92,4,-0.09065720585140216
93,1,-0.13817193380295492
93,2,-0.01869986616431414
93,3,0.0325438204821276
93,4,0.019404375899612733
94,1,-0.34760672923414954
94,2,-0.010742981980647704
94,3,0.2601206007109258
94,4,-0.012875013523979342
95,1,-0.194820989854006
95,2,-0.06866311791847524
95,3,0.2219970514455683
95,4,0.06522905479641947
96,1,-0.36467037482246
96,2,-0.20654657356379036
96,3,0.19630872430678387
96,4,-0.046583016530825805
97,1,-0.40858447963617195
97,2,-0.34310848049388
97,3,0.11255770407441994
97,4,0.023957229774843602
98,1,1.763254295303918
98,2,0.040741498126150806
98,3,-0.2606532266052813
98,4,1.157179263153321
99,1,-0.4111560181607665
99,2,-0.27960883723418034
99,3,0.11623293502268096
99,4,0.07673802841444254
100,1,-0.3355237676485211
100,2,-0.1973414696643237
100,3,0.09784370402557793
100,4,-0.1026086411827241
101,1,-0.3951094722194398
101,2,-0.07236424287618448
101,3,0.14165052052428004
101,4,0.1354182957195482
