Individual,PC,score
1,1,0.734935983846558
1,2,0.5694612959818967
1,3,-0.9133554629972613
1,4,-0.8769431321238031
1,5,-0.2667079752601532
1,6,-0.19568242239739528
1,7,-0.39238404478582556
2,1,0.5906209992007423
2,2,0.5197017054984976
2,3,-1.451082845041424
2,4,-0.6386357451260042
2,5,0.07490452820330007
2,6,0.6369460826851524
2,7,-0.177804087859562
3,1,0.4157935219385238
3,2,0.19836013345254466
3,3,-1.076736392675526
3,4,-0.6531720721378392
3,5,0.1924916902241445
3,6,0.31061187835130405
3,7,-0.464981230102618
4,1,0.7287169585839791
4,2,0.5545723235980777
4,3,-1.1287640884454049
4,4,-0.6020862626124204
4,5,-0.4634056512411228
4,6,0.10447798550207123
4,7,-0.08036558324608849
5,1,0.42538267582958844
5,2,0.4634025108018638
5,3,-1.0549174820368756
5,4,-0.8940268909359756
5,5,-0.05645014044982696
5,6,-0.43997341109591037
5,7,-0.25095266854101217
6,1,2.6613055743453016
6,2,-1.9866041625571778
6,3,-0.627252041378225
6,4,-0.6324459408519134
6,5,0.2909579910668817
6,6,-0.4633551437182408
6,7,0.021933470124417216
7,1,-0.14494879926722426
7,2,0.7836378138766047
7,3,0.37696446716068405
7,4,0.11900494672217724
7,5,0.4985797977086436
7,6,-0.4436883552884399
7,7,-0.7435118652320293
8,1,0.2963300975975253
8,2,0.44492214848771516
8,3,-0.6739884725667655
8,4,-1.2348288079927225
8,5,0.6289776394315082
8,6,-0.9793938432472481
8,7,0.018167861445372087
9,1,0.35242254093907693
9,2,0.7020963844605024
9,3,-0.007170043996089817
9,4,0.6650782122123117
9,5,-0.5434956304300381
9,6,0.23427020376908828
9,7,-0.23375265499767822
10,1,0.07924380877905918
10,2,0.5185812166709732
10,3,0.26714390800851395
10,4,0.3896950706783318
10,5,-0.15682966203406765
10,6,-0.1605019623825531
10,7,0.07521709525455829
11,1,0.879871484511478
11,2,0.25921963468402365
11,3,-1.3031882357388382
11,4,-0.6874517884442922
11,5,-0.612507460554018
11,6,0.14110314084094827
11,7,0.5235345361693887
12,1,-0.19891321772766515
12,2,0.4065269249541988
12,3,1.2892920305377262
12,4,-0.878332719245273
12,5,-0.3146124347701134
12,6,0.07502800030345146
12,7,-0.6049332670312321
13,1,0.2881417744089217
13,2,0.47891812464230593
13,3,0.13967485295301393
13,4,0.5049324611258791
13,5,-0.4671868488878735
13,6,0.17958115231996763
13,7,0.5817826946497962
14,1,0.6920359697023207
14,2,0.32405971593138694
14,3,-1.2699493359100495
14,4,-0.5733554411599502
14,5,-0.41998948078322584
14,6,0.24106904792310907
14,7,-0.1811653992634729
15,1,1.918210263362746
15,2,-3.2228822881551475
15,3,0.26645944024529955
15,4,-0.14409013733916617
15,5,-0.34488109875963174
15,6,-0.11389909104399984
15,7,-0.013261383767905064
16,1,0.9611604412847643
16,2,0.522441551127578
16,3,-1.2900976301266647
16,4,-0.6124707478708975
16,5,-0.5425264780269284
16,6,0.3283954377980179
16,7,0.06843430994610801
17,1,-0.003118518452074456
17,2,0.8955778345880916
17,3,0.4736506856375342
17,4,0.21009768035688176
17,5,0.2650828859997293
17,6,-0.4567014446188578
17,7,-0.48554644788324647
18,1,0.7227045546339276
18,2,0.545324987055074
18,3,-0.4768346366105548
18,4,0.5744998715621544
18,5,-0.9649279813932485
18,6,0.20456343424608833
18,7,-0.6902673225246819
19,1,0.7128045497993731
19,2,0.4537777820781869
19,3,-0.2177524468542927
19,4,0.5512881614167628
19,5,-0.759242941172439
19,6,0.02717036096871328
19,7,-0.7428109091650884
20,1,0.5686597266526542
20,2,0.9621969556300953
20,3,-0.46886975887182986
20,4,-0.5674723307826555
20,5,0.47057342318189477
20,6,-0.07619443038780725
20,7,-0.0521254703107002
21,1,-0.2908959955901429
21,2,0.06606535326979573
21,3,0.48158508107137843
21,4,-0.1145973617097099
21,5,0.7876844547080462
21,6,0.10502747036740363
21,7,0.12680294853706173
22,1,-0.24373759642198325
22,2,0.3967511531369798
22,3,0.3699479831279869
22,4,0.04342161885534249
22,5,0.2817593382756267
22,6,-0.21659138168028963
22,7,0.13152737589668445
23,1,2.343698568991094
23,2,-2.350326433337058
23,3,0.24566663494776464
23,4,0.38679760855236434
23,5,0.005603015626836888
23,6,0.20647626437399205
23,7,-0.541420785128366
24,1,1.998009416675336
24,2,-2.6631298564645585
24,3,0.18184754907447687
24,4,0.17715723042695194
24,5,0.17027614833718835
24,6,-0.04194906452957477
24,7,-0.04985526875463008
25,1,0.6083572202701754
25,2,0.4029400135318199
25,3,-0.46378624478830194
25,4,0.5616985815599636
25,5,-0.6574711702598959
25,6,0.4948683878882044
25,7,-0.3849432805783239
26,1,2.4289574205944526
26,2,-2.5261992089006906
26,3,0.3468580455238054
26,4,0.19784657665421856
26,5,0.29516277777414923
26,6,-0.28815995783284515
26,7,0.1326495829868082
27,1,2.5342025821700376
27,2,-2.4900335387067316
27,3,0.23885661045709114
27,4,0.26487607381749406
27,5,0.22212887996991568
27,6,-0.3126058921587618
27,7,-0.11889505977617827
28,1,0.2831031289386379
28,2,0.6710311530193749
28,3,-0.5420066983917079
28,4,-0.8370498816982236
28,5,0.5083935350207132
28,6,-0.24210860952393468
28,7,0.6980752276507413
29,1,-1.9920792511309793
29,2,-0.7927664547717578
29,3,-0.22787464490312642
29,4,0.31868758039028433
29,5,-0.14708266551871066
29,6,-0.5404295049408506
29,7,0.33272757737293207
30,1,-1.9575109865232878
30,2,-1.229216231385554
30,3,-0.3549927267356162
30,4,0.4828464408623115
30,5,0.7150544526702349
30,6,0.4138944614741235
30,7,-0.24351382600147378
31,1,-2.1159086161109566
31,2,-1.1690567227957092
31,3,-0.5221327634380315
31,4,0.39653198430120795
31,5,0.5263146296988066
31,6,0.3845280653434596
31,7,0.07939512032710522
32,1,-2.111335789745907
32,2,-0.7744092623944419
32,3,-0.4289252153184203
32,4,0.4116122967379911
32,5,-0.587911595871227
32,6,-0.7403965252739493
32,7,0.23427420083479925
33,1,-1.7097972350577293
33,2,-0.6827508078898448
33,3,-1.4495988142551794
33,4,-0.8013631915918085
33,5,-0.13438977167472324
33,6,-0.7383200597766518
33,7,-0.30818061878870695
34,1,0.0792822785904552
34,2,0.8693639267250465
34,3,0.326703221275222
34,4,4.4248187520502704e-4
34,5,0.5298612740639901
34,6,-0.6345833426974318
34,7,0.2105605334048514
35,1,-0.04525292358576312
35,2,0.6119408967985278
35,3,0.4309994276646015
35,4,0.15776835585856902
35,5,0.20629987663366864
35,6,-0.2032055725564367
35,7,0.21912103098428246
36,1,0.2714289188421744
36,2,0.29143461951588345
36,3,0.8719076662690907
36,4,-0.3720083525443461
36,5,0.28747184637611434
36,6,-0.28452981548378903
36,7,0.024860919067448674
37,1,0.4828411397338732
37,2,0.5643084992838306
37,3,-0.17602708740439801
37,4,0.4070895081309872
37,5,-0.5094724237134017
37,6,0.3256311810415601
37,7,0.5886706365509878
38,1,0.9445699150857209
38,2,0.509691281993079
38,3,-1.0702593734759414
38,4,-0.46360980327714574
38,5,-0.39055253473875196
38,6,0.4454716662676418
38,7,-0.34520142999602516
39,1,0.4320475013428977
39,2,0.6445187577060235
39,3,-0.6911576541702613
39,4,-0.6890618956138783
39,5,0.4340787769751951
39,6,0.11263987449333786
39,7,0.4922198367243064
40,1,0.5254163644694018
40,2,-0.10224841908043072
40,3,0.8200355985584898
40,4,-0.15215618449529061
40,5,0.524648820327919
40,6,-1.2073806440058152
40,7,0.5020458238150494
41,1,0.30497525844827905
41,2,0.5187074171304935
41,3,-0.5484302933772109
41,4,-0.7440523538720871
41,5,0.2975440372508238
41,6,0.174725945831348
41,7,0.6581263460159392
42,1,0.8367855854867512
42,2,-0.23780977042218868
42,3,0.7944346781217809
42,4,0.24253804013321406
42,5,-0.24929796267739412
42,6,-0.53737560853498
42,7,0.3109650332946382
43,1,0.26179630816932636
43,2,0.7237929764121788
43,3,0.2756929905894724
43,4,0.6571154629096367
43,5,-0.39576603440387653
43,6,-0.11665051109392736
43,7,-0.918498127748097
44,1,0.8167262835232594
44,2,0.44445794438542763
44,3,-0.4253136850745932
44,4,0.34612443673644366
44,5,-0.6193692767123026
44,6,0.3432935142131424
44,7,-0.9884779733361346
45,1,-1.9861368497173255
45,2,-1.126257475058184
45,3,-0.38981772231574696
45,4,0.47053611278662244
45,5,0.4491740047034111
45,6,0.20535305539839727
45,7,0.0144925707050447
46,1,-0.031660797950082975
46,2,0.8770800194445043
46,3,0.5862941214956234
46,4,0.18379855444734533
46,5,0.06794730434892504
46,6,-0.5233054504132478
46,7,-0.44152671041209135
47,1,-2.150880683517299
47,2,-1.2740464737394592
47,3,-0.38323329179435134
47,4,0.2556471972577554
47,5,0.6870581973748315
47,6,0.26095390943850866
47,7,-0.06524106819200765
48,1,0.20713277344529032
48,2,-0.11760415188795936
48,3,0.049614964285991214
48,4,0.5721426595509226
48,5,0.5223327850328929
48,6,1.5147042443107692
48,7,0.16188181783987057
49,1,0.43525919356486376
49,2,0.09734275689704348
49,3,-0.07168356969746094
49,4,0.5351665299375439
49,5,0.5788249459377778
49,6,1.1221995191510896
49,7,-0.02988272621901639
50,1,0.523574694256401
50,2,0.15472993087601483
50,3,-0.029867191589149966
50,4,0.6227967552840924
50,5,0.4912099071415693
50,6,1.2643650839118736
50,7,0.3656157877536802
51,1,0.401264671338537
51,2,0.5893647005482837
51,3,0.3391132404521818
51,4,0.5092498595397033
51,5,-0.2828978918469055
51,6,-0.31846940324102135
51,7,-0.7860546363529426
52,1,0.3977327116735795
52,2,0.5944651527748728
52,3,-0.5703815145385313
52,4,-0.5120984684756907
52,5,0.6250265454583749
52,6,0.4957461614395714
52,7,0.2974496355385993
53,1,-1.304501685147918
53,2,-0.5548521818862752
53,3,1.1971847024645048
53,4,-0.7725402002638359
53,5,-0.35949562169094645
53,6,0.7180062298995952
53,7,-0.16859952545470655
54,1,0.41312372789422186
54,2,0.4491614690021271
54,3,-0.05180513819008882
54,4,0.7866672509326849
54,5,-0.27632000357576353
54,6,0.3301442476088169
54,7,0.41024047860106083
55,1,-0.05311795584775117
55,2,0.7747379104614543
55,3,0.5594738980005327
55,4,0.34911930424467486
55,5,0.21020938243501536
55,6,-0.5857636174051264
55,7,-0.7294972960634878
56,1,0.5714772782534585
56,2,0.65461384545977
56,3,0.12167840176474384
56,4,0.5253876492252432
56,5,-0.5379637333458018
56,6,0.5408657694699753
56,7,0.4169489733297227
57,1,1.316671189972561
57,2,-0.3854499712906573
57,3,0.469490846918834
57,4,0.14063644120453503
57,5,-0.5086020507910799
57,6,-0.40181752127206455
57,7,0.7745607101512157
58,1,0.3326377192956997
58,2,0.6051196641170965
58,3,0.16330385923884752
58,4,0.22070497634627018
58,5,-0.14929013332299332
58,6,0.10210957793790956
58,7,0.17566497645240953
59,1,-0.9020898062570484
59,2,-0.15835674352833742
59,3,-0.03419171322118938
59,4,-0.3769873648825074
59,5,0.2481139669047442
59,6,0.3961186470574393
59,7,-0.6352848246933902
60,1,-2.0285255317050854
60,2,-0.9069473112199523
60,3,-0.34413669294470023
60,4,0.39755848784916953
60,5,0.10497360719028066
60,6,-0.28671101089358386
60,7,-0.04509105860532108
61,1,-1.6868621062893407
61,2,-1.035605049451077
61,3,-0.388769501331418
61,4,0.6336710335918587
61,5,-0.9663834692236832
61,6,-0.2762396727319399
61,7,0.14660269454439093
62,1,-1.9577670855681941
62,2,-0.7862064081486507
62,3,-0.49280364330566623
62,4,0.4762377605075634
62,5,-0.2090379356966214
62,6,-0.884362374942191
62,7,0.35332114483127525
63,1,-0.09804099264574767
63,2,0.17590943622587715
63,3,0.014288429763010351
63,4,0.37075032322807205
63,5,-0.3022826904940435
63,6,-0.29516291641387493
63,7,-0.03811552850006581
64,1,-1.7221033178797263
64,2,-0.6839162861724072
64,3,-0.5699913011203711
64,4,0.5573092960866384
64,5,-0.9909181793626132
64,6,-0.3941781966123297
64,7,0.2210163416781406
65,1,-1.7157802547176315
65,2,-0.9475307609479301
65,3,-0.7519884375760958
65,4,0.554898091778822
65,5,-0.7152144979959849
65,6,-0.3564594528137161
65,7,0.14702751203324432
66,1,-0.938701472495511
66,2,-0.24457800236333344
66,3,1.4204022896959672
66,4,-0.7326897137597713
66,5,-0.9707618901410264
66,6,0.2834895166608974
66,7,0.2372109918972828
67,1,0.12292454921371862
67,2,0.4667284569397734
67,3,0.21484351673629098
67,4,0.5743478809451479
67,5,-0.08370012257219078
67,6,-0.034661419347672424
67,7,0.09235226554390392
68,1,0.605239200491547
68,2,0.9092230616840857
68,3,-0.07380474901085082
68,4,0.6681630809256383
68,5,-0.37839631480965424
68,6,-0.06634264835761133
68,7,-0.43384703480228853
69,1,0.10419440167684157
69,2,0.9593664315664293
69,3,0.4286133760477756
69,4,0.3186021781033683
69,5,0.40584608606359784
69,6,-0.30507429634612543
69,7,-0.6488312083799546
70,1,0.5880372601077576
70,2,0.6148402200002625
70,3,5.681897633135652e-4
70,4,0.744286738418018
70,5,-0.5092613200407957
70,6,0.1879515354999249
70,7,0.24855640822240507
71,1,-1.9963344906249683
71,2,-1.2656532063024535
71,3,-0.6470985735395277
71,4,0.3435513054817107
71,5,0.7367040045130682
71,6,0.2845713999970319
71,7,-0.024121919143517023
72,1,-1.046357762667142
72,2,-0.5012749491822934
72,3,1.4359671811805865
72,4,-1.1762850066725647
72,5,-0.9993750246932017
72,6,0.2882811515855814
72,7,0.24698440808925165
73,1,-1.0464795702248044
73,2,-0.1606242822084943
73,3,1.4223307881442702
73,4,-1.0029827057189689
73,5,-0.810949139253256
73,6,0.12521640967775957
73,7,0.1565928545401345
74,1,-0.7971494492299186
74,2,-0.5618765782686694
74,3,1.3715741892456774
74,4,-0.9521126688738433
74,5,-0.7899069614688825
74,6,0.2266936528132369
74,7,0.004660770990539997
75,1,-0.10473542173695051
75,2,0.4784467375557391
75,3,0.32654066290630696
75,4,-0.10945201714472876
75,5,0.23231655273136398
75,6,-0.2800776224633359
75,7,0.14390032079817805
76,1,-0.9300878786682043
76,2,-0.34082340219684365
76,3,1.1920941095963675
76,4,-1.0780074355230136
76,5,-0.9304473689476792
76,6,0.1984793113710217
76,7,-0.17108240127942198
77,1,-1.3737911401968597
77,2,-0.8621816787071608
77,3,1.21056697645087
77,4,-1.186227093413529
77,5,-0.08555218214152142
77,6,1.2385455276140034
77,7,-0.22808255169791208
78,1,2.6083659341296674
78,2,-2.600570074546582
78,3,0.3068786003661149
78,4,0.1410203437693013
78,5,0.30903987654379156
78,6,-0.31329757725694707
78,7,0.08203183690211291
79,1,0.1103252155528058
79,2,-0.07431644734826172
79,3,1.0450458269292655
79,4,-0.8002870364360838
79,5,0.3469143298962291
79,6,0.49487251508140645
79,7,-0.03835369894735347
80,1,-0.08629584848573844
80,2,0.24977754441334427
80,3,0.24483368914689765
80,4,0.003206942314211219
80,5,1.1162324708226752
80,6,0.4332958210882763
80,7,-0.1544506399602485
81,1,0.0029694370810117872
81,2,0.8179139786679532
81,3,-0.03301457094334421
81,4,0.048431432750556294
81,5,0.18843076087253965
81,6,-0.3681430525228262
81,7,0.5535269631302291
82,1,0.2733801929849143
82,2,0.8620623495615379
82,3,0.20771868327005547
82,4,0.2305618777560944
82,5,-0.03538459531029195
82,6,-0.028772480548513883
82,7,0.548641822394168
83,1,-0.07939019838888438
83,2,0.7279959634296066
83,3,0.29518743157278904
83,4,0.12497369797980565
83,5,0.4607490758509334
83,6,-0.6116285451799397
83,7,0.08984635593745052
84,1,0.6056501530663299
84,2,0.8278293108628925
84,3,-0.05073178624374889
84,4,0.25546583691392694
84,5,-0.3691706360854516
84,6,-0.12552495254623292
84,7,0.6555230884088472
85,1,-0.1567848435902306
85,2,0.8399905146760941
85,3,0.3319305918257007
85,4,-0.20062412141904937
85,5,0.5405196364956255
85,6,-0.39253870678405606
85,7,0.12480076388305437
86,1,-2.1466234304464553
86,2,-1.0695318024746008
86,3,-0.4503223807967134
86,4,0.4054539346091988
86,5,0.4360580437344477
86,6,0.40527299624655483
86,7,-0.14976473525584305
87,1,-0.1751650255132228
87,2,0.5865676873063876
87,3,0.2944505901489965
87,4,-0.026805342170209624
87,5,0.3344975606745916
87,6,-0.4475084199759173
87,7,0.07785215217126848
88,1,-0.24020820023713652
88,2,0.26817850411809835
88,3,0.40046212055495406
88,4,0.12097688952836087
88,5,1.5221131063321778
88,6,0.33515577883735537
88,7,-0.0014450975938604977
89,1,-0.04433052187301449
89,2,0.5923304098854112
89,3,0.5580210545290806
89,4,0.14918790027716883
89,5,0.2750892081323982
89,6,-0.22620185109213944
89,7,0.06138920126727716
90,1,0.08068638371224182
90,2,0.8169726083878862
90,3,0.4642175614373317
90,4,0.15191222695935083
90,5,0.358481728178463
90,6,-0.45306415658143373
90,7,-0.7664164662615688
91,1,-0.032699298777419936
91,2,0.08130802448020583
91,3,0.28154317481323876
91,4,0.23036768013101078
91,5,1.060139309159338
91,6,0.6299636059995996
91,7,-0.1789873077827423
92,1,-0.11521680619280938
92,2,0.6191204208797486
92,3,0.3527432421188598
92,4,0.10578535491152076
92,5,0.3162720140065521
92,6,-0.33893692112946505
92,7,0.04769877519119186
93,1,0.3230170834667433
93,2,0.68209471867862
93,3,0.16867335165418232
93,4,0.35568078205762915
93,5,-0.04568201869454617
93,6,-0.10713664777268564
93,7,-0.08933675821050548
94,1,0.25967142613770905
94,2,0.4503531915329252
94,3,0.05510377312651067
94,4,0.7116366907607136
94,5,-0.39582599609197455
94,6,0.20272365441061804
94,7,0.6226830259142323
95,1,0.3064969410672349
95,2,0.5744716528780673
95,3,-0.09702804595747033
95,4,0.46252015815504594
95,5,-0.27861361895784836
95,6,0.3022796304082328
95,7,0.8212853857200828
96,1,0.4493724823738966
96,2,0.7662284528852593
96,3,-0.7727002318756929
96,4,-0.5370305963838755
96,5,0.21164051572655967
96,6,0.23957054919118032
96,7,0.45340213250553535
97,1,-0.13367177396348756
97,2,0.4864905094680882
97,3,0.4983286030990882
97,4,0.148166750510401
97,5,0.6043663654467627
97,6,0.2174270181715925
97,7,0.24541242842434058
98,1,0.40773968438005664
98,2,0.5854104102948864
98,3,-0.1475416028008872
98,4,0.5205827857258616
98,5,-0.43906957142835035
98,6,0.3124577539713014
98,7,0.29165542788618787
99,1,-1.657450442417433
99,2,-1.1160683139788452
99,3,-1.5743416609234646
99,4,-0.806505683781264
99,5,-0.031418417175143876
99,6,-0.33106083579560597
99,7,-0.3940486386755876
100,1,0.08276452623661266
100,2,0.6238436192455322
100,3,0.08541861840676136
100,4,0.4017239148780357
100,5,-0.19339415331793525
100,6,0.03565578041366816
100,7,-0.13732756483859063
101,1,-0.15780807553505938
101,2,0.8238520061357654
101,3,0.4734958659235961
101,4,-0.00618885319392428
101,5,0.5952616465748858
101,6,-0.6961272659560164
101,7,0.04631591781188288
