Individual,PC,score
1,1,-1.1351409847668403
1,2,0.3720986305665596
1,3,0.07774257068742726
2,1,-1.5098814108819436
2,2,0.26047228521643956
2,3,-0.034252153795949696
3,1,-1.223427010412924
3,2,0.3543661357005805
3,3,0.03674488987818906
4,1,-1.2125386838315326
4,2,0.5494926922795219
4,3,-0.07900731548965308
5,1,1.9548195297661375
5,2,0.5489924855580239
5,3,0.14842627885028262
6,1,-1.3928310985225256
6,2,0.6994647560790771
6,3,0.012502336521535552
7,1,1.8989247273730798
7,2,-0.9320076133532547
7,3,-0.17694575643431046
8,1,2.0199213576632293
8,2,-0.06814965809751411
8,3,-0.14209783472291956
9,1,-1.0805942665468329
9,2,-1.0292029248171621
9,3,0.05042137373711909
10,1,-1.3589457550840618
10,2,0.7367703378799351
10,3,-0.25870675606648313
11,1,1.7989011107060309
11,2,0.151550417062675
11,3,-0.056671875112439624
12,1,-1.3844288707193948
12,2,0.7188349843159042
12,3,-0.11290103337398051
13,1,1.9293302901242038
13,2,0.17958779801548555
13,3,-0.19306977584813836
14,1,-1.3650275079294174
14,2,-0.27670509748895195
14,3,-0.16618368441775494
15,1,-1.4845114721523354
15,2,-0.6013379270701107
15,3,-0.004334147148408958
16,1,1.9254248256691748
16,2,-0.6489994848464472
16,3,-0.2042610194238209
17,1,-1.3533681723192428
17,2,-1.0084493154664462
17,3,0.19883785690285682
18,1,1.850820946089568
18,2,-0.5738536317197555
18,3,-0.1096255647118694
19,1,1.905512687823001
19,2,-0.8400037236940031
19,3,-0.0289403991747029
20,1,-1.413020093321465
20,2,-0.6987099608937958
20,3,-0.3232845363632033
21,1,-1.1841984892808313
21,2,0.565552643874363
21,3,0.20568507168153366
22,1,2.0206622126754343
22,2,0.7250127174504882
22,3,-0.14902940505025197
23,1,1.8621001752737647
23,2,0.12772657816980107
23,3,0.08956214426728128
24,1,2.0385389965594025
24,2,0.04540465357695484
24,3,-0.026204849978331533
25,1,-1.2021943412961025
25,2,0.7303445437262625
25,3,-0.2240012214140835
26,1,1.8529246675625373
26,2,0.4366794053865695
26,3,-0.007114012591717501
27,1,1.7977060753585496
27,2,0.39025956831873543
27,3,-0.3123635591921283
28,1,2.0220437874125716
28,2,-0.5760207184327042
28,3,0.010057692442792927
29,1,2.0451351973364416
29,2,-0.18998664483880567
29,3,-0.18610370502524123
30,1,-1.2544440666768417
30,2,0.2839121255497182
30,3,0.03399207725027706
31,1,2.2152823581204673
31,2,0.5082200322301781
31,3,-0.2524788304634628
32,1,1.4203757884206638
32,2,0.5044271756564841
32,3,-0.045211004973798485
33,1,1.7941077493299704
33,2,0.5493667298090796
33,3,-0.12023983638688429
34,1,-1.252189242565897
34,2,-0.47356162879940294
34,3,-0.02042725637631745
35,1,-1.3578074802286977
35,2,-0.5555325956466548
35,3,-0.09330530620411223
36,1,0.4674711259829431
36,2,0.9147580989049096
36,3,0.40456091188514215
37,1,1.7689376919729336
37,2,0.5767692360652548
37,3,-0.3037111459684642
38,1,-1.0747027358985215
38,2,-1.0139763741673053
38,3,0.0848291118657924
39,1,-1.2478336005442268
39,2,-0.839284978283618
39,3,0.13447005175289745
40,1,-1.229421818922121
40,2,-0.9131025674022012
40,3,0.049184296762085696
41,1,1.5177942669690514
41,2,-0.5701403773643077
41,3,-0.3120262273195535
42,1,-1.3766685081508538
42,2,-0.5280091626915863
42,3,-0.10600885354490139
43,1,2.154469993351247
43,2,-0.03249314224791275
43,3,-0.046216694454652305
44,1,1.7319630995713493
44,2,0.49065538810693143
44,3,-0.24106402249539507
45,1,1.744328577111669
45,2,0.7529585339462247
45,3,-0.04120305540872288
46,1,1.8385816306821754
46,2,-0.7903074655412907
46,3,-0.16791076121425044
47,1,-1.4601473762807224
47,2,0.4797104211572176
47,3,0.01603563061696737
48,1,-1.3593897613626524
48,2,-0.2479079682240986
48,3,-0.1278725694316281
49,1,-1.349673747470495
49,2,-0.4731641206472794
49,3,0.019365670760879354
50,1,-1.6579805609038991
50,2,-0.47342873748577313
50,3,-0.07024639205144556
51,1,-1.4139712643158513
51,2,-0.4238054288652291
51,3,-0.23871512044248286
52,1,2.0143023397328172
52,2,-0.8946539305360854
52,3,-0.08003970641689338
53,1,-1.3813399548651613
53,2,0.4363128452238263
53,3,0.1688031193874286
54,1,-1.521167009083254
54,2,0.3221645361023791
54,3,-0.07108404758678591
55,1,1.9376150988082546
55,2,-0.9880875123187783
55,3,-0.264970582454704
56,1,1.5878190688046052
56,2,0.7444128468007899
56,3,-0.04006389968242995
57,1,-1.2306078757648062
57,2,-0.8308640612342414
57,3,-0.055730328109776565
58,1,-1.324259499100372
58,2,-0.5064286160862127
58,3,-0.21836506267757244
59,1,-1.3724436985949178
59,2,0.3220919737362333
59,3,0.00102686774418262
60,1,-1.2059209652150649
60,2,0.3205423676468129
60,3,0.0111549849737426
61,1,-1.3624016181574732
61,2,-0.5065121242648102
61,3,0.18847974745323265
62,1,1.4605608685459743
62,2,0.6490022658450507
62,3,-0.1132358689490293
63,1,1.4748682180902335
63,2,0.6078768762515471
63,3,-0.10580723396407624
64,1,1.5220348651200624
64,2,0.7696079211727218
64,3,-0.37920866690500504
65,1,-1.3138696076639893
65,2,0.4091557058204439
65,3,-0.04755114199564064
66,1,-1.232911972828692
66,2,0.7927882489587507
66,3,-0.05929666970147988
67,1,-1.1271918155392588
67,2,-0.12294225747273749
67,3,0.23518518803663116
68,1,-1.3932750581243156
68,2,-0.34215009809559666
68,3,0.06138774172559802
69,1,1.5547846033110497
69,2,-0.9930968205799485
69,3,-0.30293928862294295
70,1,-1.375885048537337
70,2,0.35387706848483924
70,3,-0.013380397957593727
71,1,1.9046895130653692
71,2,0.6248861209093678
71,3,-0.22859117270840365
72,1,-1.3116506999167834
72,2,0.8180155701324254
72,3,0.10669919525484138
73,1,-1.472002530443755
73,2,0.7829273168062145
73,3,-0.19166423514567055
74,1,-1.3918544164785023
74,2,0.9458068706694766
74,3,-0.031134819729628522
75,1,1.8470460330579086
75,2,-1.0102249468130915
75,3,-0.16489913991810323
76,1,1.692980718016013
76,2,0.7723813431482712
76,3,0.165861233527785
77,1,-1.406455181782017
77,2,0.8559726426312964
77,3,0.09150398362506108
78,1,2.0031039310252154
78,2,-0.15294104428623673
78,3,-0.2184562180287046
79,1,1.801623501389542
79,2,1.0677773695573587
79,3,-0.02903093281146282
80,1,-1.1901907842341264
80,2,-0.28302718774936847
80,3,-0.2802012498530665
81,1,1.0483686746599052
81,2,0.655317162936674
81,3,3.1404691257650192
82,1,1.0638045727527934
82,2,-0.8195151075499839
82,3,3.081389514676266
83,1,-1.115483249090494
83,2,-0.40450187855523806
83,3,-0.09145055749247222
84,1,-1.3662132502257858
84,2,0.5304993826583638
84,3,-0.051562540751188886
85,1,-1.3659490154687788
85,2,0.34246773432639144
85,3,-0.2512541525452515
86,1,-1.4661127400247587
86,2,0.5570002003639617
86,3,0.002769499684974893
87,1,-1.329400323256372
87,2,-0.3279571030462509
87,3,0.1871705611902136
88,1,-1.2163046406377558
88,2,0.660036395009685
88,3,-0.015472592164363018
89,1,2.0749766404214607
89,2,-0.5976163590255045
89,3,0.001348801283608155
90,1,-1.0605564186293666
90,2,-0.30402111349460964
90,3,-0.1830916103037952
91,1,-1.173984124288941
91,2,-0.31157167054380414
91,3,-0.08861075700671303
92,1,-1.2994973884725136
92,2,-0.9462653691140076
92,3,-0.025490168508941074
93,1,2.0382557194125415
93,2,-0.9061873224767683
93,3,-0.11095499180230248
94,1,-1.3614273141788964
94,2,-0.2163128901784774
94,3,-0.11068143427102142
95,1,-1.2673724124390007
95,2,0.5979670590089815
95,3,0.1157809178977922
96,1,-1.3585552672571282
96,2,-0.9915083367098606
96,3,-0.020400171747814156
97,1,1.9885112188165126
97,2,-0.6920175633106289
97,3,-0.05461024301724326
98,1,-1.3487801889280318
98,2,0.43630591840316085
98,3,-0.19375110096212028
99,1,-1.4602943980502052
99,2,-0.924168992863049
99,3,0.10052018742606343
100,1,1.8324174980035361
100,2,0.5134001766252392
100,3,-0.18243315346764719
101,1,-1.2861451642753081
101,2,0.30873126055725453
101,3,0.02518118381580345
