Individual,PC,score
1,1,-1.167321256182075
1,2,0.8513710839039356
1,3,0.12555236722147012
1,4,0.421154201583681
1,5,0.4494242254406934
2,1,-0.5938842971701519
2,2,-0.6096526325869098
2,3,-0.7681402164309119
2,4,-0.31096063346860275
2,5,-0.14195080414549177
3,1,-0.4725816857967566
3,2,-0.9050044928724728
3,3,-0.6390786095668078
3,4,-0.19971760469155778
3,5,-0.09464187778981052
4,1,-1.210508013038926
4,2,0.4701402044079416
4,3,-0.1539930074034483
4,4,0.24164133140200347
4,5,0.0587226852643655
5,1,-1.3869150801563301
5,2,0.5890627075266666
5,3,-0.022160642217570352
5,4,0.40096337662000375
5,5,0.1413700813495102
6,1,-1.0404607782545467
6,2,0.7272198984528244
6,3,0.3123308026726263
6,4,0.4385126927033812
6,5,0.6009101743687134
7,1,-0.944884096589275
7,2,0.4148791210604678
7,3,-0.1241208900291739
7,4,0.12570264362526776
7,5,0.015933118403918086
8,1,-0.9819920934629921
8,2,0.3904003780655685
8,3,0.07988684380003035
8,4,0.13112664899431614
8,5,0.12496650137725535
9,1,-0.9512418288438943
9,2,0.028704771251350222
9,3,-0.42314809539012144
9,4,-0.02634744449115127
9,5,-0.28785852653585187
10,1,-0.444310466938294
10,2,-0.7109714341047686
10,3,-0.48840390090064084
10,4,-0.22331824833708058
10,5,-0.19278014199171456
11,1,-0.9423164972741394
11,2,0.48452070316261536
11,3,-0.2406260580026759
11,4,-0.35016218597218207
11,5,-0.6305283701422593
12,1,2.183825832651361
12,2,2.033816021827665
12,3,0.7067632108926789
12,4,-0.5498259777242317
12,5,-0.9971438272513533
13,1,0.2122831561546647
13,2,-1.4988808507048408
13,3,1.3287387079302364
13,4,-0.4194515676589055
13,5,-0.13595324299864245
14,1,-0.8565185569645379
14,2,-0.28713273937642114
14,3,-0.5789103596636301
14,4,-0.7430359223651657
14,5,0.20021969479532825
15,1,-1.220923057232999
15,2,0.41677659607196116
15,3,0.16570821946024267
15,4,0.2174959961056932
15,5,0.2691490527030308
16,1,2.4286623961154103
16,2,0.8357121747942965
16,3,-0.20743621269072143
16,4,-0.5361214948379176
16,5,0.47572700443216887
17,1,-1.2114267173090407
17,2,0.6835618584259472
17,3,0.5452574959220614
17,4,0.43384604313782976
17,5,0.3771298094062828
18,1,-1.4207820140088616
18,2,0.7664671003951056
18,3,0.25954708638696156
18,4,0.5319546228054745
18,5,0.24561588342069618
19,1,-1.2334393704176672
19,2,0.7617176540599081
19,3,0.339046455195834
19,4,0.3091598527696482
19,5,0.24045966145447545
20,1,-0.785012675513732
20,2,-0.10762019193565345
20,3,-0.6545278508144181
20,4,-0.6334811624585723
20,5,-0.23165389741337206
21,1,0.3170727861819254
21,2,-0.2881705480700286
21,3,3.222033871440636
21,4,0.19786486560337713
21,5,-0.2379705709222437
22,1,2.3885427541104955
22,2,0.7780333658667741
22,3,-0.3635202990851068
22,4,-0.5487976207879158
22,5,0.8054849865251084
23,1,0.5323210915993437
23,2,-0.38026776493257464
23,3,3.1200037425826888
23,4,-0.19766730711765515
23,5,0.2871698937231588
24,1,2.352697144593939
24,2,1.008471072098092
24,3,-0.39871112274426906
24,4,-0.48232672384711067
24,5,0.42340098679100624
25,1,0.6501125367038083
25,2,-1.9799906299089827
25,3,1.6987991131307612
25,4,-0.9403242679202352
25,5,0.34699029735739684
26,1,-1.2303105061884125
26,2,0.6103288269617078
26,3,0.41296628591043244
26,4,0.57457945329425
26,5,0.1599731863254492
27,1,-1.307880763168507
27,2,0.7155733927207177
27,3,0.11865317617245044
27,4,0.38882543832258437
27,5,0.502799345612613
28,1,-0.7769594250050886
28,2,-0.22669725783958874
28,3,-0.6456585543834675
28,4,-0.5017280837271777
28,5,0.09630710313523042
29,1,1.9880076823473878
29,2,-0.27242452322393174
29,3,-0.38545042048938727
29,4,-0.10368647031817511
29,5,0.5837203512889271
30,1,1.5727740551445573
30,2,-0.4207158290933597
30,3,-0.5801208556453757
30,4,0.9932723681220142
30,5,-0.0023822884590825972
31,1,2.001108650258057
31,2,-0.6443786963889857
31,3,-0.3145238503503713
31,4,0.9047937853989845
31,5,-0.04108032837065332
32,1,1.5455254320557403
32,2,-0.6213143808198154
32,3,-0.5704739994655382
32,4,-0.03269307947095924
32,5,0.878905791030281
33,1,0.8736922042046738
33,2,-1.741041811783342
33,3,1.3418048177024053
33,4,-0.7026231170700652
33,5,-0.09027536062767558
34,1,-0.9300220785503189
34,2,0.41008716557585306
34,3,0.15013653934425278
34,4,0.07051631068748779
34,5,0.2958181418130775
35,1,-1.209813291114914
35,2,-1.0211902567265414
35,3,1.2470819660466692
35,4,0.07028666703336879
35,5,0.05215794720462772
36,1,-0.8702570020956577
36,2,-0.3294699792421583
36,3,-0.6426320714517384
36,4,-0.5570844223762925
36,5,0.20266482746920175
37,1,-0.6377875537568115
37,2,-0.5614684149612025
37,3,-0.7484221210296412
37,4,-0.2246004129353967
37,5,-0.08443708627328575
38,1,0.9694560909549926
38,2,-1.1373175181893374
38,3,1.3182462433246263
38,4,-0.5241661753644276
38,5,-0.08665374035551376
39,1,2.3214859910782732
39,2,0.8842234542696296
39,3,-0.2346300631240287
39,4,-0.6533494713690823
39,5,0.38844164870215897
40,1,-1.1427547068462738
40,2,0.4666420561174076
40,3,-0.29965721513488686
40,4,0.2566688122158974
40,5,-0.021264471069665027
41,1,2.344578392615569
41,2,0.6555864649807294
41,3,-0.37959888929918434
41,4,-0.9729264833859432
41,5,0.8177894470189797
42,1,-0.5705287765520302
42,2,-0.8427775624604907
42,3,-0.571138377314752
42,4,0.07602320063561448
42,5,-0.3708781706552722
43,1,-1.0972295372872456
43,2,0.49098420357009925
43,3,-0.16888882360977986
43,4,0.08527937976750688
43,5,0.24039958560211522
44,1,-1.2299715693916964
44,2,0.6453895373392126
44,3,0.2282609595274216
44,4,0.40525562929870407
44,5,0.5756582834937518
45,1,2.024181376471272
45,2,-0.8045049233178705
45,3,-0.3944446234177017
45,4,0.6804144762529668
45,5,0.059021133762738674
46,1,-1.062119006915357
46,2,0.34827845418423187
46,3,0.12458396778448834
46,4,0.20852960159798634
46,5,0.03512903132143322
47,1,1.9065091747331473
47,2,-0.40031145332427265
47,3,-0.06628065474961815
47,4,1.2925777684662298
47,5,-0.24231709547300387
48,1,-0.7051607577372987
48,2,-0.6965121586779639
48,3,-0.40028916098944983
48,4,0.43914669479781393
48,5,-0.6107417466268559
49,1,-0.8828634995592777
49,2,-0.22910322570562897
49,3,-0.3645810256519096
49,4,0.5782847890907108
49,5,-0.631008608792776
50,1,-0.7376444833432307
50,2,-0.5977187225062605
50,3,-0.09209949947353246
50,4,0.5770986477463932
50,5,-0.7884782731262017
51,1,-0.9563926720196342
51,2,0.2894232867066917
51,3,-0.1795748057601064
51,4,0.31325544112835246
51,5,0.2965457670962471
52,1,-0.8647810780236309
52,2,-0.17511838777683814
52,3,-0.6083670605156488
52,4,-0.6518483373879287
52,5,0.041488059233425155
53,1,1.4436677826227873
53,2,-0.15780405869513894
53,3,-0.5363275019879071
53,4,0.18120477764860585
53,5,-0.7742308451500922
54,1,2.0897073357319904
54,2,-0.16767134375110712
54,3,-0.28677474115634405
54,4,0.06860305679537884
54,5,-0.4224459468598661
55,1,-0.6350996603640323
55,2,-0.15342934705986344
55,3,-0.8786205831935917
55,4,-1.1160946724498522
55,5,0.3949526209501814
56,1,-0.8238806601069115
56,2,-0.18539145227837844
56,3,-0.647004541635324
56,4,-1.003996213067435
56,5,0.2627107486384072
57,1,-1.1329710385140532
57,2,0.5658492479617445
57,3,0.1328990038647157
57,4,0.4884787667136366
57,5,0.3919197003531421
58,1,-0.9040324890269356
58,2,0.6147998002593343
58,3,0.10080748831331515
58,4,0.10678235621239843
58,5,0.24856153064421874
59,1,-0.5115385438781572
59,2,-0.6579920231206414
59,3,-0.4094147522898194
59,4,-0.4639691943414422
59,5,0.027544310971510562
60,1,1.5877423727431552
60,2,-0.6932751074982304
60,3,-0.6125847635351002
60,4,0.38529117484826825
60,5,0.16902335599771987
61,1,1.9527403925140454
61,2,-0.68871144068163
61,3,-0.38308576910224174
61,4,0.4361285696418168
61,5,0.48427280221138497
62,1,1.7832063053223453
62,2,-0.585250969816173
62,3,-0.34367943779538307
62,4,0.34700865330483405
62,5,0.38795286580429555
63,1,1.8877394239105638
63,2,1.88998394039823
63,3,1.2954371985230342
63,4,0.31865209973868686
63,5,0.46098704411304364
64,1,2.0396460841967934
64,2,-0.7043421521289877
64,3,-0.46243744261500547
64,4,0.41538704924297404
64,5,0.3953939971459937
65,1,2.0929991862872313
65,2,-0.4877943641034105
65,3,-0.48514495752116776
65,4,0.377951969461052
65,5,0.20242532143017897
66,1,-0.8966341417656274
66,2,0.3927842664705106
66,3,-0.2973236442919626
66,4,-0.3027860137547485
66,5,-0.6412738078270211
67,1,-1.3792671790528854
67,2,0.6165723278488635
67,3,0.1385827614764119
67,4,0.16707412498563512
67,5,0.1153285186213028
68,1,-1.1181436501186035
68,2,0.41130534867392493
68,3,0.04685770820157191
68,4,0.05441366513532111
68,5,0.22207577203183432
69,1,-0.723770621128599
69,2,-0.7455377210620407
69,3,-0.6886336744897638
69,4,-0.6024784213348752
69,5,-0.21751632333094856
70,1,2.10067977288463
70,2,-0.6400454280527055
70,3,-0.35393889894610947
70,4,0.4783996300856743
70,5,0.864343608652679
71,1,1.843537650629878
71,2,-0.06958764011919352
71,3,-0.24309691843037826
71,4,1.319299720531893
71,5,-0.330774588404894
72,1,1.9463486223935857
72,2,1.6899115611233728
72,3,0.7198019982948005
72,4,-0.5601012098091186
72,5,-1.046253347851335
73,1,1.8676386798947882
73,2,2.052567333323634
73,3,0.6229224823459654
73,4,-0.49762812801443124
73,5,-0.7366373544809358
74,1,2.0160766600403566
74,2,2.0618710947474193
74,3,0.623758175847375
74,4,-0.6037515417876137
74,5,-1.1319175948744573
75,1,-0.6872949735997211
75,2,-0.012066321815382938
75,3,-0.6714229109803281
75,4,-0.7164004507361033
75,5,0.4586326780177385
76,1,2.0117028005288082
76,2,0.9500423290196324
76,3,-0.29711652002922584
76,4,-0.7055719535561386
76,5,0.07989506581047723
77,1,1.4206850713510397
77,2,0.05538156172137349
77,3,-0.2397310351788272
77,4,0.8436882452023489
77,5,-1.2034490917178462
78,1,-1.1935679499201126
78,2,0.36806539530804666
78,3,0.4384404605919601
78,4,0.349441360384369
78,5,0.6945890902609941
79,1,-0.8711187245178341
79,2,0.41089308182625855
79,3,-0.3517815571870141
79,4,-0.3345716866883591
79,5,-0.6951491984947797
80,1,-0.8827360674709133
80,2,-0.48204861363832147
80,3,-0.2907132298634576
80,4,0.46393640790840424
80,5,-0.773216425918955
81,1,-1.1847270386688016
81,2,0.4294683399714323
81,3,-0.08467528943958354
81,4,0.07880065580520138
81,5,0.25554545019673713
82,1,-1.205274560603034
82,2,0.5574078093386234
82,3,0.03551694191174661
82,4,0.08852751049893234
82,5,0.24215671791097293
83,1,-1.117688334135697
83,2,0.4566796036045756
83,3,-0.07304624318803672
83,4,0.047225504810609144
83,5,0.1797499872287488
84,1,-0.7886655124912322
84,2,0.36784737181443855
84,3,-0.26030671129835775
84,4,-0.29807906330116335
84,5,-0.5353279224062436
85,1,-0.9258258359013692
85,2,-0.8714841443253252
85,3,-0.4634478232946117
85,4,-0.38312388025039423
85,5,-0.29589218896529873
86,1,1.8683711132661132
86,2,-0.6983837067358702
86,3,-0.6649388514370401
86,4,0.8719510494589174
86,5,-0.10174448329856085
87,1,-0.6416484966520059
87,2,-0.6643486187364308
87,3,-0.5422187416881217
87,4,-0.23571220651726735
87,5,-0.35636722082198957
88,1,-0.632417352376226
88,2,-0.3816094590952124
88,3,-0.15512526654383532
88,4,0.5516640153710699
88,5,-0.6157622417001244
89,1,-0.7079530085925159
89,2,0.007855831098706342
89,3,-0.7465273743825599
89,4,-0.9211440070128725
89,5,0.37842937860242376
90,1,-1.176652292114879
90,2,0.5994287253319228
90,3,-0.11078546652972542
90,4,0.15461573741484289
90,5,0.04284767733946215
91,1,-0.5973010286304079
91,2,-0.21042853885242266
91,3,-0.1146390533313315
91,4,0.3119119551085651
91,5,-0.9814315701629703
92,1,-1.0387888348586707
92,2,0.5400756043719738
92,3,0.20910953748199648
92,4,0.271920095081686
92,5,0.1679304007146989
93,1,-1.0815843727530332
93,2,-0.36197504608331643
93,3,1.1276578433842568
93,4,0.4254846661957611
93,5,0.5000594067648308
94,1,-0.6154822477227117
94,2,-0.5846611382814428
94,3,-0.5913004039290101
94,4,-0.5508682232887083
94,5,-0.3019939393994252
95,1,-0.9360583353504278
95,2,0.2324483814450727
95,3,-0.42890483482921105
95,4,-0.27796864429658324
95,5,-0.8400019120037595
96,1,1.9654871545604682
96,2,-0.6510639868056298
96,3,-0.582310374911613
96,4,0.4254443935327341
96,5,0.21049944865065445
97,1,-1.2464008472513224
97,2,0.44339422260465494
97,3,-0.13395101716504434
97,4,0.32556457311808223
97,5,0.3697957581192646
98,1,-0.5928500059836401
98,2,-0.9511127695760443
98,3,-0.5767338250617915
98,4,-0.31970484066749866
98,5,-0.22036857646724992
99,1,0.743061706871351
99,2,-1.7418365093876236
99,3,1.3529013561997514
99,4,-0.7185505920994057
99,5,-0.3997631703079567
100,1,-0.929741268993205
100,2,-0.653706131550291
100,3,1.5450534239679998
100,4,0.2242076133115294
100,5,0.06527087032833373
101,1,-1.0177645984713766
101,2,-0.7806903122800855
101,3,1.4822052412005688
101,4,-0.24454497869901712
101,5,-0.02087165496915993
