Individual,PC,score
1,1,-1.3137870226597232
1,2,-0.05519612291188911
1,3,-0.11616557403839886
2,1,-1.2732858750118168
2,2,-0.11941048766825796
2,3,-0.13796882858131534
3,1,-1.2393677108804468
3,2,-0.2385425724806096
3,3,-0.3173552844971597
4,1,-1.083191851738019
4,2,0.0377199870307744
4,3,-0.09691833708418006
5,1,-1.057250329575061
5,2,-0.2197434126028477
5,3,-0.09241345267161641
6,1,-1.3512003439387719
6,2,-0.03817808228131324
6,3,-0.20703143929322168
7,1,2.23153916579082
7,2,-0.3736191746775179
7,3,-0.39615308387592346
8,1,-1.1674309564811123
8,2,-0.06986342632861979
8,3,-0.15805478277080978
9,1,-1.0820854466676957
9,2,-0.14419659012841546
9,3,0.0644066610256277
10,1,-1.2660139715791847
10,2,-0.07663449378757681
10,3,-0.16271543486078532
11,1,-1.2859288790630978
11,2,-0.073165662712185775
11,3,1.027297759473984
12,1,0.18274373827334114
12,2,-0.6694322516599853
12,3,2.4407657780271617
13,1,2.112028842011104
13,2,0.055914358070223456
13,3,-0.09685275233396487
14,1,-1.2562130877930329
14,2,-0.0030884645381899895
14,3,-0.2059306793134809
15,1,-1.1966828212398408
15,2,-0.04011781473419691
15,3,-0.3099065145341497
16,1,-1.0313294414488923
16,2,-0.11298363652588311
16,3,-0.3570889580583559
17,1,2.1865721869640136
17,2,-0.3338218037375425
17,3,-0.3282317367823068
18,1,2.2465944101521953
18,2,-0.24605611256928642
18,3,-0.15421577811148449
19,1,2.352842705520013
19,2,-0.22275651654229234
19,3,-0.5780521929723026
20,1,-1.2862531856910286
20,2,0.11525621454318151
20,3,-0.1890501418061757
21,1,2.1653143225810094
21,2,-0.11109984109801385
21,3,-0.33463894231128977
22,1,-1.118886663047019
22,2,-0.4562975022956531
22,3,-0.18801385316314875
23,1,2.293057049318341
23,2,-0.414304343364033
23,3,-0.24971181611507864
24,1,2.219003243456147
24,2,-0.5217819652448041
24,3,-0.34888689803649764
25,1,-1.2247885900776112
25,2,-0.2872146734919222
25,3,-0.21226015862383593
26,1,-1.2723400420057982
26,2,0.04957089349919657
26,3,-0.2013357331288646
27,1,-1.0651337154686238
27,2,-0.057735222069697126
27,3,-0.39121982554087453
28,1,-1.1206853281111973
28,2,-0.02164682631726468
28,3,-0.08037909271178659
29,1,2.0583903925302076
29,2,-0.47826693955613714
29,3,-0.13028896331970263
30,1,-1.3063409553619836
30,2,-0.035474124297916805
30,3,-0.2318704659583651
31,1,-0.8724376104374836
31,2,-0.3924021997294089
31,3,-0.05245104563195222
32,1,-1.2114390570084081
32,2,0.006897497917625725
32,3,-0.18037612301272038
33,1,-1.0487795978452068
33,2,0.053483975462024845
33,3,-0.44180711345018103
34,1,2.3394936699263913
34,2,-0.28752285670736144
34,3,-0.3068319206201627
35,1,-1.1852651168037227
35,2,-0.20886391279676708
35,3,-0.37269539602286755
36,1,-1.1537643035685652
36,2,-0.12204680817506444
36,3,-0.26365229075270025
37,1,2.308401555924822
37,2,-0.45507071819319217
37,3,-0.3183973534625197
38,1,-1.2739689655654216
38,2,-0.025490624601647353
38,3,-0.2875177356337787
39,1,-1.174328008093351
39,2,-0.21158525493404376
39,3,-0.307973536164455
40,1,2.1616775550353804
40,2,-0.3328556499522359
40,3,-0.470696838763595
41,1,-1.343489941237887
41,2,-0.022019040082607192
41,3,-0.35664478747263284
42,1,-1.06999205013383
42,2,0.3271827617889637
42,3,-0.12679601005090121
43,1,1.8260205595815406
43,2,3.2577021457223654
43,3,0.41996831720268657
44,1,2.178007490363878
44,2,-0.40746555502776666
44,3,0.004183436127996951
45,1,-1.3205899080699945
45,2,-0.17412584672183987
45,3,-0.15328817601966765
46,1,2.234635000197482
46,2,-0.22215689709263975
46,3,-0.14294189728651205
47,1,-1.426661713377652
47,2,0.1483601213947635
47,3,-0.2948729343775776
48,1,-1.1166169363780236
48,2,-0.10552851699415292
48,3,-0.27161983695116787
49,1,-1.1622102054414
49,2,0.05734913248501651
49,3,-0.15569071820289526
50,1,-1.2712624228104399
50,2,-0.1184372627356086
50,3,-0.44194995732078773
51,1,-1.1380635740455116
51,2,-0.18226129757802229
51,3,-0.4199033183780408
52,1,-1.1554297155751125
52,2,-0.101030857170084
52,3,-0.1454444400435174
53,1,-0.9338154784008642
53,2,3.3085905329707965
53,3,0.10199646754417677
54,1,-1.1707490524474222
54,2,0.1262649462933764
54,3,-0.3273392928400595
55,1,2.0785381448558806
55,2,-0.26464850797347284
55,3,-0.20250004860342377
56,1,0.25908081651172976
56,2,-0.3969309827587486
56,3,-0.13600279956294292
57,1,-1.2186624494981282
57,2,-0.010080667088925981
57,3,-0.39654265759730506
58,1,0.5345679926593725
58,2,-0.23961311984429878
58,3,-0.29089828268493734
59,1,-1.2672411303952467
59,2,-0.047693804892664615
59,3,-0.11811840858782255
60,1,-1.1326184060861626
60,2,-0.19244344824933823
60,3,-0.4098766002098027
61,1,-1.0663992765150574
61,2,-0.08603058929932954
61,3,-0.11892565311808286
62,1,2.2412417932987965
62,2,0.2107358423958685
62,3,-0.08092891669709419
63,1,1.940295171128774
63,2,-0.3007652989135445
63,3,-0.2311802093945265
64,1,2.1424095465569284
64,2,-0.27200082525906727
64,3,-0.2577683654268633
65,1,2.4588674248356717
65,2,-0.12510711889198778
65,3,-0.35896847121527276
66,1,0.147664742686543
66,2,-0.3836269161273642
66,3,2.4918248736285356
67,1,2.1568664287453743
67,2,3.260618802384352
67,3,0.4664769432395483
68,1,-0.8541953287995521
68,2,0.050450379052653135
68,3,0.02927947606523332
69,1,2.003179023925177
69,2,3.045614230956714
69,3,0.45935513794872235
70,1,-0.9242906570193324
70,2,3.2319988848279952
70,3,0.14136095010580915
71,1,2.1363020592068342
71,2,-0.22422691226286381
71,3,-0.22622080611515266
72,1,0.39844197697607125
72,2,-0.25921220993851407
72,3,2.459832047582656
73,1,-0.03971169225437981
73,2,-0.4514388235495158
73,3,2.3464415159272565
74,1,0.19249646008502552
74,2,-0.5846839061346205
74,3,2.7854379638825457
75,1,2.2445841103837436
75,2,-0.1273949773866024
75,3,-0.04762137109521963
76,1,0.21229548119525737
76,2,-0.3190439137471164
76,3,2.2973656433856204
77,1,-1.2423330914127595
77,2,-0.5205558001579433
77,3,1.66498899312117
78,1,-1.2118365485622664
78,2,-0.1442002274890502
78,3,-0.2919459956306915
79,1,-1.3471511485684797
79,2,-0.31640247651610853
79,3,1.8759643122628171
80,1,-1.1098459414508675
80,2,-0.13867061283249774
80,3,-0.24709850428902017
81,1,-1.2404088824336124
81,2,-0.16677660892575558
81,3,-0.4435245403042863
82,1,-1.3674217882144852
82,2,0.07387224361945395
82,3,-0.26906853488182625
83,1,2.2411282246354967
83,2,-0.4341491463859909
83,3,-0.09261541818938375
84,1,2.1787335519719693
84,2,-0.44969106814603477
84,3,-0.392823163049783
85,1,-1.0627131496965723
85,2,0.013977468585357047
85,3,-0.19446671922686193
86,1,-0.9443134651575124
86,2,-0.1884454188948906
86,3,-0.4338614262849944
87,1,-1.2671089520993333
87,2,0.06929829704475086
87,3,-0.15824412438331426
88,1,-1.1465434963582468
88,2,0.016381112714269442
88,3,-0.40418819761037744
89,1,2.1151195812694614
89,2,-0.4506959267765601
89,3,-0.18821630176775322
90,1,-1.0502018887246702
90,2,-0.06548153171499671
90,3,-0.37235793845050114
91,1,-0.9676224687363595
91,2,0.1708666022935501
91,3,-0.40787227799122155
92,1,2.1389731850004496
92,2,-0.3690210702745676
92,3,-0.20483122641663323
93,1,2.16333483392003
93,2,-0.3050556046843713
93,3,-0.15668024977304704
94,1,-0.9875794655449459
94,2,0.024267286991914876
94,3,-0.3605529989698209
95,1,-1.1250691776968
95,2,-0.2113710046538714
95,3,-0.2923271603666966
96,1,-1.281262850622375
96,2,-0.17427098803131283
96,3,-0.07584901216910062
97,1,-1.4295902915780243
97,2,-0.016633281185243737
97,3,-0.19221703881168173
98,1,-1.2318699091760896
98,2,-0.02206531809325784
98,3,-0.34202494052140714
99,1,2.014584732177174
99,2,-0.1887758182180423
99,3,-0.09612287933523052
100,1,2.234865441109688
100,2,-0.19462007093191405
100,3,-0.13643381737839158
101,1,2.2131587209193704
101,2,-0.28105835970031756
101,3,-0.3364697774873113
