Individual,PC,score
1,1,-0.21391614300683168
1,2,1.680690357845253
1,3,0.08524597128616404
1,4,0.8155308659817628
1,5,0.1574896678177583
1,6,-0.5965008117807312
1,7,-0.17435575499507527
2,1,0.676767906370063
2,2,0.08497375262527734
2,3,0.799296796271327
2,4,0.1796869063960438
2,5,0.24682668048553585
2,6,0.22235912772796815
2,7,0.1789067548155463
3,1,-0.03327767796439174
3,2,1.8093668570509691
3,3,0.6250923276660217
3,4,0.5458423844253261
3,5,-0.18796339065849454
3,6,0.15493606670457266
3,7,-0.5583982312215554
4,1,-0.2227594462042057
4,2,1.424712891511056
4,3,0.2925083902318308
4,4,0.6507210673407213
4,5,-0.46316988526927605
4,6,0.16306196715413634
4,7,-0.49325366821797717
5,1,0.02846649573775413
5,2,1.626495696016781
5,3,0.13428831592566656
5,4,1.025139795832691
5,5,0.18572410399196293
5,6,-0.44374149457083506
5,7,-0.15858154034810668
6,1,0.045869679974743637
6,2,1.592527520741039
6,3,0.7180638729575229
6,4,0.40460097917059473
6,5,-0.637379407934778
6,6,-0.5878038736354682
6,7,-0.5974786517320527
7,1,0.5485723359880433
7,2,0.729573784450679
7,3,1.142503905540484
7,4,-0.24293272397101198
7,5,-0.24770849838563921
7,6,0.3079734967216152
7,7,0.3846984346779837
8,1,1.2151141400846492
8,2,-0.20110060100080665
8,3,-0.33291249034843456
8,4,0.47308894541031815
8,5,0.5021531336904418
8,6,-0.4284840249586899
8,7,-0.05173120563811145
9,1,-1.8832965868176677
9,2,-1.272557469515696
9,3,-0.65456662487008
9,4,0.30496880352086564
9,5,-0.6831511949270344
9,6,-0.4745568850845378
9,7,0.3597849439236871
10,1,1.3442476513944626
10,2,-0.10437477777874096
10,3,0.14686517773694938
10,4,-0.2456262763594969
10,5,0.41054487299901266
10,6,0.526153710562971
10,7,-0.12180962778716534
11,1,0.46105347673356667
11,2,-0.32706061982906437
11,3,-0.5790129016853889
11,4,0.5552613463804191
11,5,0.35594782016702214
11,6,-0.07670072748239642
11,7,0.5222915247176102
12,1,-2.5248799355501768
12,2,0.3221263365640718
12,3,1.3396161577942
12,4,0.13059757378316225
12,5,-0.07593242071353608
12,6,0.5202642251198124
12,7,-0.5552164911854038
13,1,-1.4122396988590449
13,2,-0.8611131774132013
13,3,-0.35869984792021464
13,4,0.4467018657213885
13,5,-0.4490228866310228
13,6,0.9359500360672693
13,7,0.2683721832302441
14,1,-0.20460739758423693
14,2,2.0186582459463205
14,3,0.368135323635569
14,4,0.6019456654512214
14,5,-0.1702104779881588
14,6,-0.06499448325080201
14,7,-0.5471242189949342
15,1,0.7331990005437982
15,2,-0.12930286148338765
15,3,-0.0781448799891939
15,4,-1.0328169472612643
15,5,-1.14111881749026
15,6,-0.6990099802988476
15,7,-0.07849419620196074
16,1,1.3049322248401065
16,2,-0.3616132946874183
16,3,-0.11285210818203086
16,4,-0.20373591812354014
16,5,0.21116226057068146
16,6,0.22439348379980703
16,7,-0.4317537338899231
17,1,1.0575607251593773
17,2,-0.5183753714237257
17,3,-0.5300628143040218
17,4,0.053047407661279466
17,5,0.5884424133871623
17,6,-0.8658984859819112
17,7,0.1411980636025264
18,1,1.298644398017877
18,2,-0.33328418655021297
18,3,0.09979549190070688
18,4,-0.06489063795492421
18,5,0.27284933091591707
18,6,0.2719508312307647
18,7,-0.5537569424098927
19,1,1.2044259172839216
19,2,-0.041181358566751744
19,3,-0.18039003667068632
19,4,-0.172502544443363
19,5,0.43116353326769086
19,6,0.29570471381732016
19,7,-0.3069421911201911
20,1,1.2119304403669116
20,2,-0.31649245780416924
20,3,-0.14117228304044083
20,4,-0.36740785590041863
20,5,0.34589600853216235
20,6,-0.38864313017418195
20,7,-0.39021867062666454
21,1,-1.5336098506754845
21,2,-1.036604475191742
21,3,-0.892008170151651
21,4,0.31567494174469185
21,5,-0.6565633159044736
21,6,-0.4022957685430137
21,7,0.3389552993410088
22,1,1.3253144731775703
22,2,-0.0019894184814144584
22,3,-0.21776091147408802
22,4,-0.05126760932710205
22,5,0.34918580870508126
22,6,0.5546292098961658
22,7,-0.2712834094519311
23,1,-1.7152501042140944
23,2,2.475861257764178
23,3,-0.23178850398008385
23,4,-1.9095545542926369
23,5,0.5247806750683189
23,6,0.16321380289506618
23,7,1.57957918499066
24,1,-1.5479996806807212
24,2,2.094414369969811
24,3,-1.969770800677222
24,4,-2.085382479975408
24,5,1.2263362812893894
24,6,0.07045742467476317
24,7,0.8769964964983902
25,1,1.064084290060481
25,2,-0.18713210628668425
25,3,0.008958476881708945
25,4,-0.4812405491427937
25,5,-0.2729142412830715
25,6,0.7120672387369056
25,7,-0.1342487919448966
26,1,0.23375384072028949
26,2,0.010359433976626772
26,3,-0.10251351186902144
26,4,-0.10630401541238632
26,5,-1.4761132828469972
26,6,-0.13101920058926073
26,7,-0.2627063113656726
27,1,0.6997587559457891
27,2,0.6743918989620952
27,3,0.6506620852321392
27,4,0.32712130811737
27,5,-0.31879966168595464
27,6,-0.1628130067059009
27,7,-0.2542470873048485
28,1,0.6301662803977641
28,2,0.12345164112281916
28,3,0.7521096310345943
28,4,-0.4355414911749765
28,5,-0.13874834138901723
28,6,-0.8313058345800861
28,7,0.755936464801525
29,1,1.214018272859694
29,2,0.40612545995392574
29,3,0.9297593429352845
29,4,0.16009538079577143
29,5,0.1333458583983906
29,6,0.19534877323166003
29,7,0.14391458223782472
30,1,0.9501792534930701
30,2,-0.06924822696350999
30,3,-0.1150706386081685
30,4,-0.23628615916465334
30,5,0.3798200379509645
30,6,0.20471556745293457
30,7,-0.10704191821870855
31,1,1.2946397980710538
31,2,-0.050585137821933586
31,3,-0.03631820992312015
31,4,-0.019951687404809702
31,5,0.4725084948301434
31,6,0.4333330280511853
31,7,-0.09640542184892409
32,1,0.9165313665851147
32,2,0.22587491637907067
32,3,0.917131450401269
32,4,0.23546320837984605
32,5,0.6249164399673874
32,6,-0.06837830395475394
32,7,0.15463676227954826
33,1,-1.3285032736264655
33,2,-1.122395540934211
33,3,-0.14790874994991654
33,4,-0.3541164033631561
33,5,-0.7245739519676575
33,6,0.5197779023513739
33,7,-0.042643952420273544
34,1,1.1658221158590454
34,2,-0.36939768716689003
34,3,-0.35698019448138646
34,4,0.4042190578230787
34,5,0.7687919783628457
34,6,-0.17175375950476682
34,7,0.2327367896271297
35,1,1.3596067935212124
35,2,-0.2129257700412918
35,3,0.22639925386732213
35,4,0.21697872634016135
35,5,0.26668000406747205
35,6,0.5382468302717319
35,7,-0.16793159575489403
36,1,-2.042776488819227
36,2,-0.7196792173331655
36,3,-0.7523444835781861
36,4,0.2892530620585307
36,5,0.30404510395859236
36,6,-0.41125237770212936
36,7,-0.542118499252794
37,1,-0.7174533616516353
37,2,2.331733345886238
37,3,-0.3486086269792568
37,4,0.44657690507706543
37,5,0.08637122091130087
37,6,0.8535304050071449
37,7,1.0054030665253633
38,1,1.0713409134376621
38,2,-0.1093043582187416
38,3,0.2770544107117255
38,4,-0.8648221526315654
38,5,-0.14556099673534453
38,6,0.015789449770636624
38,7,-0.09876173259034017
39,1,1.352715510769911
39,2,-0.1572399186960222
39,3,-0.19290834962810663
39,4,-0.5672059182975339
39,5,0.11417690782378813
39,6,-0.051563315069984864
39,7,-0.20322840283601912
40,1,0.7899521003159933
40,2,0.22706078989729825
40,3,-0.10809535765620645
40,4,-0.6609961448380087
40,5,-0.7965746129438533
40,6,0.47337278316030146
40,7,-0.2061611013867303
41,1,1.1292609720772366
41,2,0.16603618392859038
41,3,1.0445237508877059
41,4,0.1902650119667926
41,5,0.5214696934451121
41,6,0.34997953684785676
41,7,0.19829531615440338
42,1,1.2033119561801167
42,2,-0.10912948559683372
42,3,-0.14148882519697586
42,4,-0.051698272785773554
42,5,0.16541587837048413
42,6,0.34866306090829996
42,7,-0.2565246847419533
43,1,0.43458770280554915
43,2,0.38007898082620467
43,3,1.139030396152693
43,4,-0.48308393168359115
43,5,-0.4921998917152712
43,6,-0.3888936360214732
43,7,0.2624719334856857
44,1,0.7886152963477576
44,2,0.042975907197216466
44,3,0.03641381034624953
44,4,-0.291058392850916
44,5,-0.6286412805760931
44,6,0.5246735463212019
44,7,-0.22973383259557595
45,1,1.2880812006151896
45,2,-0.29159352264761856
45,3,-0.056939947631070346
45,4,-0.03902265866795874
45,5,0.12461116304436187
45,6,0.3590263579801287
45,7,-0.17616810890326454
46,1,1.2536616850148279
46,2,-0.23169656510526287
46,3,0.06601507130340975
46,4,0.3096355008621011
46,5,0.3467361511681389
46,6,0.4118336526253253
46,7,-0.061470806272632114
47,1,0.9418942726077619
47,2,-0.41059145523736984
47,3,-0.6822098915339058
47,4,-0.1676672568524479
47,5,0.45128062975903316
47,6,-0.8182583199797021
47,7,-0.05819971378470597
48,1,1.040190323953484
48,2,-0.3759316011781075
48,3,-0.012109468456742916
48,4,-0.5240129647356218
48,5,0.12200846470529193
48,6,-0.07657062154837124
48,7,-0.10006133597286478
49,1,1.0189034071097762
49,2,-0.422499582380427
49,3,0.05318114613737595
49,4,-0.40192398595605827
49,5,0.1462150713224965
49,6,-0.3524348104381513
49,7,-0.40690768285484086
50,1,1.1350855320883981
50,2,-0.20523701341150868
50,3,-0.09828565581729612
50,4,-0.433325830675742
50,5,0.21778614460625426
50,6,-0.19651749293307533
50,7,-0.22477837785715887
51,1,1.1551796426659775
51,2,-0.20380371553649806
51,3,0.27715431386365613
51,4,-0.5929156995693862
51,5,0.07181016970788855
51,6,0.4668667372620717
51,7,-0.07114110079976954
52,1,1.232416928854047
52,2,-0.23720570843781527
52,3,-0.3485534049391162
52,4,-0.5060310118814662
52,5,0.23366987332550646
52,6,-0.00782812809140168
52,7,-0.19300903419114593
53,1,-0.9538265770770228
53,2,-1.4699433056176368
53,3,-0.17479782128455518
53,4,0.3188722994357209
53,5,0.5358360356235204
53,6,-0.219183798826415
53,7,0.3530129485525323
54,1,-0.4643014379299768
54,2,0.9568580082449533
54,3,-1.0180047227092952
54,4,1.114821112768638
54,5,-0.2809684864573006
54,6,0.10853321073130437
54,7,-0.5845524109986112
55,1,-1.207246764579994
55,2,-0.9348752993573625
55,3,-0.31237310786572636
55,4,0.4418803919678997
55,5,-0.6974817720775419
55,6,0.5009247303384776
55,7,0.2955198404441252
56,1,-1.7088250015108026
56,2,-0.5210869964075069
56,3,0.9557314086870461
56,4,0.6055027907699154
56,5,-0.4644391573302252
56,6,0.6763576536587778
56,7,0.35967971668673093
57,1,0.012321973542274763
57,2,1.6547761338981162
57,3,-1.589647795449225
57,4,0.2658862168314287
57,5,0.08035435832231301
57,6,0.3634588229429818
57,7,0.1683249490383786
58,1,1.2601352697987496
58,2,-0.1992293800331554
58,3,0.12080027704882777
58,4,0.14809067324543823
58,5,0.09235460125940297
58,6,0.11552780862191828
58,7,-0.21635353762568973
59,1,-1.708428453166881
59,2,-0.6407571295140188
59,3,0.9818367783014583
59,4,0.39129073867290043
59,5,-0.6491590263740653
59,6,0.7142560005370933
59,7,0.45940854028802086
60,1,-0.9915057733489905
60,2,-1.6146653531283308
60,3,-0.3194170959155417
60,4,0.5088125969024492
60,5,0.5459693625827706
60,6,-0.16498350058973485
60,7,0.36264533014278805
61,1,-2.164132283317954
61,2,-0.17192541942698109
61,3,-0.3056978674125369
61,4,-0.964512508230227
61,5,0.09522630113794726
61,6,0.2717080323299306
61,7,-0.7997050270518321
62,1,1.1990776667669618
62,2,0.3207202515531697
62,3,1.2775150620824391
62,4,-0.16235447190689567
62,5,-0.3837359885737986
62,6,-0.23648050231955683
62,7,0.4822303801457434
63,1,-1.6944029227247164
63,2,-0.9209667383159288
63,3,-0.3767677795568445
63,4,-0.1570448741340778
63,5,-0.200677089655145
63,6,0.17807827057807202
63,7,-0.5329203679382382
64,1,0.796566426618416
64,2,-0.19079937808615022
64,3,-0.010107883470557745
64,4,-0.9759911381644459
64,5,-1.076148333353936
64,6,-0.619570159216289
64,7,-0.20130658173785562
65,1,0.6978973213264839
65,2,-0.16113822994625476
65,3,-0.1283017193306176
65,4,-1.0309502455998605
65,5,-1.3242707333361536
65,6,-0.5660479022427352
65,7,-0.042738638577560197
66,1,-2.7677770046614523
66,2,0.3131340249313694
66,3,0.706375569575767
66,4,-1.6903816131218565
66,5,0.5268139544423646
66,6,0.007575830885419263
66,7,-0.4757694896471415
67,1,-2.7190576439065572
67,2,-0.14626939448509574
67,3,-0.5883301706795088
67,4,-1.4586656702181664
67,5,0.5101187996698135
67,6,0.23025602265211975
67,7,-1.1232818447097068
68,1,-0.07520570747611875
68,2,0.12296608897572031
68,3,-0.8841568306391133
68,4,0.7537636534631882
68,5,-0.4208387537606474
68,6,-0.05263953809962329
68,7,-0.10442575973078923
69,1,-1.156502676683849
69,2,-0.9893822239155777
69,3,-0.7596218484340826
69,4,0.1662373970986484
69,5,-0.6476568929019507
69,6,-0.6265077026867403
69,7,0.38373214951001927
70,1,0.12243351970241893
70,2,0.042765932748671714
70,3,-0.31254283875698113
70,4,-0.02585543458614561
70,5,-1.2348273586992686
70,6,0.7975379590554504
70,7,0.03482095405193269
71,1,0.7192197017449243
71,2,-0.27210096976874076
71,3,-0.5857017536722254
71,4,-0.038676463402519214
71,5,0.0070928141295050935
71,6,-0.5814002107407991
71,7,-0.08313450725013116
72,1,-2.5834851061446025
72,2,0.15520340317129844
72,3,0.6366561317472151
72,4,0.1449696184029422
72,5,0.5904239501343558
72,6,-0.5900478133095578
72,7,-0.1816003512499291
73,1,-2.5824468625420507
73,2,0.25452635017412284
73,3,0.5412618514921638
73,4,-0.007003598734842538
73,5,0.5025292392994721
73,6,-0.8627597129631244
73,7,-0.4636949267486095
74,1,-2.4821417207426024
74,2,0.18860150568507544
74,3,0.5195674311752692
74,4,0.16955012859643473
74,5,0.7056130838446846
74,6,-0.8279027312797649
74,7,-0.2302223973140279
75,1,1.3775897002400344
75,2,0.03556500516956751
75,3,-0.15455912474981154
75,4,0.0010308744774307676
75,5,0.2690893566334709
75,6,0.5322742788657553
75,7,-0.30630268970694097
76,1,-2.4020295852559377
76,2,0.384768256044385
76,3,1.0952678703771996
76,4,-0.015768968366031467
76,5,-0.00420492848603795
76,6,0.31042742615765806
76,7,-0.5395224661709452
77,1,-2.5169884881360467
77,2,0.08211135702668627
77,3,0.5994357693015315
77,4,0.4356628621576221
77,5,0.7024530179000041
77,6,-0.5698330043746431
77,7,-0.11667769685907814
78,1,1.1569755101219799
78,2,-0.35633513772342523
78,3,0.24898263177597543
78,4,-0.8353767932398714
78,5,-0.6409791739907281
78,6,-0.3975356572792453
78,7,-0.06125955077781409
79,1,-2.619508861297715
79,2,0.24483640815874536
79,3,0.4747025329325571
79,4,0.2836213385728204
79,5,0.6380086945554462
79,6,-0.6140469250250024
79,7,-0.13549959169297454
80,1,-0.9321729543788966
80,2,-1.5613349819020312
80,3,-0.34384500525122214
80,4,-0.18677040923662883
80,5,0.403376621641475
80,6,0.5739688503482201
80,7,0.24323404957132352
81,1,0.9271200416822873
81,2,0.41586739048897375
81,3,1.050539208585589
81,4,0.004603847312403992
81,5,-0.10506158740681101
81,6,0.164199181036818
81,7,0.4251242346733482
82,1,-1.1648320993473795
82,2,-1.2247488022638089
82,3,1.1831553896939486
82,4,-0.26232490059396985
82,5,0.17253366807247814
82,6,0.037825114972049684
82,7,0.6643426517898546
83,1,-0.7777470360904021
83,2,-1.480076796661821
83,3,-0.06001612016916967
83,4,0.24361796306677994
83,5,0.37097713672623284
83,6,0.8822093064937797
83,7,0.2866974488685245
84,1,0.4231122284673412
84,2,-0.24795955738759295
84,3,-0.8388245405397431
84,4,0.604446755449842
84,5,0.09874824355695287
84,6,-0.07090806756321838
84,7,0.7974242288486746
85,1,1.1754655740192754
85,2,-0.19587384659798346
85,3,-0.2599657412351253
85,4,0.19850118912885933
85,5,-0.10645440337914099
85,6,-0.5914945994329843
85,7,0.13846424784033226
86,1,0.8894587198058328
86,2,-0.43010215146274267
86,3,-0.5380800913559717
86,4,0.11841492998116888
86,5,0.053318134243842734
86,6,-1.0398212677890155
86,7,0.075715146375485
87,1,-0.8748917838893199
87,2,-1.8689256375576988
87,3,-0.1770540277402473
87,4,-0.20900887936934764
87,5,-0.11919887170088979
87,6,0.05688312978688489
87,7,0.1650256733379369
88,1,1.2126443543355403
88,2,-0.220661015604921
88,3,-0.5762210772968608
88,4,0.31924462001359966
88,5,0.5826548021762951
88,6,-0.2758777031592994
88,7,0.0946298332772753
89,1,1.4026146553731091
89,2,-0.17104222703937974
89,3,0.044699984519355335
89,4,-0.0269532181289401
89,5,0.3617568002766781
89,6,0.36682114584714465
89,7,-0.08553584096576944
90,1,0.9490738827416201
90,2,-0.023088948880601805
90,3,0.7703474444581513
90,4,0.5957545187532836
90,5,0.20990210241730636
90,6,-0.7788343712979384
90,7,0.49113962451362597
91,1,1.0289192175002073
91,2,0.10133678685600411
91,3,0.7302362425139696
91,4,0.8554725090390619
91,5,0.5792125951276129
91,6,-0.41905771689265825
91,7,0.5062633795676661
92,1,-1.0562228042356523
92,2,-0.927757749168351
92,3,1.2997209811524364
92,4,0.5189701467042218
92,5,0.5251324385623763
92,6,0.7088576833339438
92,7,0.9127269482949468
93,1,1.1197781174674009
93,2,-0.5233246244185624
93,3,0.008805053315386679
93,4,-0.5291261326539014
93,5,0.23423120555040863
93,6,0.004288358644304568
93,7,-0.2343178258103978
94,1,1.4638934161339396
94,2,-0.08859506655380443
94,3,-0.2819823793081138
94,4,0.12232135627628538
94,5,0.35522898948337844
94,6,0.44831236454123413
94,7,-0.058018098414696385
95,1,-0.004073129650242753
95,2,0.21454142552725308
95,3,-1.0014828737530397
95,4,0.6730014854147369
95,5,-0.6259978520307138
95,6,-0.06058625667031095
95,7,0.5626213695359293
96,1,-0.4035858355284938
96,2,0.9304901624052682
96,3,-0.8187053650177305
96,4,0.7387277156035095
96,5,-0.7004033875126353
96,6,0.3324200415483943
96,7,-1.080221413352788
97,1,1.3080399218056726
97,2,-0.32133848906766393
97,3,-0.4095872014937578
97,4,0.6292397379226325
97,5,0.8117165290751962
97,6,-0.18558212451173883
97,7,-0.16633205414718294
98,1,-2.0164364279709632
98,2,-0.06316304919138772
98,3,-0.8936965855651587
98,4,0.9134187953700775
98,5,0.24493472750172696
98,6,0.3034194404620115
98,7,-0.531937672601526
99,1,-0.8591650619927044
99,2,1.6184337145290844
99,3,-1.7336866217881308
99,4,0.4467914936810216
99,5,-0.23926595431018363
99,6,0.6149061678283501
99,7,0.7211888810829513
100,1,-0.6096060237740843
100,2,0.25775173889533276
100,3,0.5408855771545312
100,4,-0.3328925921368556
100,5,-1.5054823668175599
100,6,-0.5694522781822055
100,7,0.7987639888278385
101,1,-0.18507862420892673
101,2,0.18537100910541734
101,3,-0.6836743866094931
101,4,0.6880435192004231
101,5,-1.0321707653599603
101,6,-0.5015277812160208
101,7,0.3523044516240734
