Individual,PC,score
1,1,-0.8855588601440157
1,2,0.5241048072755922
1,3,-0.12679692996173583
2,1,2.8708704119568083
2,2,2.388077832143312
2,3,-0.08289771654274303
3,1,2.812056442621413
3,2,2.605849000213278
3,3,-0.35729534378472366
4,1,-0.9672027948456771
4,2,0.665917238629169
4,3,-0.90850353399641115
5,1,-0.8738764002011767
5,2,0.48944586064058043
5,3,-0.899685812195564
6,1,-0.8024350188763475
6,2,0.4806389987730019
6,3,-0.17919391029480045
7,1,-1.0124746502627673
7,2,0.11266239467598103
7,3,0.19286015362849532
8,1,0.7313941837979696
8,2,-0.9954918261605606
8,3,0.3359019024490226
9,1,3.187787221785419
9,2,1.771619240966796
9,3,0.011780615306092831
10,1,2.9254430122303465
10,2,2.2252104101728163
10,3,-0.3160910031229814
11,1,-0.9652562440484568
11,2,0.2717926550618874
11,3,0.2329249744797483
12,1,-0.7726302575748241
12,2,0.4377154911156053
12,3,-0.009812273834121964
13,1,-0.600453300330291
13,2,0.21387164284818236
13,3,0.04793652598460153
14,1,-0.8629666169867201
14,2,0.45587226020497634
14,3,0.10005515956944576
15,1,0.5657250707662863
15,2,-0.8572779305410061
15,3,0.16680443808262477
16,1,0.8124507972268948
16,2,-0.8644605349283133
16,3,0.43977011460376075
17,1,-0.8178585344998259
17,2,0.2734826345346133
17,3,-0.05679150157457493
18,1,0.7637938885969158
18,2,-1.2586488716880522
18,3,0.583586380859273
19,1,0.6484494451170992
19,2,-1.0301338501355803
19,3,0.2980258747977468
20,1,-1.1163743912235233
20,2,0.43967448774485995
20,3,0.23119081480947246
21,1,0.673355154434551
21,2,-1.1763633757275906
21,3,-0.6993227469875064
22,1,-0.637386068507823
22,2,0.3904723514758662
22,3,-0.8211773368731956
23,1,-0.615751509133117
23,2,0.35841734385555696
23,3,0.06339262539880061
24,1,-0.8074853725338634
24,2,0.5843022124300993
24,3,0.22619607398427827
25,1,-0.8037178637758328
25,2,0.3233264754349027
25,3,0.2839736516261187
26,1,-0.7091046421129171
26,2,0.09721267999095873
26,3,0.02825422915082831
27,1,0.7312721026437682
27,2,-0.9847509142530378
27,3,0.31263408249184993
28,1,-0.24654283845843952
28,2,-0.2969084011655733
28,3,0.30330684065227664
29,1,0.7713505106431378
29,2,-0.874451593423676
29,3,-0.6364052938113413
30,1,-0.8829223144403741
30,2,0.43480360074788565
30,3,-0.10609569100718225
31,1,-0.9113348169619675
31,2,0.2801547170456089
31,3,-0.0746571970966669
32,1,0.4867218595791355
32,2,-0.8634255598489229
32,3,0.4549555604805761
33,1,-1.0655197377838925
33,2,0.31101231209929847
33,3,-0.14775184516501674
34,1,0.6650817196744194
34,2,-0.9786235448052087
34,3,-0.48177767823072154
35,1,-0.8059561996394817
35,2,0.37506563882851246
35,3,-0.17504833453854346
36,1,0.8334592349013387
36,2,-1.0196758828976102
36,3,-0.6997067218566196
37,1,-0.511441089934278
37,2,0.4129955589414104
37,3,-0.8246037057005614
38,1,-0.7938153873471543
38,2,0.5698245695276127
38,3,0.28467605409126223
39,1,0.746160652798923
39,2,-0.9117488506834148
39,3,0.38106277127258015
40,1,0.7601998041901091
40,2,-1.154914180840339
40,3,0.4601129795391516
41,1,0.7765894158034329
41,2,-0.9860746985475317
41,3,-0.6090335819218279
42,1,-0.5962235732595443
42,2,0.27256293088262434
42,3,0.05719057674236626
43,1,0.5339632296506515
43,2,-0.8618069488771786
43,3,0.3229464252586552
44,1,-1.0917837815617486
44,2,0.5770882546404966
44,3,0.10246958904996079
45,1,-0.8547001639851414
45,2,0.20354030364099135
45,3,-0.01572794110343499
46,1,-0.5892996697788361
46,2,0.22514524992651674
46,3,-0.6815498942834992
47,1,-0.6788732457915654
47,2,0.39717323391526316
47,3,0.26040600523962726
48,1,-0.8081381648847071
48,2,0.21890386782265359
48,3,0.12859839353840988
49,1,-0.8474174167027658
49,2,0.6049915791280495
49,3,-0.04871828481407244
50,1,-0.7060388705720849
50,2,0.223521519909849
50,3,0.17743050157712856
51,1,-0.8582980690363033
51,2,0.31233320708923423
51,3,-0.04928970897032454
52,1,-0.8217605894505107
52,2,0.3005319631127443
52,3,0.3036013540095954
53,1,0.8618660696127131
53,2,-0.9777179681577849
53,3,0.5511041756564266
54,1,-0.8751733927193649
54,2,0.2514445894403187
54,3,0.25236402709605915
55,1,3.0165681355333143
55,2,1.80676877124264
55,3,0.9805062910538226
56,1,0.7717576111796385
56,2,-0.9432392754526507
56,3,0.2667813530558056
57,1,2.874655276866955
57,2,2.3587745958816067
57,3,-0.35080691156348354
58,1,0.9498731532383194
58,2,-0.8555142411483941
58,3,-0.5933748359254316
59,1,0.5273828614753951
59,2,-0.9368719745119144
59,3,0.3820684043192454
60,1,-1.027460898535876
60,2,0.4665845252465782
60,3,-0.016179345801198942
61,1,1.069222379590971
61,2,1.9640242841123001
61,3,0.8883429780288262
62,1,-0.7292106979790485
62,2,0.1025602356982654
62,3,0.08999913670153277
63,1,-1.010690400464768
63,2,0.28213917560916224
63,3,-0.053202462639885297
64,1,-0.6223756923063777
64,2,0.5036750037152277
64,3,0.19865984300785017
65,1,-0.9319948950639301
65,2,0.3011008135630786
65,3,0.043058732844604757
66,1,-0.5963634337470975
66,2,0.33300834149437314
66,3,-0.7389735953347573
67,1,-0.6715052615375122
67,2,0.3344420926422925
67,3,0.198955679957155
68,1,0.14416654250348918
68,2,-0.10307870163634489
68,3,-0.08741319984601106
69,1,-0.98955285239975
69,2,0.6052878682390946
69,3,-0.27164166068773116
70,1,0.6306518002201811
70,2,-1.0909510491758048
70,3,-1.0512311757993233
71,1,0.49167773623799654
71,2,-1.0454450539551234
71,3,0.403559717641938
72,1,0.8331043289008399
72,2,-0.9972937290450316
72,3,0.20928206870912977
73,1,0.734234195154907
73,2,-0.8971171062057172
73,3,0.32876280291669174
74,1,0.6306507351379358
74,2,-1.0380161421693448
74,3,0.32380318926538604
75,1,0.6987307445976116
75,2,-1.0328316495482113
75,3,0.39592198907971354
76,1,-0.7962695616964695
76,2,0.5373522809951027
76,3,0.23776714007101143
77,1,-0.7383296515933587
77,2,0.2443757579544442
77,3,0.14179667319067382
78,1,0.7091992612683233
78,2,-0.9750707737214102
78,3,-0.6758024524764207
79,1,-0.7565901934382018
79,2,0.3226207437355593
79,3,0.09078798877337807
80,1,-0.7259260020733173
80,2,0.37456425552121336
80,3,0.2679060030386349
81,1,0.8121883675928075
81,2,-0.9925023465395875
81,3,-0.5491749295875799
82,1,-0.8015711627519723
82,2,0.5557867800004025
82,3,0.26959811957167445
83,1,0.7333419257750703
83,2,-0.8626795254442916
83,3,0.13808644558300853
84,1,0.8168081274371957
84,2,-0.8118825418362714
84,3,-0.5261536056132728
85,1,0.8081713192406987
85,2,-1.044899053335071
85,3,0.22167913912406093
86,1,-0.9265085083049059
86,2,0.25503785156161835
86,3,0.19434784753796663
87,1,-0.6442925346004004
87,2,0.5234095649472059
87,3,0.0837439886024563
88,1,0.6019331302168283
88,2,-1.1432954870425893
88,3,0.4106662447237475
89,1,0.7860387771625782
89,2,-0.9481610503585927
89,3,0.2714412829399588
90,1,-0.6395468918362042
90,2,0.28349783254965205
90,3,-0.019038405266471478
91,1,-0.9034730260503867
91,2,0.24175627139167286
91,3,0.24545143311444878
92,1,-0.6422556748274059
92,2,0.2730571731746822
92,3,0.3087440479233377
93,1,-0.8286041368882766
93,2,0.34100618604198357
93,3,0.0976428514496194
94,1,0.0605749942700037
94,2,-0.37788636737820364
94,3,-0.5692911331015276
95,1,0.18251627882339722
95,2,-0.1946579415406116
95,3,-0.4920827330933783
96,1,0.637094648514165
96,2,-0.9917664190435317
96,3,0.4133763389340173
97,1,-0.6417376011786644
97,2,0.2586370123345027
97,3,0.16020973263791133
98,1,-0.7864123056083911
98,2,0.2391631765908713
98,3,0.12609702902565764
99,1,-0.8019732367621811
99,2,0.43161463194204575
99,3,0.27303465776546676
100,1,0.8114128126410307
100,2,-1.0449304888509903
100,3,-0.685183392210933
101,1,0.9184710953988537
101,2,-0.6004384904516181
101,3,-0.57010819539939706
