Individual,PC,score
1,1,0.7106460422459999
1,2,0.0204071397129608
1,3,-0.034608382384789756
1,4,-0.027525893862285624
1,5,-0.7349146113936548
1,6,-0.004612734881937808
2,1,0.25546391704152394
2,2,-1.6315602989977092
2,3,-0.46208095140340427
2,4,0.4209360906143126
2,5,0.09202478326572502
2,6,-0.11921289474908447
3,1,0.476462631656582
3,2,-2.15647261463887
3,3,-0.45579825308540384
3,4,0.3543648701916382
3,5,-0.40960432375785205
3,6,0.060660730610688704
4,1,0.49581293169501517
4,2,-0.808494285067203
4,3,0.8726674496075892
4,4,-0.08914107767463139
4,5,-0.7785723122336697
4,6,0.18634301354546418
5,1,0.21178576070427682
5,2,-0.7001998570527743
5,3,1.1547062470185359
5,4,-0.14737500273859674
5,5,-0.5080882600580492
5,6,0.1504775124386751
6,1,0.6459994745722423
6,2,0.18637195109897808
6,3,0.05346762510541594
6,4,-0.2485494864235393
6,5,-0.787727924072974
6,6,-0.22231402666140823
7,1,0.5626853437233209
7,2,0.16784438011537367
7,3,-0.17913156521022164
7,4,-0.455841455252421
7,5,0.2176918497338708
7,6,-0.1413375173027782
8,1,-1.0903734477806053
8,2,0.3287775736337058
8,3,-0.22732768624456862
8,4,-0.27477418277211013
8,5,0.25115637450435707
8,6,-0.44397407352231194
9,1,0.7174946464423948
9,2,-0.9188956049094055
9,3,-1.122984844569646
9,4,0.28638034877229906
9,5,0.1537493572832084
9,6,-0.28255946528899517
10,1,0.6097867256828894
10,2,-1.9419494425389692
10,3,-0.47534244711012763
10,4,0.5153566504760339
10,5,-0.41596467057261016
10,6,-0.030398828677339246
11,1,0.5884036136240463
11,2,0.7226378913345144
11,3,0.3738911060291577
11,4,0.6939139067957895
11,5,0.3803459918939738
11,6,0.19810704301934443
12,1,0.8407949560338889
12,2,0.4986331696990683
12,3,0.28403156172609684
12,4,0.6730821374396944
12,5,0.1662171262178988
12,6,0.29524847687503714
13,1,0.6485414034640941
13,2,0.49734914536533315
13,3,0.03600336631545203
13,4,-0.047936014960622005
13,5,-0.2099131571989241
13,6,-0.10050294282222119
14,1,0.9506782021355823
14,2,-0.19680936818103797
14,3,0.07712882464196315
14,4,-0.24468753642941105
14,5,-0.5458926583874498
14,6,-0.29364206285882105
15,1,-1.119885344361055
15,2,0.4421771913770156
15,3,-0.32269592391804236
15,4,-0.1055436848126894
15,5,0.2604503432250273
15,6,-0.3393311314059951
16,1,-0.9661440153115233
16,2,0.379569904364649
16,3,-0.49194428681794555
16,4,-0.19253042390188702
16,5,-0.5617233585982943
16,6,-0.0026367291303517203
17,1,0.4426613412074522
17,2,0.3010906904764683
17,3,-0.011923199552096954
17,4,0.07722081548996285
17,5,0.12395247354044077
17,6,-0.19433267857002806
18,1,-1.2345840758232725
18,2,0.49995204089767276
18,3,-0.29833465282128335
18,4,-0.022131575387824873
18,5,-0.5744066065310555
18,6,0.06993212248666085
19,1,-1.2297611872319054
19,2,0.6156512858300434
19,3,-0.3730939425784153
19,4,-0.10444344141997948
19,5,-0.39841968478565887
19,6,0.060666818568664745
20,1,0.8324663109504585
20,2,0.15805279148346493
20,3,0.09995512668875231
20,4,-0.22653582986589846
20,5,0.09039880856662272
20,6,0.020757853169842504
21,1,-1.4538806143220262
21,2,-0.598005594645875
21,3,0.7026207622932533
21,4,-0.0298588456794227
21,5,0.35869383045332753
21,6,-0.05734248899360548
22,1,0.1635610584936338
22,2,-0.8944390053397823
22,3,0.8956310297546702
22,4,-0.3711064188680021
22,5,-0.5471246909671263
22,6,0.16017879295281906
23,1,0.7505603597188256
23,2,0.22801537646991757
23,3,0.19232682640718707
23,4,0.07913991483503016
23,5,0.05084601099640145
23,6,-0.15565140187132442
24,1,0.4206980007075511
24,2,0.0379441129744992
24,3,0.21697132460776422
24,4,-0.08552823153142759
24,5,0.10107852380719289
24,6,-0.09583980997790748
25,1,0.6110937123807483
25,2,-0.17441482672824768
25,3,0.13732724289698697
25,4,-0.16323594992348697
25,5,-0.684491157127872
25,6,-0.16050089966811446
26,1,0.6554922790295956
26,2,0.053337051816681746
26,3,-0.030109861297221558
26,4,-0.10419752586259468
26,5,-0.022126963683319262
26,6,0.06756591297273853
27,1,-0.7051582762715805
27,2,0.5058110472181657
27,3,-0.5388411852238983
27,4,0.3176461162325744
27,5,-0.3745034910799228
27,6,0.14309796196432098
28,1,0.6042422470664258
28,2,0.3367779535409022
28,3,0.2752649555087461
28,4,-0.4732351795120804
28,5,0.3826615752970185
28,6,-0.28703807871949744
29,1,-1.3977641486785934
29,2,-0.6294383110604453
29,3,0.7914416157965486
29,4,-0.22514180249282834
29,5,0.15500434774504115
29,6,0.0793803725169314
30,1,0.8102380610846448
30,2,0.2589071374543765
30,3,0.0024291552299946016
30,4,-0.185052406170023
30,5,-0.30722168558199114
30,6,-0.08524163856999162
31,1,0.5879226444332672
31,2,0.3475029656455094
31,3,0.3808443517855394
31,4,0.06356198615999407
31,5,-0.05262767400459136
31,6,-0.20829743066913647
32,1,-1.0911460829759982
32,2,-0.09271680060219357
32,3,0.2639053052602429
32,4,-0.32120806817532555
32,5,0.1271545880307342
32,6,-0.26409024028075323
33,1,0.5899719247210053
33,2,0.20302205130025616
33,3,-0.07986669350250714
33,4,-0.1658661317952175
33,5,-0.09640496154755995
33,6,-0.08756475519821191
34,1,-1.4483701225514827
34,2,-0.5916306684169083
34,3,0.6878129010515492
34,4,-0.3140206183604186
34,5,0.39759578403205686
34,6,0.08221797417272612
35,1,0.7623849652958783
35,2,0.04840474884909304
35,3,0.39602366207748624
35,4,-0.09424209529460689
35,5,-0.5259657024432354
35,6,0.0037748881497508364
36,1,-1.7458671004196487
36,2,-0.5229068508398993
36,3,0.1966899719888562
36,4,-0.13736976654659783
36,5,-0.5617035392867772
36,6,0.4049798689289029
37,1,0.5520271566913905
37,2,0.30809737323798964
37,3,0.15771018561181605
37,4,-0.1686383288875752
37,5,0.1267511731987511
37,6,-0.24480889378390616
38,1,0.6501164542419817
38,2,0.15773659148366986
38,3,0.10625820911212952
38,4,-0.1830260539926855
38,5,-0.17491391156488156
38,6,-0.03516806551006421
39,1,-1.1858496519239612
39,2,0.5281169829762578
39,3,-0.4595160661763594
39,4,0.018064687818736776
39,5,-0.3885286268562374
39,6,-0.042446055629931354
40,1,-0.995204293645756
40,2,0.08154672036426154
40,3,-0.24680826265195913
40,4,-0.15965815897443525
40,5,0.17238146761746348
40,6,-0.4375366862421615
41,1,-1.6135318925957802
41,2,-0.4555580449899114
41,3,0.2790020184277305
41,4,0.036043117181793365
41,5,-0.40144132812999056
41,6,0.3253002794080164
42,1,0.5708901697371258
42,2,0.21557464680940464
42,3,0.14744424372375267
42,4,0.007436434520068122
42,5,-0.24110768916926786
42,6,0.040698808850474714
43,1,0.6756796049725773
43,2,0.11908457270313179
43,3,0.05195531746554355
43,4,-0.10082279539513217
43,5,0.18960429748036922
43,6,-0.08509191596176566
44,1,0.4019198317343026
44,2,0.08264025791273784
44,3,0.12502626854562196
44,4,-0.028645122299958227
44,5,0.14344368966536286
44,6,-0.05831714601098924
45,1,0.5018899240194878
45,2,0.2137667865939864
45,3,0.18355359373209376
45,4,0.08267319944091167
45,5,0.003996417241062728
45,6,-0.40885463645661463
46,1,-0.17108510093174867
46,2,-0.7708916542125203
46,3,0.7856121886780583
46,4,0.02632151255137164
46,5,0.034421132721969824
46,6,0.2783976296644402
47,1,0.7241411282244702
47,2,0.059429911004882936
47,3,0.08912290677219767
47,4,-0.07925676250546677
47,5,-0.17356798384677374
47,6,-0.09362286715973119
48,1,-0.6407848137173322
48,2,0.5743403954726166
48,3,-0.2647234205851871
48,4,0.15376417326909386
48,5,-0.6409728423618234
48,6,0.2867069468389006
49,1,-0.8136185165405427
49,2,0.41552159413345413
49,3,-0.46636957497509735
49,4,0.018193941529098853
49,5,-0.6356880271477476
49,6,0.045725361401164046
50,1,-0.783176172694759
50,2,0.3557567125130336
50,3,-0.3309335642200434
50,4,0.044991070633646615
50,5,-0.37262913155446326
50,6,0.01398867075720159
51,1,0.7859793859758027
51,2,0.1382206345287951
51,3,-0.04096655688231238
51,4,-0.13516387944596045
51,5,0.08689352343486768
51,6,-0.1769819326405431
52,1,0.5309843299707141
52,2,0.2206798949329913
52,3,0.19820565415502617
52,4,-0.24858395539904982
52,5,0.23050291749056012
52,6,-0.26823128613547925
53,1,-1.1155219704946482
53,2,0.3584652427727083
53,3,-0.15797856717533787
53,4,-0.20507322539517062
53,5,0.3349464243061895
53,6,-0.5373726984293777
54,1,0.7078144760791184
54,2,0.23814968889836732
54,3,0.13865158102881997
54,4,-0.20071346486272962
54,5,0.10164674140747693
54,6,-0.20793726311603156
55,1,0.6133979129905771
55,2,-0.9635212197319561
55,3,-1.2606401707089396
55,4,0.1486070124306173
55,5,0.1945806749802749
55,6,-0.39254929145511397
56,1,0.5856368600247069
56,2,0.2547162433665728
56,3,0.36567169934097743
56,4,-0.20475580777151364
56,5,0.06781319137425201
56,6,-0.2508297454140748
57,1,0.6291255068110966
57,2,-2.0008855814118225
57,3,-0.3167593688004278
57,4,0.3471023998103471
57,5,0.1192479635540408
57,6,0.05707113121722826
58,1,-1.5792327095877172
58,2,-0.7724624551315318
58,3,0.5066810524296034
58,4,-0.12977505428470687
58,5,0.19970975552891762
58,6,-0.08856125538665457
59,1,-1.065743044362638
59,2,0.770783177876472
59,3,-0.4015585342497243
59,4,0.6257017918678577
59,5,0.14299042731054934
59,6,0.07092164932085245
60,1,0.6658049175136733
60,2,0.23063985576669463
60,3,-0.058001460699128544
60,4,-0.12707451805629572
60,5,0.08789352268674483
60,6,-0.30898767638077423
61,1,0.8339903188510516
61,2,0.2949760752640157
61,3,0.03609449210950662
61,4,0.12008069716265599
61,5,0.13342512466133363
61,6,-0.26002276124809437
62,1,0.6342151252384579
62,2,0.2575289602417123
62,3,0.01152582870544467
62,4,-0.3169775659221177
62,5,0.2920347803003522
62,6,-0.32313309700065984
63,1,0.6414851359950519
63,2,0.472658987544391
63,3,0.3621876832317587
63,4,0.6808602915638589
63,5,0.22740588175291002
63,6,0.33124512869409894
64,1,0.6520454391077479
64,2,0.45500722988084974
64,3,0.3174428858227024
64,4,0.829296060445018
64,5,0.27146065628785704
64,6,0.502908680227639
65,1,0.48137342151173945
65,2,0.5394214808487316
65,3,0.32023268843499203
65,4,0.8704249745506628
65,5,0.21162661101672428
65,6,0.17723273064254677
66,1,0.07843022480409609
66,2,-0.6226118149340301
66,3,1.0535096186206134
66,4,0.7809141990696398
66,5,0.3941696816406001
66,6,0.41172293615090266
67,1,0.5490183439997498
67,2,0.24220463145978288
67,3,0.15868004704114572
67,4,0.6175649564499454
67,5,-0.11915944278803584
67,6,0.2608984496752677
68,1,-1.0378284286152877
68,2,0.49328506770069336
68,3,-0.24810547096294788
68,4,-0.15362787951963233
68,5,0.5675343449775141
68,6,-0.5016164963976689
69,1,0.63010275284438
69,2,0.30248663212465066
69,3,-0.07756399262731611
69,4,0.01550178711029755
69,5,0.08325242644804201
69,6,-0.22805033729439814
70,1,-1.2719576082864474
70,2,-0.5454088939616889
70,3,0.6275469358143643
70,4,-0.19556258374633312
70,5,0.6096154875283265
70,6,0.15409861036081632
71,1,-1.174527516681028
71,2,0.4742628829925187
71,3,-0.24706211620032062
71,4,-0.09345015414704612
71,5,-0.3067087857385946
71,6,-0.15845621351356362
72,1,-1.3970547471841896
72,2,0.7755305709194897
72,3,0.007983283976565374
72,4,0.9092914761366961
72,5,-0.09306239104772235
72,6,0.4700028357958788
73,1,-1.153074826906636
73,2,0.6689990690165791
73,3,-0.2828850040487621
73,4,0.6569731664400751
73,5,-0.2578633690288978
73,6,0.3462384847205357
74,1,-1.0953459189005426
74,2,0.832716043507666
74,3,-0.4018293642163028
74,4,0.6129201973329519
74,5,-0.11063413044650061
74,6,0.26121958981245275
75,1,0.7015469402510695
75,2,0.18598801348459074
75,3,-0.0729715023391271
75,4,-0.2263073944961049
75,5,0.08441372240324717
75,6,-0.15592855656979904
76,1,0.7130478749556315
76,2,0.07807123410392003
76,3,-0.12105458465768477
76,4,-0.2513004365931996
76,5,-0.030901812694631443
76,6,0.06662345294093203
77,1,0.5580523692257898
77,2,0.4155690675110483
77,3,0.13898854361754262
77,4,0.5368444431330269
77,5,0.21979929064035553
77,6,0.05366874023905277
78,1,-1.2356042867220884
78,2,-0.7472145066328926
78,3,0.7360147081995589
78,4,-0.28156430724510495
78,5,0.4457850563705303
78,6,-0.05524777608967875
79,1,0.6408104147497315
79,2,0.386876525191274
79,3,0.3080973635660277
79,4,0.5103461515688412
79,5,0.46962169085421895
79,6,-0.005329885921915771
80,1,0.7806946529218909
80,2,0.35182317267920854
80,3,-0.3209738382372533
80,4,-0.6699019622805908
80,5,0.20972104791750876
80,6,1.0584015594896
81,1,-1.1946627578815772
81,2,-0.6290305563735854
81,3,0.24073273455236563
81,4,-0.3254221262426221
81,5,0.139253425486393
81,6,0.2669170778687697
82,1,0.7360662307845348
82,2,0.11321691442402364
82,3,-0.4130249028135017
82,4,-0.5900248446778347
82,5,0.2419901865652225
82,6,1.2048909831614745
83,1,-0.9906369136548421
83,2,0.4385739963266351
83,3,-0.5742115114796043
83,4,-0.6183475819093996
83,5,0.6047880799188926
83,6,0.817354473440314
84,1,-1.0440428144400913
84,2,0.7029659700220026
84,3,-0.15075429534835108
84,4,0.5054282410354676
84,5,0.4333953431453381
84,6,-0.39371557829069437
85,1,-1.2391436654096044
85,2,-1.7421400985999922
85,3,-0.7158096443044679
85,4,0.1975488528090233
85,5,0.5489345687923953
85,6,-0.45270815456021996
86,1,0.613585580365878
86,2,-0.8192592866365338
86,3,-1.1773721700144215
86,4,0.4430909621866245
86,5,0.2385823080326163
86,6,-0.3172973818017879
87,1,0.7771407750722298
87,2,-0.8795143824620849
87,3,-1.6114327791007952
87,4,-0.3344676440207666
87,5,0.35411021860266534
87,6,1.0364636574325365
88,1,-0.9044823968969531
88,2,0.23167001999456177
88,3,-0.34469182383367325
88,4,-0.22042826204704324
88,5,0.15968214741729794
88,6,-0.3094435112159024
89,1,0.5985809587051918
89,2,-0.14363905876004138
89,3,0.04979801513866436
89,4,-0.025091436629111494
89,5,-0.09025842947417505
89,6,-0.10285648492141707
90,1,0.5717555595397005
90,2,0.14148599059205932
90,3,0.0693633409092113
90,4,-0.21340273676149632
90,5,0.3669245894512098
90,6,-0.353174083885181
91,1,0.47960321747490203
91,2,0.4370650284384333
91,3,-0.019780008224236003
91,4,-0.5700345038826531
91,5,0.41401328735281556
91,6,-0.17526381132397892
92,1,0.6395035203585592
92,2,0.2843482676892181
92,3,-0.39811835814620905
92,4,-1.0483498785132455
92,5,0.4723035338359135
92,6,1.0945027651130517
93,1,0.5478441321774034
93,2,0.34029313943823924
93,3,-0.18169017566301957
93,4,-0.2435988259330888
93,5,-0.08125672571432982
93,6,-0.007273791892763822
94,1,0.5770407857533486
94,2,0.26476391643217856
94,3,0.37244781949583644
94,4,-0.21911664719983465
94,5,0.006340685541355361
94,6,-0.2583296996589553
95,1,0.6824550469195212
95,2,0.22239787044400716
95,3,0.23058459231801579
95,4,0.6299702013643549
95,5,0.40874155275798085
95,6,0.2869478956860026
96,1,-1.4681605852533879
96,2,0.391901660445654
96,3,-0.6827841639550426
96,4,-0.12989029426197754
96,5,-0.54112530978744
96,6,-0.18306671531753443
97,1,0.5679864971215075
97,2,0.19851913723928286
97,3,0.016320934753472
97,4,0.009792223114673091
97,5,-0.07576790655986033
97,6,-0.30023165128833285
98,1,0.6400048871284185
98,2,0.1113970067058364
98,3,-0.06916792180919659
98,4,0.050283207482252346
98,5,0.01526451691948639
98,6,-0.16531300350489553
99,1,0.40658253077200157
99,2,0.2073358186559931
99,3,0.2111818812346692
99,4,-0.22692454814140572
99,5,-0.5400124026117928
99,6,0.05390996172393009
100,1,0.6567553499853499
100,2,0.17295389654140733
100,3,0.05629524421895495
100,4,-0.11695949873997614
100,5,0.011428634982420267
100,6,-0.1444972809602215
101,1,-1.2777692506580585
101,2,-0.6977280790094182
101,3,0.6685590782497541
101,4,-0.0686173811217506
101,5,0.19153370964246666
101,6,0.10722768518403596
