Individual,PC,score
1,1,-2.0613198727404463
2,1,-2.400713458686718
3,1,-2.4625925961282467
4,1,-2.465612530949588
5,1,-2.2023656646027256
6,1,-2.2219308496964056
7,1,2.1622574283134623
8,1,2.1474334955464554
9,1,1.737864909294303
10,1,-2.0633474322106005
11,1,-1.7874331248209467
12,1,1.8524101492307423
13,1,1.899414391502722
14,1,-2.019810467676449
15,1,-2.1051363315075675
16,1,1.9029782406829632
17,1,2.035492213672102
18,1,1.8450273848003167
19,1,1.9334119553734026
20,1,1.9552339100203413
21,1,-2.016280646927085
22,1,1.7917623953648023
23,1,2.0774708367643018
24,1,1.8211326321980643
25,1,1.8165512635099978
26,1,-2.0890324759362735
27,1,-2.0692514013325716
28,1,1.9296294523914872
29,1,1.7605648321354268
30,1,-2.414107229225178
31,1,-2.0541081992476093
32,1,-2.195150810650187
33,1,-2.050701908922623
34,1,1.9835785249481337
35,1,-2.2728876196078933
36,1,1.7418168149851319
37,1,-1.9863145480483888
38,1,1.8786156259943156
39,1,1.895081456357317
40,1,1.9720121999130018
41,1,2.175182612201846
42,1,-2.0913557248255747
43,1,-2.060573338233748
44,1,1.9397737155818833
45,1,-2.246137597151303
46,1,1.963482010088115
47,1,-2.245439286490091
48,1,-1.9943930582360294
49,1,-1.9778331459673648
50,1,-2.424174807491439
51,1,1.9355240286901003
52,1,2.120751162732561
53,1,-2.2995800412923018
54,1,-2.079976804237897
55,1,1.7427153660774732
56,1,1.2362862952714604
57,1,2.0320162471351906
58,1,1.9605910959582629
59,1,-2.141419847152846
60,1,-2.2176841027612864
61,1,-2.1149740929475795
62,1,1.947105303837081
63,1,1.982938601985516
64,1,1.8711164136159255
65,1,1.6447985955665803
66,1,1.8306549281443543
67,1,-2.021733812156099
68,1,1.7532532462375865
69,1,1.8912928704526764
70,1,-2.179773938538087
71,1,-1.9964260238281315
72,1,-2.602371795307999
73,1,-2.1554677221620344
74,1,-2.103126911066575
75,1,1.9740294049575924
76,1,1.5830099279078205
77,1,-2.1175924428898796
78,1,1.932173884497503
79,1,1.7851868057810143
80,1,-1.9910534404904532
81,1,1.7170345358406676
82,1,1.58308553790467
83,1,1.8839472347118236
84,1,1.859301861996924
85,1,-2.0806305258575435
86,1,-2.5154854761892715
87,1,-2.134923612696489
88,1,-2.137944020102944
89,1,1.9863795528207988
90,1,-2.0345004534119733
91,1,-2.3209285613116375
92,1,1.9457810250613456
93,1,1.9859213344169828
94,1,1.762071543806395
95,1,-2.1592531294092216
96,1,1.9173220982593469
97,1,1.8994276796513563
98,1,-2.1898764632841248
99,1,1.886998814224108
100,1,1.8408515818656432
101,1,1.86298191412803
