Individual,PC,score
1,1,0.9943571882109006
1,2,0.1161468522115744
1,3,0.2717032310136325
2,1,0.9069249260586129
2,2,0.005194359323416229
2,3,0.3235302654701313
3,1,0.8865934574340864
3,2,0.10557807676416618
3,3,0.4152604822577137
4,1,0.9583469500340692
4,2,0.11063428132564224
4,3,0.3403642591345391
5,1,-1.7310402826088385
5,2,0.0194272987803922
5,3,0.29550194173509936
6,1,0.830048808718067
6,2,0.10439186063055057
6,3,0.46212527754267185
7,1,-1.9072555121577204
7,2,0.09879037337204025
7,3,-0.06081305347556982
8,1,-1.845342340950894
8,2,-0.054356491712197814
8,3,0.19290396531315954
9,1,0.9288467382477014
9,2,0.11680070142015116
9,3,0.5660757259973337
10,1,0.8395974005975146
10,2,0.27243745747179815
10,3,0.20229036914486048
11,1,-2.08170658293905
11,2,0.1009132574706557
11,3,0.21811323957636805
12,1,0.9475452903264591
12,2,-0.18690124426155444
12,3,0.4314868138501998
13,1,-1.768235171539888
13,2,0.1270580027415217
13,3,-0.12754785047358302
14,1,0.8229083062689297
14,2,0.0743155095400712
14,3,0.6608476438567847
15,1,0.8990411336881207
15,2,-0.07997913703383326
15,3,0.33402198544665557
16,1,0.21174201938035012
16,2,0.44277839063987184
16,3,0.17235948630500864
17,1,0.8762836945106908
17,2,-0.08391707950806465
17,3,0.3898779652059928
18,1,0.20166999762819524
18,2,0.46249933859993314
18,3,0.23787007921864398
19,1,0.13592362475322656
19,2,0.35286147483479524
19,3,-0.10730620875403743
20,1,0.7371825222169367
20,2,0.18621159041779473
20,3,0.4962234999184847
21,1,0.9855495665851607
21,2,0.30921679665661883
21,3,0.1901418753389482
22,1,0.13806295775943306
22,2,0.2804185269162255
22,3,-0.04789863982887749
23,1,-1.8633770656098132
23,2,-0.0924490426383769
23,3,0.4474080808802255
24,1,-1.9961317480313845
24,2,0.13700751998410585
24,3,0.37913791435817645
25,1,0.8392534665808461
25,2,0.14097089973957577
25,3,0.18363457572624678
26,1,-1.5619434431356531
26,2,-0.21556057703021325
26,3,-0.8714653629129476
27,1,-1.657663864755421
27,2,0.0053973715411472075
27,3,-0.9333388800514124
28,1,-1.574955266296466
28,2,-0.03778021572627488
28,3,0.04086299731269648
29,1,-1.8246322070200756
29,2,0.060593910075519196
29,3,0.16995489175395592
30,1,0.8198953773031353
30,2,-0.13477494257603792
30,3,-0.5995889765989423
31,1,0.48937588937536797
31,2,0.6106167115158201
31,3,-0.8474859313171211
32,1,-1.682239342028764
32,2,0.2344794074107003
32,3,0.06910998799454438
33,1,-1.7377029097685823
33,2,-0.05543435978644402
33,3,0.018114525112485253
34,1,1.016401416010306
34,2,-0.025553452418104902
34,3,-0.6853196047546931
35,1,0.818966522625404
35,2,0.2726908847494164
35,3,0.28588420289279576
36,1,0.7262764649037238
36,2,0.04954856686261643
36,3,0.5370143368577137
37,1,0.12930944492359966
37,2,0.2960377185171848
37,3,-0.08390493199681108
38,1,0.6471620612762088
38,2,-0.1510521787035558
38,3,0.29241653568060516
39,1,1.0653164585940045
39,2,0.11423649470802372
39,3,0.28843287543261875
40,1,0.9720604619809532
40,2,0.039764804427519146
40,3,0.28226638658075104
41,1,-1.7655078425531954
41,2,-0.001378802395633591
41,3,0.29168694699265657
42,1,0.8969454611444914
42,2,0.21085857935918575
42,3,-0.6020733438059517
43,1,-1.8682346094375981
43,2,0.11302576042158752
43,3,0.055435261168891754
44,1,-1.8011380255784566
44,2,-0.04493234605251764
44,3,-0.872633760583881
45,1,0.2412415690692221
45,2,0.33035089031538184
45,3,-0.85985030972585
46,1,-1.8576201165651796
46,2,0.1219166523410403
46,3,0.2739906593787396
47,1,0.9006843668749401
47,2,-0.03351456059177934
47,3,-0.8634567046403533
48,1,1.037584179221813
48,2,0.010077917810240531
48,3,-0.6908258191090326
49,1,0.8056569415150385
49,2,-0.055400704870864084
49,3,-0.5699088680679997
50,1,1.0764834654009983
50,2,-0.02295549689252214
50,3,-0.7840716699290478
51,1,0.9322235754452282
51,2,0.2406297592668692
51,3,-0.5925131308682876
52,1,-1.9187177860840905
52,2,0.11536760406658493
52,3,0.3616794791168197
53,1,1.0016744092125636
53,2,0.07053273079831991
53,3,0.4267380900606553
54,1,0.7959054402061714
54,2,-0.10011412228145077
54,3,-0.7211338645572093
55,1,-1.7554207329899394
55,2,0.056966825247548966
55,3,-0.0123202612513817
56,1,-1.8532205130024433
56,2,0.16790278964753785
56,3,-0.005896250683849446
57,1,0.9162466719437454
57,2,-0.08221614897262221
57,3,0.3625186540982098
58,1,0.9544153298516236
58,2,0.06290129728687079
58,3,0.38966154586244517
59,1,0.8186211013846268
59,2,-0.04069997338867854
59,3,0.3440701420583085
60,1,0.8490262868534642
60,2,0.09062564653389257
60,3,0.29090683957763525
61,1,0.9238409175778625
61,2,0.14229296293790403
61,3,0.35449128951014763
62,1,-1.6943259592347624
62,2,0.2570992313478912
62,3,-0.09045066361473815
63,1,-1.6831312956213191
63,2,0.12157224019082065
63,3,-1.1176102402101478
64,1,-1.6940513409408822
64,2,-0.11226672435411528
64,3,-0.7306237699962304
65,1,0.8363883342406844
65,2,-0.019360639125681294
65,3,-0.767120140286793
66,1,0.9380131189496412
66,2,0.0810799445098547
66,3,0.5021924729182375
67,1,0.7422445334455445
67,2,-7.867814351672007e-4
67,3,0.2369539768151014
68,1,1.1196409448855098
68,2,0.08405885805000596
68,3,0.262797065079389
69,1,-1.798681512830065
69,2,0.14614469204509545
69,3,0.14866809690976424
70,1,0.8602616956010162
70,2,0.1238325877897339
70,3,0.48843792883496306
71,1,0.15172602726791706
71,2,0.3003781846853925
71,3,-0.6552749450293717
72,1,0.9789898582480592
72,2,-0.13872313465371755
72,3,-0.8623200139035639
73,1,1.1862246764450184
73,2,0.050960776482582
73,3,-0.500517757731844
74,1,0.7905951983609604
74,2,0.17570597396388096
74,3,-0.6326071446100716
75,1,-1.7847720260381017
75,2,-0.06775574479799794
75,3,-0.1185880668688999
76,1,-1.7089311345346945
76,2,0.04422194690231023
76,3,-0.03234785899271073
77,1,1.1650295723286863
77,2,0.005967984525308421
77,3,-0.5147264257292942
78,1,-1.7202326348845511
78,2,-0.07577957402794644
78,3,0.4796486348158176
79,1,-1.885203887819771
79,2,0.06604722507517032
79,3,0.4218633318200902
80,1,1.024974041659563
80,2,0.09059679245721018
80,3,-0.7313179689616406
81,1,0.3036093005777206
81,2,-4.066030517069004
81,3,-0.580367246468936
82,1,0.17516006342137452
82,2,-4.091053758028608
82,3,0.618603603064729
83,1,0.9012989552378287
83,2,0.06559136584668333
83,3,0.11175412037998128
84,1,0.668821593599306
84,2,-0.19807748564022254
84,3,0.4338075130188052
85,1,0.8926445844056178
85,2,0.06360016335607056
85,3,0.3733839090885961
86,1,0.8829493330710757
86,2,-0.004231464519839867
86,3,-0.7239166165690928
87,1,0.9488765654206581
87,2,0.22193767523220043
87,3,0.32311201112968846
88,1,1.039206870933455
88,2,-0.1946630723157057
88,3,-0.43867166522898615
89,1,-1.9046774508381081
89,2,-0.09393464668633734
89,3,0.23163015093261302
90,1,0.9373275303770574
90,2,0.10879994861710704
90,3,0.5037307698488115
91,1,0.8201435849240376
91,2,0.15973882711599088
91,3,-0.744840642730051
92,1,0.8558385447916119
92,2,0.3767812739305754
92,3,0.19357343372668365
93,1,0.14463339539329678
93,2,0.4823992049518105
93,3,0.2014883674337533
94,1,0.7635657421215976
94,2,0.004050129091077495
94,3,0.2827483033615271
95,1,0.6968892883433347
95,2,0.15420985727176525
95,3,0.4552235769541224
96,1,0.6923143719851418
96,2,-0.07051407296010657
96,3,0.5253187197143964
97,1,-1.6978454310564417
97,2,-0.031217489865600277
97,3,0.2972485676605147
98,1,0.8383012521912301
98,2,0.19925993207233741
98,3,0.5417962992653842
99,1,0.990729958511017
99,2,0.012368486478294027
99,3,0.36225787377577223
100,1,-1.8677572838657286
100,2,0.0017300219366888083
100,3,0.2900963139059631
101,1,1.1701045222861237
101,2,0.28476480371311685
101,3,-0.4517947748690463
