Individual,PC,score
1,1,-2.023214331824422
1,2,-0.9678824843703916
1,3,-0.12114980047573608
2,1,-1.8501412377585305
2,2,-1.1536487987667878
2,3,-0.0933714215241746
3,1,-2.17806852792565
3,2,-0.7103091989873818
3,3,-0.19731518732141873
4,1,-2.1370352779260617
4,2,-0.9868684910935817
4,3,-0.2043414629133827
5,1,-1.642608102121371
5,2,0.2756066943626615
5,3,-1.1988252450166241
6,1,-1.7151718089779138
6,2,-0.6033364510110844
6,3,-0.10466699615836868
7,1,-1.8401391416704918
7,2,1.6591756164167304
7,3,0.690358936926786
8,1,2.8083859453851363
8,2,0.1490617929927574
8,3,-0.6278495913263897
9,1,-1.9742828313653498
9,2,-1.0898235875446414
9,3,-0.2342268533935212
10,1,2.4360658603087737
10,2,1.165821173366376
10,3,-0.27731908630279667
11,1,2.838322479146642
11,2,0.21298305907842016
11,3,-1.0327688473830487
12,1,-1.3311462160750882
12,2,0.6229960537194744
12,3,-0.7881117572806491
13,1,-1.8393542120729542
13,2,1.6555317817872435
13,3,0.5463354210887613
14,1,1.4816585760067809
14,2,-1.757556158020077
14,3,1.7011226987640018
15,1,-1.878759506357697
15,2,-0.8905486986856133
15,3,-0.009213850200528414
16,1,1.4686417857889977
16,2,-1.7406024933006095
16,3,1.4026027323597194
17,1,-2.2211283105986643
17,2,-1.2156191609340101
17,3,-0.14631019370864762
18,1,-1.9747882930118026
18,2,-1.1583735369540418
18,3,-0.3705498995037669
19,1,-1.8654683243028622
19,2,-1.240555936202249
19,3,-0.09637767101723863
20,1,1.6346015875996274
20,2,-1.8838566410813045
20,3,1.3681070190366678
21,1,2.8236552859274933
21,2,0.21488777771532738
21,3,-1.0855397734514693
22,1,2.5206912486036477
22,2,-0.09279792875904556
22,3,-0.11106074113833132
23,1,2.875964141494923
23,2,0.7589118057294861
23,3,-0.8441853153533294
24,1,2.5609886739830956
24,2,0.46531624250709874
24,3,-0.10675258993139396
25,1,2.7911415048945853
25,2,0.0052697912376358435
25,3,-0.4529292735063646
26,1,-2.000330268246278
26,2,-1.0444374782906969
26,3,-0.20065138811824734
27,1,-2.077731823381845
27,2,-1.1746931526364723
27,3,-0.10114202368778384
28,1,1.542530420432099
28,2,-1.6501493562828478
28,3,1.3664364758124763
29,1,1.4183563971893345
29,2,-1.2753485684347643
29,3,1.3615684633427512
30,1,2.8602694689973758
30,2,0.3222112986102509
30,3,-0.5350062640704013
31,1,-2.0195343899477183
31,2,-0.7253616255371782
31,3,-0.2615500500521816
32,1,3.0973506590736983
32,2,-0.01709882009925196
32,3,-0.5326065112410702
33,1,-1.8180476890207105
33,2,-0.9396508333228956
33,3,-0.43570872281248185
34,1,-1.7747271391396295
34,2,1.8029684064858895
34,3,0.5607489081273024
35,1,-1.6381063718546562
35,2,1.8419539683059323
35,3,0.6175390554208239
36,1,2.260913677016568
36,2,1.6335752872669462
36,3,1.1858314106158732
37,1,-1.8716720055728573
37,2,-0.8960199135051427
37,3,-0.4047454864605031
38,1,2.821480542509867
38,2,0.19899613799099541
38,3,-0.32720801074075107
39,1,1.4995539465813668
39,2,-1.651609368049611
39,3,1.438957378943834
40,1,-2.163403331486872
40,2,-1.030513780414368
40,3,-0.25642691194264333
41,1,1.4740268227276574
41,2,-1.0365804933884235
41,3,1.3960459574829396
42,1,2.9807217741206324
42,2,0.12320760204463292
42,3,-0.6946500398404383
43,1,-1.9432136426779134
43,2,-1.2705133313920562
43,3,-0.20122227374593746
44,1,2.701980017275607
44,2,0.4413497899823227
44,3,-0.7894679076938421
45,1,-1.9894998812641738
45,2,-0.9473517759396602
45,3,-0.15570615970747867
46,1,-1.6187903238055066
46,2,-0.8314520072132374
46,3,-0.3699657233308274
47,1,-2.23449390757167
47,2,-0.735194576476823
47,3,-0.14229735720288536
48,1,-1.879897578063512
48,2,-1.0711710900603297
48,3,-0.21369168605008762
49,1,-2.2123956154396973
49,2,-0.9828322484980414
49,3,-0.35307530853550906
50,1,-2.0081146739270963
50,2,-1.3407100631799194
50,3,-0.3405115124990898
51,1,3.0095901771738585
51,2,0.1803128161134643
51,3,-0.9207112635279561
52,1,1.5296091991123948
52,2,-1.5497220072634035
52,3,1.3155836629531457
53,1,-1.5645739272079633
53,2,0.1799271810993435
53,3,-1.15711348044696
54,1,-1.7859546619930375
54,2,1.8378663776042479
54,3,0.4231518776009875
55,1,1.4576841393596953
55,2,-1.8779659034738994
55,3,1.3124123734004018
56,1,1.391108013124805
56,2,-1.535688049079389
56,3,1.5519414275052725
57,1,-1.978553369531329
57,2,1.9738502610390156
57,3,0.4484920276317341
58,1,2.6102943455289287
58,2,-0.039043927054034956
58,3,-0.38798227377135486
59,1,2.9447882865835155
59,2,0.15476008474883005
59,3,-0.5777400816491501
60,1,-2.0539787025799896
60,2,-1.0849642697172717
60,3,-0.28695530020465554
61,1,2.747598543132031
61,2,0.11100833065339871
61,3,-0.8143827732626848
62,1,-1.739817950538296
62,2,1.68654709441142
62,3,0.4073521981739804
63,1,-1.8872488143214523
63,2,2.0267095184533463
63,3,0.37932911238334455
64,1,-1.8048069174528647
64,2,1.7840038153645754
64,3,0.4007850553223229
65,1,-1.7662577815372174
65,2,2.033670065232052
65,3,0.5159506816097985
66,1,2.5975916075372854
66,2,0.30989528879087114
66,3,-0.8229404587834441
67,1,2.690907286647825
67,2,0.0606269448007267
67,3,-0.6574052146421803
68,1,-1.9268978744539804
68,2,-1.2140032521495958
68,3,-0.27226098797915993
69,1,2.716635159928999
69,2,0.2578199919928326
69,3,-0.7621414010321211
70,1,1.4214975549386748
70,2,-1.3758412188504496
70,3,1.5375549156293706
71,1,-1.940412251259756
71,2,2.211968752405424
71,3,0.35157404459019814
72,1,-1.8897914523373163
72,2,2.1897843445244223
72,3,0.18366695285617343
73,1,-1.6893807228181514
73,2,1.9533638787495833
73,3,-0.033247706025860226
74,1,-1.6775433669571218
74,2,2.047789414507843
74,3,-0.030837470332814015
75,1,1.4567824342364353
75,2,1.4285729870477795
75,3,2.383908378613966
76,1,1.747076622480313
76,2,-0.574572109172454
76,3,0.4361761857605293
77,1,-1.5616094949982382
77,2,0.15537834720221827
77,3,-0.9748817391824806
78,1,-1.959413563442744
78,2,-0.7149610693057759
78,3,-0.16796817492423902
79,1,-1.5148105096814022
79,2,0.12506926840762078
79,3,-1.0538746077884331
80,1,-2.086281371922463
80,2,-1.0368406057645125
80,3,-0.017960096838044885
81,1,-2.036481183190506
81,2,-0.9784723674215611
81,3,-0.08387138563005812
82,1,-1.8966798500138644
82,2,-0.9921370917047748
82,3,-0.1538746673221691
83,1,-2.1319217642938226
83,2,-1.0971364206325023
83,3,-0.26760932812321736
84,1,-1.5816259713322165
84,2,0.341148411418925
84,3,-1.1971762711851974
85,1,2.6334093585646
85,2,0.1626939571466027
85,3,-0.33409584903256806
86,1,2.7194615101303223
86,2,0.31106278156957395
86,3,-0.5124214921050606
87,1,2.8114836807026187
87,2,0.035891750147438506
87,3,-0.42107319176003555
88,1,-2.1995482726196873
88,2,-1.0264093417278872
88,3,-0.16311359594419028
89,1,1.6826009794115433
89,2,1.3764789709909824
89,3,2.264044495954144
90,1,2.3828799610019256
90,2,2.102709062089759
90,3,0.5272488219735437
91,1,-1.770329782125369
91,2,1.8427702871485043
91,3,0.780586608099687
92,1,-1.787785677458858
92,2,2.1942192792365063
92,3,0.549571750372442
93,1,-1.835089911492008
93,2,1.6929678440569362
93,3,0.2396368065984753
94,1,2.4828364910819607
94,2,0.2845944925179362
94,3,-0.47992269257133946
95,1,-1.6982000324222315
95,2,0.3226573474091481
95,3,-1.1197502139265738
96,1,2.7794039701324462
96,2,0.09487440275367713
96,3,-0.3231141610252455
97,1,-1.734534370451018
97,2,1.9914940450089347
97,3,0.810681488434033
98,1,2.728415294078538
98,2,-0.004299791909864358
98,3,-0.4810064776474266
99,1,2.8019286653447715
99,2,0.31499440278464486
99,3,-0.9194401500914158
100,1,2.5221270038760286
100,2,0.013823230057702515
100,3,-0.46882167079103515
101,1,2.4577832126484767
101,2,-0.12660383342656484
101,3,-0.1731102511990609
