Individual,PC,score
1,1,0.37883157498435993
1,2,0.27433707863528484
1,3,-0.7414469949299973
1,4,-0.17777786524776107
1,5,-0.03555210507141694
1,6,-0.8121752832305817
2,1,-0.15936193379283015
2,2,0.0685159665214803
2,3,-0.2580171448558905
2,4,-0.11445080347939739
2,5,-0.43543983104946726
2,6,-0.42528527130126964
3,1,-0.12017024095008703
3,2,-0.010028095150817415
3,3,-0.3505419091622125
3,4,-0.27344099365775176
3,5,-0.14856085581252784
3,6,-0.25384599305370775
4,1,-0.6467847193888452
4,2,-0.038274042354299855
4,3,-0.2515341367106942
4,4,-0.251336507545272
4,5,-0.3322330140636357
4,6,0.06065711722675802
5,1,-0.6991628092685879
5,2,0.0931029009810204
5,3,-0.13738461246552977
5,4,-0.2741886884582135
5,5,-0.2756440037755456
5,6,-0.16459138328864675
6,1,-0.09770727833167246
6,2,-0.04212734476678044
6,3,-0.7859788927797724
6,4,-0.03088438967104495
6,5,-0.031008687520227788
6,6,-0.05682016104133416
7,1,-0.21317941993603204
7,2,0.028617835694537856
7,3,-0.923226248273689
7,4,-0.21861426258137423
7,5,1.1201716885564834
7,6,0.03609481655227148
8,1,0.2911121073815106
8,2,0.038740009549788935
8,3,1.4441741650381656
8,4,-0.20484341465430062
8,5,0.5257898412617898
8,6,-0.15574125024938887
9,1,0.5799375832549969
9,2,-2.083416902724211
9,3,-0.16737050981049634
9,4,-0.2533624394185351
9,5,-0.16884511175789851
9,6,-0.022490538597245736
10,1,0.5132865604050814
10,2,-2.2362183399868054
10,3,-0.12720353703016554
10,4,0.07084659842652899
10,5,-0.1694215868118873
10,6,0.11157909931993935
11,1,-0.30390334790524137
11,2,-0.06626104640189963
11,3,1.0489344669695582
11,4,-0.1162664873669324
11,5,0.3820957015209175
11,6,-0.6447628427331022
12,1,-0.592206389108121
12,2,-0.07276864832167472
12,3,0.018145038316302334
12,4,0.02901076778464348
12,5,-0.2418038830004946
12,6,-0.24959079935935444
13,1,-0.6325584533073305
13,2,0.1304619928039707
13,3,-0.0070346345846125456
13,4,0.14541116242342575
13,5,-0.033591698525868394
13,6,0.12162794193673594
14,1,-0.6968879349969641
14,2,0.04069656360010586
14,3,-0.08948918650745989
14,4,-0.3921606595612817
14,5,-0.2684851068681129
14,6,-0.24687852779342306
15,1,1.2699046517285326
15,2,0.3104402562017148
15,3,-0.04366737582434976
15,4,-0.09921352337141126
15,5,-0.03677738668885645
15,6,0.24598975198237272
16,1,1.317840002659438
16,2,0.5422246381913953
16,3,-0.023067877065750052
16,4,-0.40493192274112866
16,5,-0.18174818963288047
16,6,-0.3309709711722158
17,1,-0.5747832257339447
17,2,0.180232959723044
17,3,-0.24533045842064377
17,4,-0.18069101715710087
17,5,-0.24616891715903155
17,6,0.15032987317262503
18,1,1.4949812507944857
18,2,0.5963686690267503
18,3,-0.04447334194811107
18,4,-0.15953208425371593
18,5,-0.060396226580614706
18,6,-0.4912952414117421
19,1,1.4014291870135114
19,2,0.5167607993649542
19,3,-0.08622218537437802
19,4,-0.14014072100274774
19,5,-0.02390367686114792
19,6,-0.39583578567888417
20,1,-0.7710797749076651
20,2,0.12000140007375863
20,3,-0.06919994854240223
20,4,0.1081649064848626
20,5,-0.11826413801339415
20,6,0.023925973359877017
21,1,1.0760538711133518
21,2,0.5126442663015526
21,3,0.021596934884527786
21,4,-0.18351250486723242
21,5,0.07471857490377311
21,6,0.0699965658898753
22,1,-0.5799951200422486
22,2,0.10715548765739638
22,3,0.025126720255048727
22,4,0.02036229495100878
22,5,-0.058116358129477935
22,6,-0.02852726610415364
23,1,-0.6842778581364016
23,2,0.22478833604137596
23,3,0.050547483826924006
23,4,0.1318816285464551
23,5,-0.08519158623091194
23,6,0.06691850992311156
24,1,-0.8034063289310239
24,2,0.12300613984947822
24,3,-0.1612865834263586
24,4,-0.17434880868266875
24,5,-0.22749985685558743
24,6,0.22341181088541667
25,1,-0.7555354284354561
25,2,-0.01432523683268404
25,3,0.16753894458670646
25,4,-0.22840836482011886
25,5,-0.065786712226854685
25,6,0.053537164155823325
26,1,-1.0382485503096934
26,2,-0.020727523668602955
26,3,-0.48212403513151125
26,4,-0.22912820555858396
26,5,1.1005569640132093
26,6,0.39893627561920225
27,1,-0.9344516376329435
27,2,0.22185277653461774
27,3,-0.010277414084825128
27,4,-0.3658007206092226
27,5,0.14572753943293165
27,6,0.04539731138895186
28,1,-0.9568331315129165
28,2,0.2601427147000083
28,3,-0.37747173754687546
28,4,-0.122228762176805
28,5,0.8163393789432436
28,6,0.505932317853231
29,1,0.8211224067250561
29,2,0.33165410998690376
29,3,-0.5803349522352674
29,4,0.038409740354605634
29,5,-0.03791683048375364
29,6,0.05096553857734826
30,1,-0.5905471000791765
30,2,-0.03039752398895307
30,3,-0.11336257199527006
30,4,0.7167130106248557
30,5,-0.2525595020730834
30,6,-0.038714592933289146
31,1,-0.68029975537574106
31,2,0.16645626512777278
31,3,0.10532030044412392
31,4,1.1215329883268195
31,5,-0.3119365584414886
31,6,-0.1238027318148117
32,1,0.7882366659125608
32,2,0.5060537681278144
32,3,-0.6369331672792394
32,4,0.03700769954567271
32,5,-0.344427917544209
32,6,0.2649244777060879
33,1,-0.12599813490707443
33,2,0.06844794700647001
33,3,1.2302654533843826
33,4,-0.18349392817885843
33,5,0.5717810552991264
33,6,-0.6897782351075172
34,1,0.15764195955437027
34,2,0.08008155005290933
34,3,0.7250078738206341
34,4,-0.2914481482223627
34,5,-0.014845543191855244
34,6,0.6781337934888878
35,1,-0.8008577671568939
35,2,0.13209898224665995
35,3,-0.12352406393381311
35,4,-0.12184878121601278
35,5,-0.10663389384972656
35,6,0.2967678966459088
36,1,1.382365272411452
36,2,0.3502052581923824
36,3,0.10112537372536601
36,4,-0.20178961131196593
36,5,-0.15659717694941516
36,6,-0.07576006650399209
37,1,-0.7054280402378734
37,2,0.188198181304629
37,3,0.1555693064453212
37,4,-0.23234036765521962
37,5,-0.2260405465359839
37,6,-0.15582356952145315
38,1,-0.6848818047480466
38,2,0.24353864209123732
38,3,-0.1643062864384065
38,4,-0.15023971754254967
38,5,-0.1963335929151295
38,6,0.14425130213169704
39,1,0.679282251175238
39,2,0.726564697405382
39,3,-0.47414924856914575
39,4,-0.006044716747149315
39,5,-0.0812683487060804
39,6,0.1979880967726537
40,1,0.36574622819388247
40,2,0.0370273298960951
40,3,0.902245846699594
40,4,-0.10651422990519518
40,5,0.16291888039985886
40,6,0.5798465147608747
41,1,0.674665644674847
41,2,0.3654545563914942
41,3,-0.7110552606206103
41,4,-0.11057196766819877
41,5,-0.07943272950681847
41,6,0.2548905478650997
42,1,1.5038399972640368
42,2,0.5369719637653171
42,3,-0.0687541668519602
42,4,-0.2619534168073593
42,5,-0.28520557372073446
42,6,-0.3654776813843578
43,1,-0.3023530620327604
43,2,-0.07776899472778954
43,3,0.5890030478686795
43,4,-0.37707848206893285
43,5,0.6041117365181786
43,6,-0.4958460940502888
44,1,-0.8898925759181436
44,2,0.35339203181620205
44,3,8.060182614868895e-4
44,4,-0.3257213924390699
44,5,0.03461515876682714
44,6,-0.1416100053890327
45,1,-0.6997635243640373
45,2,0.2683957073747987
45,3,0.02324312260259457
45,4,0.7954952561845579
45,5,-0.08177684167409206
45,6,-0.08811233279499041
46,1,1.2637392812830837
46,2,0.3395545845576809
46,3,-0.08182359774048617
46,4,-0.039032287634212605
46,5,0.15357254189562422
46,6,-0.00630524532089083
47,1,-0.48447345855391216
47,2,0.021522687545333725
47,3,0.22917373924570658
47,4,0.87464884077106
47,5,-0.2553034522191721
47,6,-0.10384589860568802
48,1,1.2428768245698463
48,2,0.36330812900453135
48,3,0.16186845846127207
48,4,0.983021394086642
48,5,0.09775501081046896
48,6,-0.07437803855309141
49,1,1.2886708737765062
49,2,0.45977261782079476
49,3,-0.014736914431027676
49,4,0.796042911709801
49,5,0.07110587687511621
49,6,-0.07693042560977546
50,1,1.0956445469528489
50,2,0.4552222164395259
50,3,-0.060017750798470444
50,4,0.714941214782224
50,5,0.11620487476736963
50,6,0.08308016011380612
51,1,-0.903502204505793
51,2,0.10272781522209451
51,3,-0.1394728612565494
51,4,-0.30262382466063936
51,5,-0.0025212518058291217
51,6,0.1815200313995104
52,1,-0.77770264011249
52,2,0.10327217578537601
52,3,0.12627627952651546
52,4,-0.007254481723424441
52,5,-0.3472839610021447
52,6,-0.14979765184339436
53,1,1.402166688414794
53,2,0.33538121044406705
53,3,0.08115244024367894
53,4,-0.37331051910906426
53,5,-0.11789822308115058
53,6,-0.3155431300108937
54,1,-0.9111263070371995
54,2,0.20959128685129275
54,3,-0.11724322582921215
54,4,0.03327863395988636
54,5,-0.28322310015197194
54,6,0.08077428898080001
55,1,0.524159981503061
55,2,-2.173556323520011
55,3,-0.04557440051484628
55,4,-0.03764055579056833
55,5,0.09938616910377665
55,6,-0.21590776494914893
56,1,-0.8244485322058227
56,2,-0.071480341456011
56,3,0.04781978963434827
56,4,-0.03188329691584603
56,5,-0.17858926583998389
56,6,0.07731679171047205
57,1,-0.00803821856434553
57,2,-2.3343551128455444
57,3,0.17292060091323777
57,4,-0.06835830188750999
57,5,-0.3081735025529418
57,6,-0.05064381155071605
58,1,1.507976194477003
58,2,0.07887628444552076
58,3,-0.10558460579751579
58,4,-0.19198801071883823
58,5,-0.11854078186277824
58,6,0.01586833635627116
59,1,0.5422486490647983
59,2,0.7024815134458924
59,3,-0.7205325490026077
59,4,0.04953743234219899
59,5,-0.15647507633337224
59,6,0.1375359634276659
60,1,-0.7509450160242455
60,2,0.2699225294842838
60,3,0.1222198415684732
60,4,-0.4541387518358843
60,5,-0.05384892707318481
60,6,-0.10664545868160212
61,1,-0.7760780573473851
61,2,-0.04098747613309159
61,3,0.16608538778813764
61,4,-0.3247178475761619
61,5,-8.839461655536672e-4
61,6,-0.09335755433353991
62,1,-0.21666221744102457
62,2,0.03149677893216571
62,3,-0.9189143426300911
62,4,0.16444312521449356
62,5,0.8515386200925669
62,6,0.0988180283550124
63,1,-0.9145215344603679
63,2,0.20143319499685
63,3,-0.1665031606848433
63,4,-0.052866875975094846
63,5,-0.14495386094701143
63,6,-0.06728740336327314
64,1,-0.8205847667912375
64,2,0.14009074291358106
64,3,-0.04897930390990254
64,4,-0.08581447801118128
64,5,-0.35558058193533015
64,6,0.11141823864940081
65,1,-0.8915087952164263
65,2,0.01140652017367202
65,3,-0.07043962551217672
65,4,-0.2345959372039245
65,5,-0.21066412669989817
65,6,-0.03403011928401216
66,1,-0.8307851114143002
66,2,0.08179923914526407
66,3,0.05966567263506496
66,4,-0.37093449923046695
66,5,-0.1925923247563423
66,6,-0.06565314743600253
67,1,-0.798119797804953
67,2,0.11173605792383659
67,3,0.01161101202000342
67,4,0.12460649394565959
67,5,-0.0052837403896016195
67,6,0.2199526530669402
68,1,1.3119823809988147
68,2,0.33594932965390856
68,3,-0.2379483885670687
68,4,-0.120751365630819
68,5,0.15975290873910505
68,6,0.2870255669184215
69,1,-0.2571067062154509
69,2,-0.06641290577362388
69,3,1.000847257926654
69,4,-0.0840846622377916
69,5,0.47545873729097793
69,6,-0.6241978647442853
70,1,1.130322668355243
70,2,0.37170437829400554
70,3,-0.11037587590590422
70,4,-0.15137705722905964
70,5,-0.05902679783624059
70,6,-0.13893692874728428
71,1,1.2059371217004076
71,2,0.2452640574406799
71,3,0.1303793352994834
71,4,0.8652186304661177
71,5,0.106172028244629
71,6,0.14996200322148026
72,1,1.2995500569814038
72,2,0.3528686843731907
72,3,0.09652812978692236
72,4,-0.15485746652957447
72,5,-0.012053240221933603
72,6,0.16444643456782274
73,1,1.1998753941663132
73,2,0.3634428931657199
73,3,0.031175674284070892
73,4,-0.04207867472482318
73,5,-0.053216113618971994
73,6,0.024365012361124757
74,1,1.157055933208134
74,2,0.2504880987929781
74,3,-0.04777369251447295
74,4,-0.04751710925632553
74,5,0.010044191637300024
74,6,0.1298701925967583
75,1,-0.6951206718736147
75,2,0.10940685095712836
75,3,-0.1835973491283518
75,4,-0.15545103040593372
75,5,-0.22599003291125352
75,6,0.10309811063789819
76,1,-0.6826906681836854
76,2,0.19251979187708476
76,3,-0.05039792621231978
76,4,-0.005323290097436833
76,5,-0.057295106054898175
76,6,-0.08059110288529135
77,1,-0.6270769292728502
77,2,-0.014657772691463802
77,3,0.21059373984745464
77,4,1.0443963600743704
77,5,-0.1400432573676757
77,6,-0.2919814543189703
78,1,1.2219021793289007
78,2,0.1702660300575037
78,3,0.023846306481936093
78,4,-0.22332133777580118
78,5,-0.28427092515347635
78,6,-0.14233974842330008
79,1,-0.7345550637000404
79,2,0.23819578268969352
79,3,-0.1039786624590912
79,4,-0.0987709687419881
79,5,-0.2348200306794017
79,6,0.03909356903275001
80,1,-0.6499757463173846
80,2,-0.05156976695474314
80,3,0.021182649124008995
80,4,1.0809650085128901
80,5,-0.1759470777944528
80,6,-0.045254913899501724
81,1,0.3570076678302745
81,2,0.047867588760482395
81,3,0.9738476748990845
81,4,-0.15236191402664345
81,5,0.08880425797723401
81,6,0.7751592605298493
82,1,-0.5271495800328861
82,2,-0.002044269632793413
82,3,0.015410942082691451
82,4,-0.00921312410509176
82,5,0.08542502412365292
82,6,0.25637141992790186
83,1,0.17591260475680476
83,2,0.2006400598900163
83,3,0.7880485148923111
83,4,-0.042763270053216035
83,5,-0.12243718530005808
83,6,0.3367716565947386
84,1,0.3596298274617178
84,2,0.024834831446776787
84,3,0.7790641978080683
84,4,-0.1887681204813728
84,5,0.27563302376604676
84,6,0.6345071164846209
85,1,1.0783154871830503
85,2,-1.8925168869911553
85,3,-0.05140689919826865
85,4,-0.23013725087602632
85,5,-0.1870736080991649
85,6,0.6833314810376832
86,1,0.5090197614836237
86,2,-2.34396957622036
86,3,-0.14499092697323904
86,4,0.6605534252055335
86,5,0.10612528732128192
86,6,-0.10061546970601211
87,1,0.7309996775092932
87,2,-2.319592349353855
87,3,-0.4038706823307129
87,4,-0.29826833729596886
87,5,0.005677240876767472
87,6,-0.24788923772915128
88,1,0.14926610390960623
88,2,0.027001598834376028
88,3,1.1502208457123264
88,4,0.7686996481675606
88,5,0.06494271881420803
88,6,0.33097775536728546
89,1,-0.682499087109709
89,2,0.12013306620489012
89,3,-0.2064866076281911
89,4,-0.16036056991142564
89,5,-0.12013153722527084
89,6,-0.10162550753826605
90,1,-0.24313534364280776
90,2,-0.08050056098158945
90,3,-0.961537559947007
90,4,-0.04150984349267007
90,5,0.647797163254484
90,6,-0.01503152467379857
91,1,-0.4600889491284931
91,2,-0.050921728222375985
91,3,-0.5184831481566493
91,4,1.0573157493264538
91,5,0.6968413355824274
91,6,-0.1986611334260867
92,1,-0.273430397040873
92,2,-0.2009551430623917
92,3,-0.7439685231476251
92,4,0.004143863198543855
92,5,0.8377858273544104
92,6,-0.10877292494022216
93,1,-0.7793298290799351
93,2,0.219668033186086
93,3,0.05422536720259187
93,4,-0.08819101923327895
93,5,-0.34598938895977605
93,6,-0.06545534434645595
94,1,-0.8507664748781002
94,2,0.0069232329033103515
94,3,0.08151034706481555
94,4,0.07722209666049695
94,5,-0.05112215147730337
94,6,0.17138363086987565
95,1,-0.7381111614049027
95,2,0.1966576507554179
95,3,-0.11383250603969228
95,4,-0.016062444750110864
95,5,-0.10065584594564192
95,6,0.07022628719097271
96,1,1.3887848915933827
96,2,0.14705972612480128
96,3,-0.07677168930690713
96,4,-0.08104243020380839
96,5,0.04514352607233182
96,6,0.16203608242781561
97,1,-0.711410947666089
97,2,-0.13626137080816514
97,3,-0.05232639224056882
97,4,-0.07644402668339079
97,5,-0.4136247184337529
97,6,-0.014449514266864609
98,1,-0.6023897464800019
98,2,0.027888467467732596
98,3,0.009705185006500104
98,4,-0.15428349101812838
98,5,-0.01213316402623181
98,6,0.012015157615835787
99,1,-0.5449008486559872
99,2,0.03605540476828532
99,3,0.116488534961817
99,4,0.049431434960080504
99,5,-0.14694171383679883
99,6,0.03765501463767067
100,1,-0.38631645608523496
100,2,-0.10672387171594906
100,3,0.7549817129162032
100,4,-0.24676211826268513
100,5,0.40112283266509896
100,6,-0.4657164031913264
101,1,0.2557845999396868
101,2,0.129756230273498
101,3,0.7268379158004289
101,4,-0.15413381909578838
101,5,-0.041113710894439486
101,6,0.4988984055984972
