Individual,PC,score
1,1,-1.5457900888023197
1,2,0.10731855400800415
2,1,0.7619460976898389
2,2,-3.450439521967482
3,1,-1.5116450537631902
3,2,-3.3636540284840266
4,1,-1.6263291778285263
4,2,0.3209582471684624
5,1,-1.3163856482539076
5,2,0.4847098226774793
6,1,-1.4619118167561491
6,2,0.3481498215453545
7,1,1.8565904024181306
7,2,0.4092466282884378
8,1,-1.2162642835243076
8,2,0.24822884176789062
9,1,-1.5084108339227944
9,2,0.19947080542116655
10,1,-1.5568566925741723
10,2,0.31502083087392097
11,1,-1.1967632293698558
11,2,0.197266151495026
12,1,1.6530180018827842
12,2,0.33708469081656356
13,1,0.7761880846243636
13,2,-3.7983063608554484
14,1,-1.4170698908587007
14,2,0.22103960069265152
15,1,-1.7210173808217348
15,2,0.22250006513155862
16,1,2.032727986208916
16,2,0.49235116347697583
17,1,1.6652274003188894
17,2,0.4945853717251605
18,1,1.7801610436429542
18,2,0.5276183201499586
19,1,1.7561864200604067
19,2,0.3454596703030492
20,1,1.9889233215493112
20,2,0.4798758929244294
21,1,1.9273272160169217
21,2,0.45767583950823526
22,1,-1.5367658595903695
22,2,0.43276389716539754
23,1,1.73988759151487
23,2,0.6547801494875034
24,1,1.8528281896334255
24,2,0.4122576307976791
25,1,-1.4243831519729813
25,2,0.41190144061662576
26,1,-1.5176228067642923
26,2,0.278719965956071
27,1,-1.2103618132005303
27,2,0.32516027051475105
28,1,1.8356056123830033
28,2,0.5117016088211667
29,1,-1.473013880274159
29,2,0.16869339247514453
30,1,-1.6561321387661572
30,2,0.3764515220701407
31,1,-1.6184771120882737
31,2,0.4429584021345699
32,1,-1.7548979331112113
32,2,0.4286241622361397
33,1,-1.7086360141336616
33,2,0.2972461113500171
34,1,1.915149168251548
34,2,0.3443764970799486
35,1,-1.5981080680420454
35,2,0.1559209667365094
36,1,-1.4946792115151812
36,2,0.452816573199582
37,1,1.6101018804166514
37,2,0.41189784769669535
38,1,1.949430226588482
38,2,0.3233209877236062
39,1,1.6365326704200545
39,2,0.5032350089187789
40,1,1.9114968365691833
40,2,0.5841288429603027
41,1,-1.5003061860316416
41,2,0.1665116825853806
42,1,-1.6056652268867613
42,2,0.18084426037323406
43,1,0.7036627446370062
43,2,-3.691994924348637
44,1,1.8333385689567183
44,2,0.4498069577534432
45,1,-1.4120523277784025
45,2,0.329457417833555
46,1,1.807824027411506
46,2,0.4804968801786068
47,1,-1.5249985709670781
47,2,0.21996446938878092
48,1,-1.1818331420099224
48,2,0.18565276042401768
49,1,-1.5542353312965198
49,2,0.3817383857183832
50,1,-1.7790849001790952
50,2,0.26019792000463815
51,1,1.6771492725087416
51,2,0.3994184625099234
52,1,-1.5558363147852674
52,2,0.16633904589836448
53,1,0.6577171758571526
53,2,-3.6496520662507677
54,1,-1.511335895846999
54,2,0.1741156800942397
55,1,1.5359161531880055
55,2,0.27271311180135166
56,1,1.9523622928784563
56,2,0.607685278072763
57,1,-1.4174330854972184
57,2,0.2671260884833222
58,1,-1.5861745159406415
58,2,0.2662216792952151
59,1,-1.60926295425247
59,2,0.20807401014116195
60,1,0.8894252038581181
60,2,-3.756078037462554
61,1,-1.3126766501431635
61,2,0.22416613758769136
62,1,1.8633081475418685
62,2,0.3281518978120353
63,1,2.0142663208483342
63,2,0.3553132105324736
64,1,2.0234317654124485
64,2,0.6957790523357038
65,1,1.8785091441726145
65,2,0.5415706658562482
66,1,1.7793175929059908
66,2,0.33833168036858313
67,1,0.8225033187428494
67,2,-3.5194721501087574
68,1,-1.6797060402584525
68,2,0.17442427589041354
69,1,0.8579833170513456
69,2,-3.754326488409885
70,1,-1.2161257308498665
70,2,-3.305416928920765
71,1,1.6870913319501666
71,2,0.41918274898163244
72,1,1.3656575669208524
72,2,0.3940040058098292
73,1,1.497805548813805
73,2,0.2943938590225392
74,1,1.3747700399103562
74,2,0.4017776193250886
75,1,1.9235535207925898
75,2,0.3781237062445988
76,1,1.8733640335599413
76,2,0.466342790670829
77,1,-1.4489447026508226
77,2,0.36837507348699206
78,1,-1.4251717476731993
78,2,0.3221708677475099
79,1,-1.5079734986757545
79,2,0.32819664713214763
80,1,-1.7087616662764462
80,2,0.3123237032551645
81,1,-1.4254634555742347
81,2,0.24835887361166042
82,1,-1.590073720564937
82,2,0.21673947481338904
83,1,1.7822617111255343
83,2,0.4007247549571755
84,1,1.784781134766206
84,2,0.4442954975600698
85,1,-1.4366173723181248
85,2,0.32155180330852556
86,1,-1.5896415016243333
86,2,0.42211038897481573
87,1,-1.3106039050967184
87,2,0.08576304741022936
88,1,-1.3003875521616064
88,2,0.41323497956365174
89,1,1.8008746658959547
89,2,0.3331954977799107
90,1,-1.3332102259612342
90,2,0.061209066003311066
91,1,-1.588429131706291
91,2,0.31898683390370014
92,1,2.012303787845813
92,2,0.504389088316408
93,1,1.7555084402224135
93,2,0.42420568523733615
94,1,-1.3839422711761846
94,2,0.39570038915251876
95,1,-1.621274929591735
95,2,0.31688576775460303
96,1,1.8383549533560153
96,2,0.5886956472774479
97,1,-1.476213990551024
97,2,0.20921473145773178
98,1,-1.3763333093696328
98,2,0.36591013334614997
99,1,1.8220793789998866
99,2,0.35441711421237404
100,1,1.6731453338097406
100,2,0.18308962607563808
101,1,1.9036972955001379
101,2,0.596154477560849
