Individual,PC,score
1,1,0.401533438552141
1,2,-0.6224789831554185
1,3,1.094164218873018
2,1,2.8758090984775295
2,2,-0.13470853255620746
2,3,-1.0377167881380551
3,1,2.9331967157438448
3,2,-0.30128574038429357
3,3,-1.0519936498307578
4,1,2.751895316026773
4,2,-0.2652430628111548
4,3,-1.0493394612938607
5,1,0.37973955232566714
5,2,-0.5394544173567041
5,3,1.1380344786721217
6,1,2.9433660057850823
6,2,-0.2557172822143661
6,3,-0.8496857619884842
7,1,-0.8234372359192788
7,2,-0.3491120546651579
7,3,-0.37548141832106985
8,1,-0.7225503322019297
8,2,-0.4377818444964971
8,3,-0.38266407473307285
9,1,-0.9755240237947427
9,2,1.5474905211808572
9,3,-0.11334109212315661
10,1,0.9301809305975393
10,2,1.849151533237659
10,3,0.7035872825085363
11,1,0.1951923521659795
11,2,-0.6552978080946437
11,3,0.6695623594606418
12,1,-1.0179157234966736
12,2,1.5336888150610606
12,3,-0.25271711930456414
13,1,-1.0953142770129618
13,2,-0.4572596592190094
13,3,-0.3943792368761963
14,1,0.25557253698551824
14,2,-0.4977354910533787
14,3,1.237365915150808
15,1,-0.4984731926081245
15,2,-0.5037299629741554
15,3,0.3792888044194822
16,1,-0.9216940188919706
16,2,-0.5443690191897329
16,3,-0.5647127914882323
17,1,-0.9535273273829475
17,2,-0.46313547672062655
17,3,-0.3004414656409373
18,1,-0.9407769750249271
18,2,-0.5112057629784953
18,3,-0.4330345325304543
19,1,-0.9868624233041301
19,2,-0.4751166636672149
19,3,-0.647991859856793
20,1,-0.9616102547165404
20,2,-0.6165128620555055
20,3,-0.2606224555247844
21,1,2.808732338600862
21,2,-0.29296452649103455
21,3,-0.9679641525238317
22,1,-1.2283950957642873
22,2,1.2431734183209417
22,3,-0.23736472052675048
23,1,-0.9579084531293431
23,2,-0.546996998383862
23,3,-0.44426316376139535
24,1,-0.8654273148506565
24,2,-0.3440864144399139
24,3,-0.3949415669175966
25,1,-1.2002177148415984
25,2,1.45477590869438
25,3,-0.23051671899555476
26,1,0.2941190023860658
26,2,-0.39945675786037566
26,3,0.9050125067973032
27,1,0.4697734439337516
27,2,-0.3562186538887909
27,3,1.2497225003405916
28,1,-1.0554705981780568
28,2,-0.38194687542994366
28,3,-0.5897840626428882
29,1,-1.1523034443320692
29,2,-0.5040387285280502
29,3,-0.5199114092953688
30,1,2.72992951948938
30,2,-0.4411023320183969
30,3,-1.1349610857898016
31,1,0.4337730963903798
31,2,-0.605256704970074
31,3,1.0147404719499054
32,1,0.508271675870556
32,2,-0.5267328200688147
32,3,1.279358602532016
33,1,0.4031252131565001
33,2,-0.8864569053758754
33,3,1.1072481965378842
34,1,-0.9860340944161892
34,2,-0.48451616660392616
34,3,-0.44890586912182373
35,1,0.15169852006215315
35,2,-0.6053557231495131
35,3,1.0063343861275453
36,1,-0.28595849009528335
36,2,1.905267018118151
36,3,-0.2174935522713598
37,1,0.46517929372120626
37,2,-0.6775285960805266
37,3,1.3589962047463755
38,1,-0.9291613091934579
38,2,-0.20242885922471796
38,3,-0.4124062745074248
39,1,-1.1109895397674727
39,2,-0.6611311480284771
39,3,-0.12393612403739138
40,1,-0.8831236262656772
40,2,-0.4781224609908859
40,3,-0.7307957246501239
41,1,-0.750367512161695
41,2,-0.4034514766829515
41,3,-0.37660050856101407
42,1,0.38801367679512255
42,2,-0.4897948456343465
42,3,1.1090431416585746
43,1,0.06964316305268561
43,2,-0.5075589233236607
43,3,0.7557710071807693
44,1,-0.9526692591653816
44,2,-0.591997376421207
44,3,-0.2758544907305912
45,1,0.4920826672369419
45,2,-0.47323421226835133
45,3,1.0478422065755533
46,1,-1.0238310698596296
46,2,-0.48997214858706606
46,3,-0.3105648347713744
47,1,2.7639964433363655
47,2,-0.23906524322913722
47,3,-0.8640363045961689
48,1,0.4818467274536092
48,2,-0.5718194151573052
48,3,1.2392573753207075
49,1,0.17179096676523672
49,2,-0.39736030246909765
49,3,1.3027660919191626
50,1,0.39258616766129045
50,2,-0.6931963906099096
50,3,1.2109865057222358
51,1,-1.0117318669913191
51,2,-0.44410250778360044
51,3,-0.5221860221996489
52,1,-0.9217060787342598
52,2,-0.30772393753549965
52,3,-0.24494585287811715
53,1,2.559617219017518
53,2,-0.40279161579693706
53,3,-0.8774641006483237
54,1,0.2500039756177477
54,2,-0.39727731519616877
54,3,0.8451024086104808
55,1,-1.0387029728899264
55,2,-0.45471831347422065
55,3,-0.34116376038770063
56,1,-1.0837670461206304
56,2,1.3837204031286907
56,3,-0.31034130020827616
57,1,-0.7951010056373842
57,2,-0.5997865306425019
57,3,-0.30581632368780637
58,1,-0.967721069041096
58,2,-0.5713114393044034
58,3,-0.43886156446515207
59,1,0.257390263092761
59,2,-0.5261812265796988
59,3,1.1119780387597622
60,1,2.742990717994997
60,2,-0.22410711433216843
60,3,-0.8316828811566405
61,1,2.622388043905352
61,2,-0.15735966507317856
61,3,-0.6608026497569163
62,1,-1.173843680437212
62,2,1.5953037564350583
62,3,-0.21793645600485614
63,1,-1.1177252968047489
63,2,-0.7150285809866112
63,3,-0.4858535497958796
64,1,-0.9122499879302398
64,2,-0.7018520933949023
64,3,-0.418955935225268
65,1,-1.1012598166339058
65,2,1.5511712153390333
65,3,-0.3510232675811107
66,1,-0.8232687165212919
66,2,1.5853816741188498
66,3,-0.11745951044170677
67,1,0.005549329698452695
67,2,-0.5985199855455267
67,3,0.9925937342613201
68,1,-1.064721225389749
68,2,1.6299528541433417
68,3,-0.2463489865303697
69,1,-1.0140039217767725
69,2,-0.594205489456356
69,3,-0.3866812238688087
70,1,0.7111788913641623
70,2,1.8179831197535437
70,3,0.5114431332952131
71,1,0.3662698992227196
71,2,-0.7269114787623242
71,3,1.0167941064207608
72,1,1.1925565155283473
72,2,2.124496456115968
72,3,0.6186010870356089
73,1,1.0952208665232728
73,2,2.161165337672245
73,3,0.7256710359841017
74,1,0.9275291044536059
74,2,2.1764587052761435
74,3,0.7961504002391251
75,1,-1.0567408447050213
75,2,-0.42050125479153255
75,3,-0.4318427424025411
76,1,-1.0806760837275713
76,2,1.599502770365434
76,3,-0.3250393426230352
77,1,1.2372287880188904
77,2,2.1597552644961304
77,3,0.7968356432998833
78,1,-0.8310096013262718
78,2,-0.6812454426402622
78,3,-0.4415529688307569
79,1,-1.063944438514219
79,2,1.5582839832244364
79,3,-0.18351603559148352
80,1,0.3902652232042111
80,2,-0.5783196351676164
80,3,0.9889155656039842
81,1,-0.9232272624808464
81,2,-0.4103454669938517
81,3,-0.43258723117888875
82,1,-0.9577202732278409
82,2,-0.3772480994339012
82,3,-0.5820459497152253
83,1,-0.9580411989354577
83,2,-0.37969531506326465
83,3,-0.6081459661881103
84,1,-0.4428175123913858
84,2,2.038222757411926
84,3,-0.9310437632641213
85,1,2.698366749153738
85,2,-0.4319076903550022
85,3,-1.118874660979916
86,1,2.7825866442407503
86,2,-0.24163980769960972
86,3,-0.8866049767383455
87,1,0.2876787386247388
87,2,-0.6421382525350614
87,3,1.1581912220175143
88,1,2.6583178133021135
88,2,-0.21997067732086562
88,3,-0.9379672723387196
89,1,-1.0654092434118723
89,2,-0.2789922289313497
89,3,-0.2321560075116202
90,1,0.3012045775184157
90,2,-0.4836516882344694
90,3,1.2856042269085453
91,1,0.2467411291217383
91,2,-0.5715163994313033
91,3,1.2280898535563878
92,1,-0.789761460439016
92,2,-0.6317459216555728
92,3,-0.3089044470589471
93,1,-1.0190347411581024
93,2,-0.6813742871332739
93,3,-0.09378366633605775
94,1,-1.054650306612906
94,2,1.3168602141375503
94,3,-0.23560720571598312
95,1,1.1164655853437575
95,2,2.0414692662862106
95,3,0.7090359175079781
96,1,-0.9100451632327515
96,2,-0.40055414967891534
96,3,-0.30753527282337834
97,1,-0.983471007037599
97,2,-0.46842376523047635
97,3,-0.47854520825739755
98,1,1.1133272197502722
98,2,1.317835230627988
98,3,0.40064891986759615
99,1,-1.0001314274907775
99,2,-0.40614140022694073
99,3,-0.3559274541166358
100,1,-0.9734393098641398
100,2,-0.3671298398591898
100,3,-0.72502761787838
101,1,-0.8384592914303995
101,2,-0.6147559773902731
101,3,-0.6260841041245079
