Individual,PC,score
1,1,-1.0468056803345767
1,2,-0.6046083634363069
2,1,-0.9524386076171488
2,2,3.023484854185334
3,1,-0.7997227494301675
3,2,3.000625297910812
4,1,-0.7132051893705025
4,2,2.8668402081409567
5,1,-0.9825937028019415
5,2,-0.3268694345396876
6,1,-0.7251304438472648
6,2,2.998618440796971
7,1,-0.8242248790911572
7,2,-0.5884425800839895
8,1,-0.998062117179992
8,2,-0.3358860156362218
9,1,2.890053244331307
9,2,-1.1169813633138894
10,1,3.467145819899991
10,2,0.6117303261606878
11,1,3.0271456966883004
11,2,-0.8113285895537393
12,1,3.011934901177006
12,2,-0.8354797906603275
13,1,-0.867299410146848
13,2,-0.5784700258586963
14,1,-1.0476315144559902
14,2,-0.653180097660513
15,1,-1.240658811738492
15,2,-0.6756292543964014
16,1,-1.1729927278228203
16,2,-0.45782524477023384
17,1,-1.0019229680435362
17,2,-0.6812393469111676
18,1,-1.2015979972092081
18,2,-0.6389184228902787
19,1,-1.0507470917517334
19,2,-0.5304177725167352
20,1,-0.9573569852535571
20,2,-0.6828822672294348
21,1,-0.5442098397639092
21,2,3.107252989955896
22,1,2.855770905135435
22,2,-0.8059401712762748
23,1,-1.0542944038583468
23,2,-0.30764814188909323
24,1,-0.889949165212666
24,2,-0.5932795505251232
25,1,3.1337203381438647
25,2,-0.5788547141892836
26,1,-0.9381054789532112
26,2,-0.5132990879309224
27,1,-0.8246834678016703
27,2,-0.6520204150804217
28,1,-0.9605477945832526
28,2,-0.7870162673227503
29,1,-0.9861237223096881
29,2,-0.27394093404786196
30,1,-0.7836265982703123
30,2,2.9118273054194117
31,1,-0.6278065643912053
31,2,-0.41524367684699653
32,1,-0.7920203721832789
32,2,-0.24150957045440613
33,1,-1.058014545485424
33,2,-0.34047707331576016
34,1,-1.1544479616566101
34,2,-0.518081783986951
35,1,-1.0993448606944307
35,2,-0.48509094603967584
36,1,3.440493621211831
36,2,0.692515776888849
37,1,-0.8869886174366459
37,2,-0.3977935801181057
38,1,-1.1167726540394987
38,2,-0.4543340691536913
39,1,-1.096625238132302
39,2,-0.606903435372515
40,1,-0.9738049219542564
40,2,-0.6041592542982623
41,1,-1.1692417478656485
41,2,-0.5004880615103808
42,1,-0.9798031816943059
42,2,-0.5850401210840391
43,1,-0.9234748706689937
43,2,-0.33951642394726017
44,1,-0.9243739366779744
44,2,-0.4647736401871862
45,1,-0.9005309680888741
45,2,-0.5230038615110425
46,1,-0.9570714737630299
46,2,-0.5830144706744314
47,1,-0.7295292116019013
47,2,3.1324074576515986
48,1,-0.951620048133721
48,2,-0.4607092183947432
49,1,-1.000981445226403
49,2,-0.6690232296195597
50,1,-0.8828833386952091
50,2,-0.8092795838735793
51,1,-1.093880285176638
51,2,-0.5781899326471039
52,1,-0.8230208217207191
52,2,-0.6907074326911815
53,1,-0.6161781827824866
53,2,3.0243382933206053
54,1,-0.8343439170325038
54,2,-0.2307405749120544
55,1,-0.87803835623632
55,2,-0.6158829346971055
56,1,2.9585031400507917
56,2,-0.8909262250760496
57,1,-1.1111651361991604
57,2,-0.7677419375631864
58,1,-0.9219600724604635
58,2,-0.6792279514501262
59,1,-0.8953419780362887
59,2,-0.7675556769983869
60,1,-0.7257019172584391
60,2,2.788075594770285
61,1,-0.5448649768354946
61,2,3.087235060941958
62,1,3.0056152829069442
62,2,-0.6734401983370355
63,1,-0.8171133086296826
63,2,-0.41360951247855166
64,1,-1.076539574654919
64,2,-0.45653868118423924
65,1,3.1219361084430703
65,2,-0.815587972082059
66,1,2.9974542286095454
66,2,-0.47622794080933595
67,1,-0.8746050726180831
67,2,0.05656218777698273
68,1,2.9118671445836197
68,2,-1.018977684534268
69,1,-0.9600160410854394
69,2,-0.598626786773979
70,1,3.5454927786406794
70,2,0.6774893710111435
71,1,-0.8056339809557327
71,2,-0.5425940787891169
72,1,3.4634962505304094
72,2,0.8331262060169058
73,1,3.3353332281889134
73,2,0.5782562819277818
74,1,3.207331065404639
74,2,0.7847124349914713
75,1,-1.0420784401466783
75,2,-0.7867131954579787
76,1,3.0064978425991566
76,2,-0.801592479166931
77,1,3.3896742709919305
77,2,0.6047263271422336
78,1,-0.8208754888805366
78,2,-0.3223002067149134
79,1,2.774434761697806
79,2,-0.7594836884850492
80,1,-0.8063069874390789
80,2,-0.7560578401958815
81,1,-0.9180306701917921
81,2,-0.5093630233970272
82,1,-1.090200371404599
82,2,-0.6978809576145432
83,1,-1.1528504152201091
83,2,-0.5817628341319018
84,1,3.2846087300899307
84,2,0.5481698741253132
85,1,-0.7049068328936137
85,2,3.0221758552596825
86,1,-0.6929961357821459
86,2,2.9475702334214224
87,1,-1.1932453226089577
87,2,-0.6573258128752121
88,1,-0.7060445705412576
88,2,3.1910909029248433
89,1,-1.0665289307825314
89,2,-0.6954809951483177
90,1,-0.760190419831522
90,2,-0.8816098824054721
91,1,-0.9295777518894865
91,2,-0.6661238837799239
92,1,-1.1170887400441194
92,2,-0.4796025457939343
93,1,-1.098971872734375
93,2,-0.6110926416648619
94,1,2.8912105430200072
94,2,-0.946308160708945
95,1,3.341710587609172
95,2,0.9023196552103167
96,1,-0.9069060501934261
96,2,-0.7140843013007376
97,1,-1.1303986201099139
97,2,-0.4263558913229649
98,1,3.553981908876204
98,2,0.8173862428308416
99,1,-1.1335756829569879
99,2,-0.7304826835721963
100,1,-0.7319605616817103
100,2,-0.45671580851778515
101,1,-0.8450076065776351
101,2,-0.483024973396013
