Individual,PC,score
1,1,0.509123213205582
1,2,-0.0034360726453366245
1,3,-0.26003098042807327
1,4,0.26913496234992373
1,5,-1.0142775392864276
2,1,0.542206167843289
2,2,-0.10184598321463517
2,3,0.7242473444913202
2,4,-0.947495975249895
2,5,-0.16835770711838108
3,1,0.435137681851864
3,2,0.0678324528742306
3,3,0.7211811701698946
3,4,-0.8907888753850235
3,5,-0.36585860941652826
4,1,0.26131346900865476
4,2,0.16955527442929197
4,3,0.29900981263590676
4,4,-0.5452115412185065
4,5,0.1075142186792587
5,1,0.3543624704996899
5,2,-0.097418176270254
5,3,0.10028192667012141
5,4,0.18030655715419905
5,5,0.2677606852665057
6,1,0.3963633445929973
6,2,0.06681149025924721
6,3,0.6916142418013119
6,4,-0.6186359747085519
6,5,-0.2113038174354228
7,1,0.5201142808514109
7,2,-0.12392718929875006
7,3,-0.08322155799921144
7,4,-0.043773463694849114
7,5,0.1315736950158908
8,1,0.369134325892268
8,2,0.11094350676691654
8,3,-0.05849062446268539
8,4,-0.0013187327758708396
8,5,-0.019657709182206506
9,1,0.33334157864095676
9,2,-0.26071985145462173
9,3,-0.25939272884870357
9,4,-0.022839404492781334
9,5,-0.06310721033752266
10,1,0.5414358411901302
10,2,0.008938464713685867
10,3,0.06224015949044434
10,4,0.21047942333605563
10,5,-0.7674018725640641
11,1,-1.0314427987504462
11,2,1.3009862403511654
11,3,0.3920945289350865
11,4,-0.24975962448984204
11,5,-0.10443046432843707
12,1,-2.3228094298643693
12,2,-1.1257614406466683
12,3,0.1948427853864825
12,4,0.296496095791823
12,5,0.12744980348815976
13,1,-1.1245980691263135
13,2,1.308005075963255
13,3,-0.22368477452072316
13,4,0.28855527180726237
13,5,0.20047439515145427
14,1,0.4161634197360149
14,2,-0.06988391022423585
14,3,-0.2588189635445402
14,4,0.07100671065752623
14,5,0.1620629624117272
15,1,0.32470524833591596
15,2,0.050433001302112146
15,3,-0.15782239607651077
15,4,-0.16424944622648158
15,5,0.08134503171821186
16,1,0.49012425811174976
16,2,0.0584884231481694
16,3,-0.02077385360178108
16,4,0.10352660705374155
16,5,-0.1254687219773227
17,1,0.28846429391439593
17,2,-0.11222811261178514
17,3,-0.1244231616063558
17,4,0.3776140316883214
17,5,0.1977380289126305
18,1,0.5404440554215724
18,2,0.03536216134161047
18,3,-0.20823611102029316
18,4,0.2298135633815856
18,5,0.3545797995999896
19,1,0.3785356242143427
19,2,-0.18348029637123955
19,3,-0.17462178668961162
19,4,0.1607034565997569
19,5,-0.008206939643484106
20,1,0.4749651491378985
20,2,-0.13039236616343908
20,3,-0.19225319723708947
20,4,0.02770619706301802
20,5,0.07196375317227989
21,1,0.5609581546072535
21,2,-0.05082370259297587
21,3,-0.3262202046067384
21,4,0.11865722088469434
21,5,0.007601980889456644
22,1,0.4666248884389496
22,2,-0.24279739580713516
22,3,-0.26871547992274
22,4,0.08059749876788616
22,5,-1.0045465723080116
23,1,-1.1063897725553242
23,2,1.5288392340320012
23,3,1.0096742359185071
23,4,-0.20684850787417672
23,5,-0.09055812903854715
24,1,-0.9188302401633577
24,2,0.893968873170459
24,3,1.5962425740503527
24,4,-0.2619958200671486
24,5,0.12769593506151017
25,1,-1.282719302778867
25,2,1.2844051777259045
25,3,-0.4314089955894726
25,4,0.5800055691595586
25,5,-0.9024923777275918
26,1,0.24516545575457657
26,2,-0.21103245574560173
26,3,0.00443377280049921
26,4,0.05357684471701438
26,5,0.3227908818071918
27,1,0.5651374899953879
27,2,-0.14478154029050788
27,3,0.013058926004310183
27,4,-0.142470982573588
27,5,0.05208467580391785
28,1,0.495464682202759
28,2,-0.11543158033169668
28,3,-0.0338003087982224
28,4,0.010560319788253305
28,5,0.17763270437842757
29,1,0.33662473202183907
29,2,-0.2846308487346808
29,3,-0.19209459494841602
29,4,0.20127450689581258
29,5,-0.6541481323458493
30,1,0.4435338679854343
30,2,-0.03461102179633378
30,3,0.13708773021853946
30,4,-0.1047917679799042
30,5,0.24116626658838264
31,1,0.2739998453049935
31,2,-0.09220703771578397
31,3,-0.020975707501348705
31,4,0.113227707375818
31,5,0.098040091816334
32,1,0.45557919185183876
32,2,-0.1884482733849589
32,3,-0.09643115440043246
32,4,0.2771576515235449
32,5,-0.9915327928870542
33,1,0.3624716421206225
33,2,0.09293339822386777
33,3,0.03137641786914436
33,4,0.23921269472805864
33,5,0.1526396864549075
34,1,0.3282873069918842
34,2,-0.004079419399200896
34,3,-0.105533510504441
34,4,0.1084581389379387
34,5,0.29940394966462147
35,1,0.16469277242505348
35,2,0.12305000914753077
35,3,0.6267758063246338
35,4,-0.5020879557514611
35,5,-0.07205873346524169
36,1,0.5698516015889514
36,2,-0.042175231163100596
36,3,-0.20610179686576668
36,4,0.03256835308108967
36,5,0.23577028478708326
37,1,0.28683025710859483
37,2,-0.20303490472994162
37,3,0.03399984353598612
37,4,0.22492523939652587
37,5,0.07094599999966388
38,1,-1.2136602641354333
38,2,1.178844465097516
38,3,-0.08518558913097388
38,4,0.3133429752009994
38,5,0.2204627820330729
39,1,0.3912382776621339
39,2,-0.03140399612370529
39,3,0.023634454771546395
39,4,0.018339715947938165
39,5,-0.03825623941300693
40,1,0.5191453282829195
40,2,0.048628461155761915
40,3,-0.1391050523979452
40,4,0.08999571609679698
40,5,-0.05434700907452055
41,1,0.4191140663337135
41,2,0.2912597228270518
41,3,-0.16159322515333555
41,4,0.27561216614270634
41,5,-0.7788598570792665
42,1,0.21328793992043643
42,2,0.1387741945812724
42,3,-0.2719630569640617
42,4,0.18382098740720473
42,5,0.04734395890657349
43,1,0.4095807963514962
43,2,-0.11646888447066034
43,3,-0.22191083785440802
43,4,0.17511249929796635
43,5,-0.051866809411792864
44,1,0.35114489120155273
44,2,-0.1473129201914815
44,3,-0.12219944712421849
44,4,0.24144541426431626
44,5,0.3262023656124739
45,1,0.4601776574673605
45,2,-0.08352642111962345
45,3,0.008382729145069965
45,4,0.14683823024579357
45,5,0.22348556073089013
46,1,0.31822672339468205
46,2,-0.3539620805437998
46,3,0.1874721758626625
46,4,0.32327496683756984
46,5,0.03835791016205551
47,1,0.3373600980166369
47,2,-0.09314661824169905
47,3,0.020798048700581266
47,4,-0.09937356707474242
47,5,-0.05335352760737894
48,1,0.4823681818172437
48,2,-0.1872113318702801
48,3,-0.08584644272332426
48,4,0.2604408632089142
48,5,0.2267304417715689
49,1,0.456499122151806
49,2,-0.03664273794002383
49,3,-0.08039838765054966
49,4,0.10318818519897889
49,5,0.15670056245263658
50,1,0.2573396478864516
50,2,0.025403095471792505
50,3,0.016479303010675447
50,4,0.05221491542824083
50,5,-0.05179654283707771
51,1,0.47930141365225026
51,2,-0.4094283002050599
51,3,0.25763807888405066
51,4,0.04725191708296896
51,5,0.2716698900402949
52,1,0.46551332534984174
52,2,-0.10273758173910948
52,3,-0.14190779620661692
52,4,0.10420416767562551
52,5,0.23516720728561422
53,1,0.4225750381154046
53,2,0.09063759775414702
53,3,0.009451638682858912
53,4,0.14117020932314445
53,5,-0.017223915982160318
54,1,-1.0584677222785817
54,2,1.348111647529336
54,3,-0.07392940603719071
54,4,0.3335589293106564
54,5,0.24386437227460292
55,1,0.5452908181866881
55,2,-0.02050454679921946
55,3,-0.1899552830364836
55,4,0.2852803686739086
55,5,0.1191898977603416
56,1,0.44017632420109587
56,2,0.05292097045559015
56,3,-0.3685347425538905
56,4,-0.1483291396068955
56,5,0.08600563764319336
57,1,0.4601647412793505
57,2,-0.23177279939969098
57,3,-0.015601495083502925
57,4,-0.05904141782015099
57,5,-0.05805493799688578
58,1,0.46260438187638125
58,2,0.08370015030596419
58,3,1.002431934565895
58,4,-1.0180584310049214
58,5,-0.177345948910306
59,1,0.49923524316639356
59,2,-0.07203170802465687
59,3,-0.02321624962698287
59,4,-0.11101509908591106
59,5,0.09649214540671382
60,1,0.43946455255576583
60,2,-0.20484792614845582
60,3,0.0347370896908815
60,4,-0.11208454354112983
60,5,0.12292556186911664
61,1,0.21290058727913833
61,2,-0.2618090363949224
61,3,0.1342239710010177
61,4,-0.13368067697453365
61,5,-0.23720882570432783
62,1,0.3878633415703851
62,2,-0.09822070944233555
62,3,0.016193257717589605
62,4,-0.1171887567433889
62,5,0.06351514084847183
63,1,-1.3711470318428258
63,2,-1.2158928132135196
63,3,-0.020220775932270466
63,4,-0.4773493693526419
63,5,-0.34830404063449627
64,1,0.563812337007371
64,2,-0.2765788807867117
64,3,0.1281775141826143
64,4,-0.05213302417700308
64,5,0.0777557300168029
65,1,0.393162752199477
65,2,0.011802061931186755
65,3,0.21251818203215042
65,4,-0.14738451426306298
65,5,0.2159275750179724
66,1,-2.9227621763243024
66,2,-0.13126207205838017
66,3,-1.2928689071230721
66,4,-1.5824927350975886
66,5,0.04177913726323411
67,1,-0.5826536404860441
67,2,0.8313511974159941
67,3,-1.811965393694321
67,4,-1.68138532894175
67,5,-0.09912238238291948
68,1,0.37451354406207094
68,2,0.018556546927097982
68,3,-0.07319718545518308
68,4,-0.07112132437953467
68,5,-0.04494906663210242
69,1,0.34159085354988766
69,2,-0.2609961479146529
69,3,-0.12724579557345306
69,4,-0.20823176674537358
69,5,0.04332439942064784
70,1,0.36394529604967196
70,2,-0.2883025268245963
70,3,-0.2863315852617351
70,4,0.4511790684151586
70,5,-0.7940781637043511
71,1,0.5532832566556639
71,2,-0.20963123071590004
71,3,0.1302973608870906
71,4,0.1866043053187177
71,5,-0.03791127990079052
72,1,-2.2535782845586065
72,2,-0.9759790556385537
72,3,0.2775342092628395
72,4,0.2781292572499751
72,5,-0.16085974175636472
73,1,-2.5464877372330967
73,2,-0.9597239815670128
73,3,0.25351580370217525
73,4,0.14346738480002064
73,5,0.1297525578364799
74,1,-2.3990757528142534
74,2,-0.9759071101632607
74,3,-0.024305419648495283
74,4,0.11732322154094486
74,5,-0.014059857108376973
75,1,0.30475285640853467
75,2,0.09815033072069164
75,3,0.7634512245291067
75,4,-0.4695954372511382
75,5,-0.08854215093912404
76,1,-2.2738134178476317
76,2,-1.0775218996408238
76,3,0.29333620382071474
76,4,0.15718151888919077
76,5,0.2191250251212623
77,1,-2.175154425336146
77,2,-0.8772705116112607
77,3,0.0584554641100985
77,4,0.20845150987924776
77,5,-0.008069281002545782
78,1,0.36331185752250533
78,2,-0.15113707735839366
78,3,0.14638612802233425
78,4,0.30972904913655624
78,5,0.0804662908886426
79,1,-2.353637079789671
79,2,-0.8038842724359927
79,3,0.22592018006045855
79,4,0.2858350617713789
79,5,-0.11732175414175923
80,1,0.5022575374542524
80,2,-0.14600771803750243
80,3,-0.2104861674841048
80,4,0.12923996104963945
80,5,0.03814997657710594
81,1,0.33165501953430016
81,2,-0.08978689645052872
81,3,-0.03771987953931612
81,4,0.03368266642033475
81,5,0.22077955881190423
82,1,0.428902637521813
82,2,0.07537828390172774
82,3,0.020783038216236307
82,4,0.21363276448062593
82,5,0.1911799986763146
83,1,0.5613067647647099
83,2,-0.19305135876634386
83,3,0.20857019366285035
83,4,0.07942064992206412
83,5,0.010563024920239441
84,1,-1.267531484932185
84,2,1.0669996638324426
84,3,-0.09800192839747111
84,4,0.3751694851592321
84,5,0.06909988178619922
85,1,0.31642660668571104
85,2,-0.022214555043369402
85,3,-0.19562656996495545
85,4,0.030062342250087234
85,5,0.46488402365322185
86,1,0.5823504782507375
86,2,-0.09488306603055562
86,3,-0.10819397062586765
86,4,0.13507867777326574
86,5,0.34955785748275864
87,1,0.48509306759979276
87,2,0.21056883381006117
87,3,-0.23613377962992832
87,4,-0.08209202333768603
87,5,0.08936501398380511
88,1,0.47114692776905326
88,2,-0.06301522059034337
88,3,-0.12953057224212408
88,4,-0.10400704045651851
88,5,0.18357108525742186
89,1,0.3221348375193275
89,2,0.042366888111294354
89,3,0.5680369781420215
89,4,-0.16224728406344027
89,5,-0.20180339007572784
90,1,0.4582311379782775
90,2,-0.0032467708796402464
90,3,0.08472543741545638
90,4,-0.002710170602168059
90,5,0.06915090907865948
91,1,0.4474024481762523
91,2,-0.20808149752550845
91,3,-0.21950527869037045
91,4,0.011510870869640952
91,5,0.10890880186468094
92,1,0.5539702206135024
92,2,-0.13741685724835395
92,3,0.03418154927002107
92,4,-0.036517111883244795
92,5,0.07966158008866091
93,1,0.38640678261158196
93,2,-0.13163949785647125
93,3,0.17033858831529633
93,4,-0.08937388106480747
93,5,0.0674466759783772
94,1,0.28016200513689665
94,2,-0.0278807082704626
94,3,-0.08073996133507073
94,4,-0.006773588157671311
94,5,0.23827412383202146
95,1,-1.1090454005831745
95,2,0.9707861697602399
95,3,-0.1362500590953386
95,4,0.42726612880688664
95,5,0.1736548330772935
96,1,-1.2434173287524344
96,2,1.1793061516544325
96,3,-0.04213557276762472
96,4,0.46713064995367803
96,5,0.10936876947786275
97,1,0.4939241383461909
97,2,-0.05834021341763723
97,3,-0.06899653283918492
97,4,0.2446690644463432
97,5,0.19591904666403986
98,1,0.5610863114063818
98,2,-0.22270062639592603
98,3,-0.4555406705436155
98,4,-0.30239886675945854
98,5,0.48707896841416337
99,1,-0.8371787690556122
99,2,1.273714616965968
99,3,-0.12450722398353535
99,4,0.2858902788784039
99,5,0.07098080443762252
100,1,0.4273414380974013
100,2,-0.020771042531735732
100,3,-0.1786702777461593
100,4,-0.06474582433067363
100,5,-0.07366005853852095
101,1,0.3645002077213231
101,2,-0.24051581543798028
101,3,-0.28325960567700514
101,4,0.1202882287089805
101,5,0.07832819480327571
