Individual,PC,score
1,1,-1.8288753782803315
1,2,0.007434081755746627
1,3,0.036377488793594086
1,4,-0.0823657421227109
2,1,-1.7257790259089234
2,2,0.5035086095712981
2,3,-0.12395212942901927
2,4,-0.4181370905278303
3,1,-1.78144763390678
3,2,0.1805534667651574
3,3,0.16902349841429978
3,4,0.07552220358270922
4,1,-1.7961932816930037
4,2,0.4369127386305538
4,3,-0.231029236168828
4,4,-0.3443277025574094
5,1,-1.7398241554878278
5,2,0.34879485528432397
5,3,-0.467275220168724
5,4,-0.28840058158468523
6,1,0.32344398324559304
6,2,-1.833371585684854
6,3,0.2698345666530066
6,4,-0.11956982790277058
7,1,-1.4637047173918143
7,2,0.22378101743751416
7,3,-0.6666089814588435
7,4,-0.2012538388593625
8,1,2.441765126525852
8,2,0.026443694661415704
8,3,-0.41236437636966894
8,4,-0.5687416897630772
9,1,0.013532520893987038
9,2,-1.7489745234535863
9,3,0.7460003714835411
9,4,0.24151776408690392
10,1,-1.7911198591041015
10,2,0.1592310477808628
10,3,0.4191821939052849
10,4,-0.23111373670036894
11,1,0.35729933139008196
11,2,-1.7748911231565776
11,3,0.6148901758543629
11,4,-0.22212984163258126
12,1,-1.6165188483052912
12,2,-0.04261943301875266
12,3,0.24703006907183642
12,4,0.22294131962269023
13,1,0.4284797247607257
13,2,-1.5885107625376966
13,3,0.3296085500540277
13,4,0.09187568177466902
14,1,-1.7432172951556328
14,2,0.15480634316398478
14,3,0.22334983464220717
14,4,-0.20350815660094002
15,1,0.5352541156607958
15,2,-1.4659815722581933
15,3,0.2781257444753528
15,4,0.31776493696194624
16,1,0.29464748933171075
16,2,-1.5649695268960349
16,3,0.4608836615679236
16,4,0.4094604632890646
17,1,0.4178620410902768
17,2,3.169424950135277
17,3,1.3953340146206035
17,4,0.07940183536855365
18,1,2.3340559467550177
18,2,0.4874844889977781
18,3,-0.6247721464177177
18,4,0.26920767571620546
19,1,2.321483581186093
19,2,0.4419695102336131
19,3,-0.5688733245631815
19,4,0.35518526392236127
20,1,-1.6381215276768784
20,2,0.2789687806674801
20,3,-0.3524260679893597
20,4,-0.1751253664732174
21,1,-1.8019321096240923
21,2,0.48094272318373
21,3,-0.37208018590999387
21,4,-0.4828592247893073
22,1,0.11623040319272841
22,2,-1.7106792971559739
22,3,0.47105757195143316
22,4,0.32887418893127146
23,1,-1.457706805899929
23,2,0.0829608209860404
23,3,-0.04976145293809778
23,4,0.25491645337432794
24,1,0.5792471997572943
24,2,-1.2937833650717088
24,3,0.20885561934672928
24,4,0.3583371828126957
25,1,-1.459757297195042
25,2,-0.2850304244640433
25,3,0.03417009734395967
25,4,0.1951110696521347
26,1,-1.5778224333835993
26,2,0.28284186692268654
26,3,-0.5378515435702064
26,4,-0.1883097488128919
27,1,2.412302101561549
27,2,0.21857036745135977
27,3,-0.329762134069554
27,4,-0.5798185565213203
28,1,-1.730088914860981
28,2,0.002768365166812065
28,3,0.22663169067059666
28,4,-0.023486067507128457
29,1,1.8654448911988224
29,2,0.8594882025839121
29,3,-0.48015786148064654
29,4,0.7783691864121703
30,1,2.484511679071515
30,2,0.0845278728280528
30,3,-0.2110679005387284
30,4,-0.804593833201909
31,1,2.271474055602071
31,2,-0.009146585779526645
31,3,-0.30791868088160995
31,4,-0.6234232167431073
32,1,1.7899813460969385
32,2,0.9429034131474955
32,3,-0.9597295128319673
32,4,0.8384953031239262
33,1,0.5734927132313224
33,2,-1.8256227190404108
33,3,0.591222800799337
33,4,-0.05996933585005269
34,1,0.3841007532657511
34,2,3.226915328255096
34,3,1.4213256954289892
34,4,0.1438937069821085
35,1,-1.7759319759128442
35,2,0.4017695066120712
35,3,-0.25839321792878656
35,4,-0.30303045263243716
36,1,2.116252401703547
36,2,0.19169099494452313
36,3,0.2585624310621131
36,4,0.41735031418832
37,1,2.307264443799406
37,2,0.13355349835448413
37,3,-0.3765231202088572
37,4,-0.6520055847740918
38,1,0.3499318407299637
38,2,-1.643756169230684
38,3,0.660328804009573
38,4,-0.39988653552855485
39,1,-0.271261278923328
39,2,-1.0642152325778453
39,3,0.08034005532011038
39,4,0.6698652278867899
40,1,-1.7515734676423333
40,2,0.4336221236246256
40,3,-0.48788092467893013
40,4,-0.4413335383644229
41,1,1.924764654126845
41,2,0.7104792252461438
41,3,-0.3372731531897229
41,4,1.0443512953133318
42,1,-0.9163476074664217
42,2,0.14217684998742344
42,3,-1.007661427532334
42,4,0.030180747450362044
43,1,0.6270198327206957
43,2,2.602708293604724
43,3,-0.4231738791899732
43,4,0.41506091527223554
44,1,-0.8251274571847779
44,2,0.2855160883806743
44,3,-0.9085484329672894
44,4,0.42195936960353714
45,1,2.412142737435715
45,2,0.09556250276492993
45,3,-0.3648291735737321
45,4,-0.6245655027726964
46,1,2.158400912120645
46,2,-0.3107288471824234
46,3,0.22272241501681303
46,4,-0.3029405551009756
47,1,2.4516619861844378
47,2,-0.10991577811811018
47,3,0.23484727413126338
47,4,-0.422020436333415
48,1,1.349914371122632
48,2,-0.9285970073509252
48,3,0.5989076444695046
48,4,-0.7930963989615927
49,1,1.228159564934033
49,2,-1.0013443296277518
49,3,0.5145836459416682
49,4,-0.12823269328437387
50,1,1.4278222946991603
50,2,-0.9398773803109274
50,3,0.5237235562147551
50,4,-0.5024244963238153
51,1,-1.782801285177743
51,2,-0.07514919791869654
51,3,0.15844856533556534
51,4,-0.052593161589922735
52,1,-0.8715809234564101
52,2,-0.7304627371942126
52,3,-0.11960422563031466
52,4,1.279942532584818
53,1,-1.9426209620387973
53,2,0.27088379167603716
53,3,-0.3628050760296921
53,4,-0.3904599719223574
54,1,-1.598288581693792
54,2,-0.01682874455809382
54,3,0.046314811607097266
54,4,0.39025940514582586
55,1,-1.6963437392084446
55,2,0.10254750709530487
55,3,0.36254660555582113
55,4,-0.4116236732055271
56,1,0.2650354878571295
56,2,-1.4006371453408655
56,3,0.34705109558679303
56,4,0.3819403569153101
57,1,-1.5717544454789
57,2,0.3834919382672123
57,3,-0.3350869626129869
57,4,-0.4722880115451292
58,1,-1.7363102266332853
58,2,0.3141702005305446
58,3,-0.3614431849562298
58,4,-0.2350159084497979
59,1,1.6558774769400206
59,2,0.733987695881023
59,3,-0.8865849935431915
59,4,0.8464829124925844
60,1,0.5652616914337931
60,2,2.226797115300342
60,3,-0.1823240824580387
60,4,0.2594378074450424
61,1,-0.3040674924874603
61,2,-0.8983840050804285
61,3,-0.18913406079785786
61,4,0.9674886231305887
62,1,-1.5579163827893758
62,2,-0.14197574629004175
62,3,0.13004697742521107
62,4,0.29801863149279095
63,1,-1.836083950003346
63,2,0.07790984594271029
63,3,0.03243755358702654
63,4,0.11557646084195441
64,1,-1.5351794164552302
64,2,-0.07753981221135024
64,3,0.12745081422905932
64,4,0.11443794192215244
65,1,-1.4032461112452426
65,2,-0.07698904439602676
65,3,-0.05831525465885997
65,4,0.17940409536558874
66,1,-1.6657331540981852
66,2,-0.0843779811767701
66,3,0.10529913660879851
66,4,0.0014430395586801272
67,1,-1.4169536153561855
67,2,0.3533607710540001
67,3,-0.44325664191194997
67,4,0.045766885816131586
68,1,-1.830872392329132
68,2,0.1763461348981116
68,3,-0.05893394953981506
68,4,-0.14383924711798488
69,1,0.3830708790407803
69,2,-1.6615803192105365
69,3,0.5943950059807134
69,4,-0.20773662539432478
70,1,2.1913582790993003
70,2,0.30923972946882045
70,3,0.17218107776617747
70,4,0.42523484439574183
71,1,2.267233471027502
71,2,-0.1349485637011349
71,3,-0.02345173552170307
71,4,-0.5284941362678118
72,1,-0.1122868252185848
72,2,-1.3586478181430695
72,3,0.0895705800996868
72,4,1.0092625275834852
73,1,-0.1671258254618917
73,2,-1.115197888989945
73,3,0.18245504016745037
73,4,0.9368965638783974
74,1,-0.4555720746731967
74,2,-1.2218490631940202
74,3,-0.10925680324594754
74,4,0.8848205602866835
75,1,-1.8733453344944115
75,2,0.21356408266188318
75,3,-0.17907781179013477
75,4,-0.47154853253615336
76,1,-1.7129463817715131
76,2,0.44651754271522465
76,3,-0.3812752257532119
76,4,-0.3220029314359615
77,1,0.3354984463049369
77,2,-1.757366087618279
77,3,0.44552603145044756
77,4,-0.4950383299081172
78,1,2.220057136635115
78,2,0.18627309422877822
78,3,-0.12530173333188696
78,4,0.8642168982692132
79,1,-0.7036373176945191
79,2,-0.5642701917299665
79,3,-0.13760189807938847
79,4,1.345405615125732
80,1,2.139448516865491
80,2,0.20542121760463714
80,3,-0.5426771960484456
80,4,-0.41187988661998903
81,1,2.5125578649102147
81,2,0.1584483010805104
81,3,-0.2193539115784122
81,4,-0.5998118679975495
82,1,2.403580725902735
82,2,0.14563542984359884
82,3,-0.25488325033265025
82,4,-0.5575917374622397
83,1,0.1921537536793406
83,2,3.312467200833199
83,3,1.3855785654961668
83,4,0.19040487126964492
84,1,2.370514058508001
84,2,0.1017181526302073
84,3,-0.41083735279291866
84,4,-0.8938845509955103
85,1,-1.7483212885361044
85,2,0.38712487635387904
85,3,-0.19685844973983233
85,4,-0.6465462634937451
86,1,0.3696520133856386
86,2,-1.8663034945135468
86,3,0.7215283299243644
86,4,-0.4599476547383312
87,1,-1.6940449999615235
87,2,0.37929281008512755
87,3,-0.2701596664352857
87,4,-0.5547039489921445
88,1,2.331003456127753
88,2,-0.04442927161454113
88,3,-0.366173222347604
88,4,-0.8879386601995809
89,1,-1.6724707388248259
89,2,0.5801649809655239
89,3,-0.4282325391413696
89,4,-0.4139475569201269
90,1,0.22700434903927566
90,2,-1.625372269531571
90,3,0.3357859080205806
90,4,0.45740157036779855
91,1,0.07135430017611948
91,2,-1.7253410561559726
91,3,0.2739772279626194
91,4,-0.2957381207236573
92,1,-1.8347413436082294
92,2,0.4043963457947961
92,3,-0.2716942697256009
92,4,-0.2610828323657282
93,1,-1.8246028022555205
93,2,0.15651701281230118
93,3,-0.41028105036905693
93,4,-0.3522728570651689
94,1,2.32115836036153
94,2,0.5463131707229206
94,3,-0.4759147648678158
94,4,0.33632099805946764
95,1,2.408819336429317
95,2,0.36231361381135063
95,3,-0.29720933874342004
95,4,-0.6008639533110467
96,1,-1.711515937936528
96,2,0.18474525920171808
96,3,0.19434630633467168
96,4,-0.22427622147505086
97,1,1.3413769831485498
97,2,1.5122806164920488
97,3,-0.9902550880455876
97,4,1.2055828050933253
98,1,0.5507606877860308
98,2,-1.3752177056394765
98,3,0.37219406367085744
98,4,0.5059387477472234
99,1,-1.5425276927080438
99,2,0.43009037637823494
99,3,-0.39960408241992723
99,4,-0.26456704033419226
100,1,0.4925180023765078
100,2,3.3296268786481016
100,3,1.6687830396258962
100,4,0.07515644969721766
101,1,0.582002992170073
101,2,3.5049264850166315
101,3,1.3646656988270207
101,4,0.26588018448048517
