Individual,PC,score
1,1,-0.6307627905436604
1,2,0.36998336477359584
2,1,2.7726821891799593
2,2,0.43603440143315914
3,1,2.8525366985225413
3,2,0.5982546980652236
4,1,3.063094921818986
4,2,0.518970423554576
5,1,-0.6986092709492715
5,2,0.013275732243327405
6,1,2.8946092528230114
6,2,0.551894675902531
7,1,-0.6366894152594824
7,2,0.3111976806513649
8,1,-0.7554085171441888
8,2,0.0626189624151158
9,1,-0.48783763581129574
9,2,-0.6993770679093565
10,1,0.803262682361871
10,2,-1.841827370909295
11,1,-0.5908588263401398
11,2,-0.40965729105111803
12,1,-0.6476836359273094
12,2,-0.783737395493679
13,1,-0.4916642358105123
13,2,0.3781050356520313
14,1,-0.4340223273547436
14,2,0.39122306748283686
15,1,-0.44911709550164586
15,2,0.2830824060317733
16,1,-0.793858545014647
16,2,0.41955515134697163
17,1,-0.7610475526715219
17,2,0.33110625374511243
18,1,-0.7662033948836413
18,2,0.322848456831076
19,1,-0.6469741378864389
19,2,0.046075098294012504
20,1,-0.4839650615633559
20,2,0.15608006758657944
21,1,3.020757084395807
21,2,0.8166153698178316
22,1,-0.6746908036592346
22,2,-0.6366006186692985
23,1,-0.7027492146216983
23,2,0.06596803529701221
24,1,-0.505857406141593
24,2,0.36104684645790697
25,1,-0.4025462835919342
25,2,-0.8647921367582364
26,1,-0.5608269130545879
26,2,0.05448035527402437
27,1,-0.5553707708357548
27,2,0.4875585658677291
28,1,-0.6716815030562016
28,2,0.4315749628383057
29,1,-0.49655754225779075
29,2,0.29614180979504034
30,1,2.9874820226312453
30,2,0.5139875901429317
31,1,-0.699365968736292
31,2,0.4018303151244123
32,1,-0.6935434156534693
32,2,0.30185153591219327
33,1,-0.6535684567462037
33,2,0.29499458131380013
34,1,-0.3942502128115731
34,2,0.14804853664232856
35,1,-0.5973476055250311
35,2,0.3969404330256623
36,1,1.003228848623243
36,2,-1.8242902288952654
37,1,-0.5772819279386684
37,2,0.30633289443207923
38,1,-0.6703110131062003
38,2,0.45616529860806015
39,1,-0.6407586887626455
39,2,0.3288962297291035
40,1,-0.3906107435567932
40,2,0.378814873711225
41,1,-0.45793140959935846
41,2,0.3228425830381918
42,1,-0.658227379071148
42,2,0.6005221920124892
43,1,-0.6448595624034192
43,2,0.4957420371355204
44,1,-0.44409087680725007
44,2,0.26161454596052297
45,1,-0.7403713128319623
45,2,0.5032105468311255
46,1,-0.6132213945865286
46,2,0.22675287780886674
47,1,2.7811249646671987
47,2,0.5750005778947674
48,1,-0.5567871935381448
48,2,0.008152664762844021
49,1,-0.5541500290613268
49,2,0.0809211320650917
50,1,-0.7451827366618167
50,2,0.26331277639837736
51,1,-0.6790118734919744
51,2,0.1391953495113962
52,1,-0.19971171062838008
52,2,0.2549239489705594
53,1,2.8646346306013837
53,2,0.7285907434079607
54,1,-0.6407787165358613
54,2,0.2789850796779843
55,1,-0.6299553169672016
55,2,0.3555791551934478
56,1,-0.6992527483480552
56,2,-0.9205622442253003
57,1,-0.8243229371916594
57,2,0.430940344063291
58,1,-0.6050872074111298
58,2,0.25684257446696396
59,1,-0.6821126630826116
59,2,0.5106521395909345
60,1,2.7513781140728355
60,2,0.6191990265821098
61,1,3.028699840406108
61,2,0.47795058051915057
62,1,-0.6530585097928738
62,2,-0.8414209288653904
63,1,-0.6392718700625911
63,2,0.27873861792366084
64,1,-0.6119781984511512
64,2,0.2764016666827633
65,1,-0.5549286590711233
65,2,-0.7290995757522458
66,1,-0.8029885596127797
66,2,-0.848829502805788
67,1,-0.7593575266530094
67,2,0.2338988078218303
68,1,-0.5549599464851017
68,2,-0.6222915912439971
69,1,-0.657051196817524
69,2,0.1508058432913948
70,1,0.9350413518723253
70,2,-1.7978047277936517
71,1,-0.6078032472999241
71,2,0.4616984621851197
72,1,0.8389081374977928
72,2,-1.7137810611877862
73,1,0.9239954026429905
73,2,-1.651123233259158
74,1,0.9825319306377914
74,2,-1.6826685283251832
75,1,-0.4361481862943532
75,2,0.37236331751901486
76,1,-0.5128100849556215
76,2,-0.9581975341411518
77,1,0.9466469944747041
77,2,-1.8493494985232897
78,1,-0.5046547686320472
78,2,0.22315939823294684
79,1,-0.5210385426267033
79,2,-0.5384415919254263
80,1,-0.8115373776877252
80,2,0.26349299517330027
81,1,-0.4098084125431527
81,2,0.4554720183398418
82,1,-0.6212305467961334
82,2,0.22633343451606183
83,1,-0.6238620364642011
83,2,0.4380657765950587
84,1,0.9549766056587636
84,2,-1.7477987568417932
85,1,2.9464500686781268
85,2,0.3926941406506853
86,1,3.0448895200871116
86,2,0.7558578717898309
87,1,-0.518267436409271
87,2,0.337666512676225
88,1,2.821019538123728
88,2,0.5466661782985114
89,1,-0.6225835157263718
89,2,0.2291869903255264
90,1,-0.5917938761833998
90,2,0.24631591684273232
91,1,-0.6237380076814838
91,2,0.34652450288201314
92,1,-0.6170224528849251
92,2,0.15688371957130398
93,1,-0.6388694517409577
93,2,0.16852914186127269
94,1,-0.79730359569561
94,2,-0.6410075116973597
95,1,0.8863985899982993
95,2,-1.6610696312689173
96,1,-0.7205550531649354
96,2,0.3021117154596781
97,1,-0.46508380711462005
97,2,0.5132253537583246
98,1,0.8958752904343363
98,2,-1.7052932837006411
99,1,-0.5837924457028246
99,2,0.30547518217575187
100,1,-0.47268814284406924
100,2,0.20582127991070437
101,1,-0.5289632438803179
101,2,0.45914788086924135
