Individual,PC,score
1,1,-2.7101020920704895
1,2,-0.09720081486562478
2,1,0.8875954585164312
2,2,-0.05709912725298582
3,1,-0.3610679884688767
3,2,0.08640101412023489
4,1,0.8937941959093341
4,2,-0.09475566027384616
5,1,-2.7351842276285314
5,2,-0.15222881656256768
6,1,-2.7552615517617554
6,2,-0.06681600484686617
7,1,-2.9325286774745716
7,2,0.02219684679575845
8,1,1.0586552977137647
8,2,-0.21747527772526798
9,1,0.86310463828776
9,2,2.09990038148205
10,1,0.802755990970543
10,2,2.37632246163966
11,1,0.4449593375925075
11,2,-0.15814336196891352
12,1,-2.9970374825855357
12,2,0.11257031256449936
13,1,0.9317618339226214
13,2,-0.17243502549565906
14,1,0.6498584779378395
14,2,-0.46668710289494925
15,1,0.5543472393465922
15,2,-0.00860469445083679
16,1,0.785435362800056
16,2,-0.4227236956830199
17,1,-2.9336917801960043
17,2,-0.10446073123911064
18,1,-2.5890731950679986
18,2,-0.22406890888347225
19,1,-2.8067733055087953
19,2,-0.050676746184308494
20,1,0.7807443027326466
20,2,-0.1629477314189243
21,1,0.8811126240210043
21,2,-0.3652722503695777
22,1,0.8020608737088895
22,2,-0.37534772297028207
23,1,-2.8054012422797214
23,2,-0.17368578125338752
24,1,0.895299464051403
24,2,-0.0778397774733688
25,1,0.6962197488703489
25,2,-0.10098705628596372
26,1,0.7578984302837684
26,2,0.0446318329455494
27,1,-2.791547762683151
27,2,-0.154543120969783
28,1,0.7430231220757713
28,2,-0.3116879040494257
29,1,0.7947019064334179
29,2,-0.23344835367784253
30,1,0.9859889755511422
30,2,-0.17069382889719112
31,1,0.6533388456909646
31,2,-0.08163083510125668
32,1,0.6916790729853676
32,2,-0.23113479895683967
33,1,0.816242604039159
33,2,-0.2684473328859955
34,1,0.583636918467421
34,2,-0.17212512636805963
35,1,-2.7464845274708964
35,2,0.005964106065803073
36,1,0.5835843553866771
36,2,-0.025379450696628163
37,1,0.7131582433996405
37,2,-0.040323277769518544
38,1,1.053185877345927
38,2,-0.14054339832105806
39,1,0.7708484633481525
39,2,-0.2197074709123852
40,1,0.6518296919925545
40,2,0.018403101650042945
41,1,0.6952433870948765
41,2,-0.26095927076810216
42,1,0.6562013645168769
42,2,-0.0599283299255248
43,1,0.8292544981940176
43,2,-0.015692658165924075
44,1,-2.817177827839808
44,2,-0.026537459969610055
45,1,0.9802564788169815
45,2,-0.23372003284485104
46,1,0.9112143712840128
46,2,-0.279137898031382
47,1,0.7595130464911753
47,2,0.0232964462023328
48,1,0.8923442481810583
48,2,-0.20484661852874944
49,1,0.6858517620695339
49,2,0.04244495543839869
50,1,0.6854984049379761
50,2,-0.2589857700330634
51,1,-2.703717622116821
51,2,-0.009169743406856508
52,1,0.6514189342738519
52,2,-0.08055113692761977
53,1,0.6620789161468704
53,2,-0.014633724708084784
54,1,0.5006667867973122
54,2,0.055071906779035576
55,1,0.6971778433735482
55,2,1.9182738354049822
56,1,0.7528249981268684
56,2,-0.3049177827835984
57,1,-0.2758799611655635
57,2,2.528815581261215
58,1,0.4553547313286846
58,2,0.025325848884679432
59,1,0.6954249653043256
59,2,-0.005638185195894667
60,1,-2.8000731235217486
60,2,-0.13243506911142403
61,1,-0.10687360769450523
61,2,2.6379123657892922
62,1,0.9159104126162356
62,2,-0.05277653163752539
63,1,-2.8359208538039034
63,2,-0.2625984559615918
64,1,0.6813308794726718
64,2,-0.07395794548569579
65,1,0.7705747135050599
65,2,-0.03919771373768003
66,1,0.7524628674929336
66,2,-0.07537347650740649
67,1,-2.6913633575993803
67,2,-0.03157122530656965
68,1,-2.6545219438951024
68,2,-0.06282552204024447
69,1,0.6877870796900192
69,2,-0.3784728269514421
70,1,0.772973040661325
70,2,-0.1887787086299106
71,1,0.9128599157556246
71,2,-0.009693284925048737
72,1,0.7791278203017288
72,2,-0.2794376121240688
73,1,0.6747280682898488
73,2,-0.26276975211872566
74,1,0.8267335069104783
74,2,-0.18788080408016986
75,1,0.7482430917903299
75,2,0.12884304197257979
76,1,0.7488017174713011
76,2,-0.1688862550144836
77,1,0.7821906281260038
77,2,-0.26446378376966884
78,1,0.9264019414280851
78,2,-0.09025689418412097
79,1,0.720495023513548
79,2,0.05130718388654817
80,1,0.7171642292122883
80,2,-0.10379583965792925
81,1,0.4838840555859644
81,2,-0.1514326219318701
82,1,0.652765912609082
82,2,-0.039824859541794995
83,1,0.6634642263715602
83,2,0.14004245565131823
84,1,0.8302515118782189
84,2,-0.20800206399860466
85,1,0.84294281790658
85,2,-0.00796892961671394
86,1,0.711894357710064
86,2,-0.1677860263944514
87,1,-2.718599243181567
87,2,0.004526498675082145
88,1,0.8247402635347144
88,2,-0.0516892737656207
89,1,0.9110775509476557
89,2,-0.02876376976634639
90,1,-2.727010202032066
90,2,-0.023839711795673443
91,1,0.8181409189344058
91,2,-0.08043619223144052
92,1,-2.6359398402972407
92,2,-0.04451623236396489
93,1,0.5907231664206477
93,2,0.11807372139224691
94,1,0.8471229210124406
94,2,-0.01965386770401948
95,1,0.8503908797057012
95,2,-0.2288234385039575
96,1,0.7916086381385454
96,2,-0.3173232161134451
97,1,0.9568344423743999
97,2,-0.16722828549638272
98,1,-2.996243114425994
98,2,-0.021516036811146777
99,1,0.9515272224879424
99,2,-0.4299805360142837
100,1,0.9124803182090362
100,2,-0.2779219837120355
101,1,0.8326943003859243
101,2,-0.15460535360166702
