Individual,PC,score
1,1,-0.7459372276306183
1,2,3.665380359277124
2,1,2.364498049089101
2,2,0.019485638364994156
3,1,-1.0978376339674272
3,2,3.738991507558073
4,1,2.0482233954314677
4,2,0.33931098957880446
5,1,-1.9569122452233458
5,2,-0.7365370474867785
6,1,1.646821621045981
6,2,0.651818494310339
7,1,-1.8250028140154053
7,2,-0.8703321980776878
8,1,-0.12908718636036212
8,2,-1.6048906257945996
9,1,-2.1019879912480826
9,2,-0.5960359881181283
10,1,0.7515837665214273
10,2,-1.769514766977627
11,1,0.23230513586088097
11,2,-1.3469349284613703
12,1,-1.8679629497396972
12,2,-0.5027314334797065
13,1,2.166486344286159
13,2,0.26917683335848724
14,1,2.317679258447676
14,2,-0.1033041692343702
15,1,-1.9106201649620622
15,2,-0.7216995762627395
16,1,2.3091572925316437
16,2,0.025469394955123344
17,1,-0.869023399375665
17,2,3.5392693545754956
18,1,2.1480319739875906
18,2,0.20298034658726496
19,1,2.1623477148219328
19,2,0.18417196606191666
20,1,2.1044957951577072
20,2,0.1938569923886214
21,1,2.3245741439818177
21,2,0.1686912377394083
22,1,2.0690873161480736
22,2,0.16198203112375614
23,1,-1.9450593855318719
23,2,-0.8280265893135806
24,1,0.18881139349349949
24,2,-1.3525364740744634
25,1,0.580101133825774
25,2,-1.587195891328273
26,1,-0.7825061443585304
26,2,3.667107182443158
27,1,1.6132911631142177
27,2,0.5515129728874022
28,1,2.3000508671259263
28,2,0.10408840389300207
29,1,2.060900508884924
29,2,0.11548970415803625
30,1,1.5011569086840295
30,2,0.41708005069549803
31,1,2.4700208524292813
31,2,0.07455272422936549
32,1,1.6275926238394223
32,2,0.349532364097579
33,1,-1.9305392616601393
33,2,-0.7544909394695991
34,1,-2.0822592449666635
34,2,-0.6524751560721683
35,1,-2.1779038740603234
35,2,-0.7441147700716966
36,1,-1.94966258894153
36,2,-0.5252396687851448
37,1,0.6755139235290155
37,2,-1.5642705111813724
38,1,0.6716404264437431
38,2,-1.7678456766873618
39,1,2.3027890593476186
39,2,0.12136397050633112
40,1,-1.9863196294617933
40,2,-0.515378645062523
41,1,2.4073643072319113
41,2,0.1141447838203584
42,1,-1.9173311921114236
42,2,-0.6974281987801769
43,1,-1.8237721667385116
43,2,-0.6613146800857456
44,1,-1.6741441472886645
44,2,-0.6803930284351039
45,1,2.423057577881932
45,2,0.1313142932953173
46,1,-1.9681006944475412
46,2,-0.6919712272028286
47,1,-0.7324045305408854
47,2,3.2872752074378093
48,1,-0.8535793008476208
48,2,3.392924819137464
49,1,-0.8642422625377513
49,2,3.6870086352025546
50,1,-0.8917016431198717
50,2,3.572341704290149
51,1,-0.7604161367288949
51,2,3.9371771154409503
52,1,2.2945644766282
52,2,0.22963890934559741
53,1,-1.942591679488265
53,2,-0.6287920196645734
54,1,-1.7603857583235782
54,2,-0.7595119302212276
55,1,-2.12894492872355
55,2,-0.5688762418795772
56,1,2.283836662017084
56,2,0.21394935286787015
57,1,-1.76630852289744
57,2,-0.5727226532146905
58,1,-0.8212129926896783
58,2,3.491851933058305
59,1,-1.0001139440588855
59,2,3.7497901926756336
60,1,-2.0552047648993734
60,2,-0.5990051609997388
61,1,-1.9878874503750623
61,2,-0.5968967199934391
62,1,0.46965307288555064
62,2,-1.6897888566363404
63,1,0.59352788214186325
63,2,-1.5402362576594029
64,1,2.235693480190775
64,2,0.18775373171937967
65,1,2.1665288413561656
65,2,0.06686779294984345
66,1,2.1648255678125716
66,2,0.18901153700984963
67,1,2.187973125872333
67,2,0.222686822105212
68,1,-0.940832148016718
68,2,3.882404637908791
69,1,-2.08304999005342
69,2,-0.5712794204691696
70,1,2.252432086167119
70,2,0.08570879040137165
71,1,2.311475787291861
71,2,0.10134763062419859
72,1,0.7600944035076912
72,2,-1.6089874880095372
73,1,0.6768226986238018
73,2,-1.5053485028570284
74,1,0.5833715893352408
74,2,-1.7680684865206933
75,1,-1.940328979861236
75,2,-0.6600606444926453
76,1,-2.009246560969392
76,2,-0.6205838550562952
77,1,-1.9438739724938283
77,2,-0.6566133957228537
78,1,1.537941943837766
78,2,0.4988081348257209
79,1,-0.020568298823925767
79,2,-1.3717270888567272
80,1,-1.9239671077959295
80,2,-0.6639350632159906
81,1,-1.8108538548667834
81,2,-0.5997917901039109
82,1,-2.206308764703439
82,2,-0.5864535579441716
83,1,-2.0420938121535013
83,2,-0.6325469041490926
84,1,-1.8636024559260416
84,2,-0.6849694991009774
85,1,0.4956430534608287
85,2,-1.5318052670380173
86,1,2.1116047345920217
86,2,0.3725796115693635
87,1,0.7479422101008183
87,2,-1.6681485668218923
88,1,-2.0655436761763437
88,2,-0.41835921476092963
89,1,-1.9050616789922454
89,2,-0.8128536066806014
90,1,-2.020066788287661
90,2,-0.5464470695577519
91,1,-1.9400046091268852
91,2,-0.5472311360133976
92,1,-1.8043614577927698
92,2,-0.4797974836548136
93,1,-1.029836452055003
93,2,3.647314265057976
94,1,2.1392500355222706
94,2,-0.030600578427030827
95,1,0.6768280147033215
95,2,-1.6560767581883629
96,1,2.1093853541620806
96,2,0.12686320201192608
97,1,0.16462405814944248
97,2,-1.492300779715056
98,1,0.46271658269242383
98,2,-1.4485412793068884
99,1,0.07679518873410417
99,2,-1.455380483886043
100,1,2.295269042318025
100,2,0.15495681541755452
101,1,0.5901820201695136
101,2,-1.656632485701072
