Individual,PC,score
1,1,2.741736621366589
1,2,-0.016350121761418524
1,3,-0.1609072830490912
1,4,0.22063979748894255
2,1,0.8136934537584637
2,2,-0.7706107117443536
2,3,0.7936938034301202
2,4,-1.7410260888060158
3,1,2.477021978025316
3,2,0.248984143681192
3,3,0.03799084181260601
3,4,0.2157506152616145
4,1,0.7433877058594969
4,2,-0.5146074060635626
4,3,0.9465544286953633
4,4,-1.5998175584309742
5,1,-1.6893011438255132
5,2,-1.4080404513018845
5,3,-1.0388339267865843
5,4,-0.12221232317307128
6,1,0.4504283402590677
6,2,0.7351042658906329
6,3,-0.44866265619138584
6,4,-1.2380193911159851
7,1,-1.5568802968548987
7,2,-0.16578499525270057
7,3,1.1823148103239232
7,4,0.42433524627994385
8,1,-1.321565401385659
8,2,-1.1327746597719832
8,3,-0.8341277884732708
8,4,0.4963057609533152
9,1,2.9576458298408714
9,2,-0.10134993370819158
9,3,-0.05631112053541684
9,4,0.3023274979956367
10,1,-1.5714251263961703
10,2,-1.1100705955716694
10,3,-0.9847375080759283
10,4,0.2172982105632178
11,1,-1.550205929450123
11,2,-1.2351825104145109
11,3,-0.8793773556691626
11,4,0.23776614126658224
12,1,-2.415021544800699
12,2,-0.493551164859322
12,3,0.6956003958908568
12,4,0.9722919132172334
13,1,-1.5576134079515949
13,2,1.7710338654830415
13,3,-0.09462476588628471
13,4,-0.6198955391302109
14,1,-1.32096364843587
14,2,2.0943265681264642
14,3,-0.086919894593079
14,4,-0.6125918672149582
15,1,2.8288969312520442
15,2,0.033583599494720846
15,3,-0.20003434027891417
15,4,0.3517075215694991
16,1,-1.5743032503233503
16,2,2.0765834762488864
16,3,-0.16670236730072732
16,4,-0.6069903288201092
17,1,3.0955688872164644
17,2,0.12642571925379945
17,3,-0.0035447225990371087
17,4,0.5506761010059442
18,1,2.9086089390031185
18,2,0.044894711414515835
18,3,0.03431950629374887
18,4,0.578315264718996
19,1,2.878017287406352
19,2,0.2159986840357967
19,3,-0.24492593728760217
19,4,0.4547004574634608
20,1,-1.2554081753438204
20,2,2.047885674375985
20,3,-0.14633073237676772
20,4,-0.5570984132009191
21,1,0.13442441608597627
21,2,-0.7037588629329552
21,3,-0.6410398243083845
21,4,0.21444273315540474
22,1,-2.130118486354745
22,2,0.7436417877503904
22,3,-0.7048401744139311
22,4,0.33586239836486265
23,1,-1.8115141274794218
23,2,-1.4189221771567555
23,3,-0.9973327887382296
23,4,0.04896858017739221
24,1,-1.6398871274565818
24,2,-1.4440013969097976
24,3,-0.6757145211057197
24,4,-0.2527416635759986
25,1,-2.131690588339927
25,2,0.8227112796699994
25,3,-0.7724389354818458
25,4,0.1993657695120755
26,1,2.636600270113422
26,2,0.1785994849341384
26,3,0.07117535459294767
26,4,-0.01341276935635781
27,1,2.2960102634982023
27,2,0.22056069889443633
27,3,-0.1299257090455229
27,4,0.22363715332669515
28,1,-1.393057779080173
28,2,2.1502692755331734
28,3,-0.37591616544941436
28,4,-0.3705128757058315
29,1,-1.0366745434802715
29,2,2.145361388328814
29,3,-0.21398516793655423
29,4,-0.18088986008110733
30,1,-1.645751835434976
30,2,-1.1618941991251033
30,3,-0.8427696505616606
30,4,0.2120077528609527
31,1,2.9804526980518125
31,2,-0.06249988161375321
31,3,-0.03669460854025821
31,4,0.3591918930246203
32,1,-2.0602954604365062
32,2,1.036223867390179
32,3,-0.5648804193877996
32,4,0.1813821833296492
33,1,2.9593774333040628
33,2,0.06585175396140833
33,3,0.1469625592881733
33,4,0.6167047842519638
34,1,2.946142708079529
34,2,0.0952971850718147
34,3,0.13471105473733355
34,4,0.4625656865755193
35,1,2.7023701827698483
35,2,0.06896420637123137
35,3,-0.09994974633004179
35,4,0.13224500574730758
36,1,-1.4754577322800884
36,2,-0.8747364076680478
36,3,0.6091078362419334
36,4,-0.6600870810807266
37,1,3.0506502553656474
37,2,0.14518128833322325
37,3,-0.015947258497156398
37,4,0.34439924691826346
38,1,-2.33463855903622
38,2,0.7836569990765776
38,3,-0.5602710401140237
38,4,0.27830534257882233
39,1,-1.3201737643600717
39,2,2.071852836620345
39,3,-0.13417645102635775
39,4,-0.2802060352107645
40,1,2.98978641823126
40,2,0.031557489103713185
40,3,-0.14503794532621206
40,4,0.3978641231064304
41,1,-1.6450815316187075
41,2,2.014657118128052
41,3,-0.4454166096752871
41,4,-0.43105156031679986
42,1,-1.3712192321235863
42,2,-1.1015119225201806
42,3,-0.9331311540477876
42,4,0.06471544626937577
43,1,-1.7921091335988448
43,2,-0.11220121276618997
43,3,1.6133895708967432
43,4,1.185105676852367
44,1,-2.0892178573983817
44,2,-0.7794143941767344
44,3,0.5327300594050846
44,4,0.5329734392304666
45,1,2.971781095379772
45,2,-0.07662429690034323
45,3,-0.18618031042197716
45,4,0.3074396843203382
46,1,0.9114435580795207
46,2,0.8948407376592432
46,3,-0.622556054084725
46,4,-1.2643204900893397
47,1,2.9966443054172265
47,2,0.12528654942174874
47,3,0.039550793800831485
47,4,0.31891841748277217
48,1,3.0308506079796063
48,2,0.07088770086737808
48,3,-0.2007264205445507
48,4,0.46193724372691547
49,1,2.9638853245993535
49,2,0.12925724823027995
49,3,-0.131595359448815
49,4,0.395728633511184
50,1,3.070453096935507
50,2,0.03553926061573385
50,3,-0.08163651361182743
50,4,0.36288284356090744
51,1,-1.6349190622728615
51,2,-0.9399654545131217
51,3,-0.9302330758984568
51,4,-0.11884658810045053
52,1,-1.5770105078388659
52,2,1.8411867613750883
52,3,-0.3380654186112267
52,4,-0.1825462743862358
53,1,-1.7954890807674209
53,2,0.32208084742627335
53,3,1.5476126846359588
53,4,0.9657790916764197
54,1,0.7035467887295316
54,2,-0.9336212136581968
54,3,0.862897117451018
54,4,-1.8752069006800947
55,1,-1.0329873520985466
55,2,2.2596109789474155
55,3,-0.648669843838898
55,4,-0.07108800272898341
56,1,-0.9718527801176308
56,2,2.2770072356848394
56,3,-0.48791038943601955
56,4,-0.0420216609135165
57,1,0.8467270965599977
57,2,-0.9994348447385678
57,3,0.854053340569683
57,4,-1.7225982865835565
58,1,-2.1015403789711335
58,2,-0.7284035353797667
58,3,0.6924111808887579
58,4,1.0309662347990902
59,1,-1.394224696464126
59,2,-1.1125779789757266
59,3,-0.7506822433431872
59,4,0.009706864896738769
60,1,2.7618556345475453
60,2,0.11372152069071648
60,3,0.0182551046646463
60,4,0.1439412824067985
61,1,-1.4142399654217679
61,2,-1.223435984563367
61,3,-0.7970852089930779
61,4,0.05304368664227339
62,1,-1.6528510607894595
62,2,-1.1361631311895664
62,3,-0.5025126597276087
62,4,-0.12691657945725343
63,1,0.887192432636015
63,2,-0.7891838909519798
63,3,1.2670150232846635
63,4,-2.0410883904940196
64,1,0.6545688539323863
64,2,-1.0930102679546523
64,3,1.0379769310244344
64,4,-2.119007066051633
65,1,-1.7817828079761866
65,2,-1.534347281690847
65,3,-0.3057955944246121
65,4,-0.48805381660605873
66,1,-2.140961600727841
66,2,-0.46906350393824225
66,3,0.9441460594460301
66,4,1.0326836162574735
67,1,-2.36260457153618
67,2,-0.5240329791573333
67,3,0.8840856700757224
67,4,1.119739142564185
68,1,-1.6707723607458413
68,2,-0.10314593115927753
68,3,1.6631918335972735
68,4,0.9525871753889279
69,1,-2.0585928572645806
69,2,-0.7034816423658861
69,3,1.079275267361048
69,4,1.0701943256896358
70,1,-0.921700220596032
70,2,2.339660817694419
70,3,-0.4719494140212189
70,4,-0.39565332520174346
71,1,0.613143236003963
71,2,-0.7455113247953457
71,3,1.1985470441226265
71,4,-2.2116397110111805
72,1,-1.9381489129910892
72,2,-0.01097115512924851
72,3,1.7972844916365764
72,4,0.046590927720583486
73,1,-1.8510119303817698
73,2,-0.028738698207319488
73,3,1.6951036991689548
73,4,0.03688269574895857
74,1,-1.9410915982221064
74,2,0.11308451054755293
74,3,1.928162464386397
74,4,-0.02159687536468019
75,1,-0.8912232325836675
75,2,2.2298479208899518
75,3,-0.4179592354189504
75,4,-0.022419599515068826
76,1,-2.168765434858403
76,2,1.1938494888572235
76,3,1.082358505583226
76,4,0.053144036592179124
77,1,-1.5596201877643012
77,2,0.29040689768175837
77,3,1.3945128209931759
77,4,0.8242878563462991
78,1,2.5782240539364767
78,2,0.09992373882049792
78,3,-0.12176149593473717
78,4,-0.19748875199662516
79,1,-1.5956873550646604
79,2,0.2609020032968142
79,3,1.7264448901678582
79,4,0.8541836678970298
80,1,2.980667600107086
80,2,0.044465623957590475
80,3,-0.09226444154738615
80,4,0.2248773748361714
81,1,2.717859710082368
81,2,-0.0913610124330188
81,3,0.03176352468954198
81,4,0.28024934897830905
82,1,2.8293965741591105
82,2,0.02845904909234348
82,3,0.16603522005221508
82,4,0.5738465881615205
83,1,2.856478030119179
83,2,-0.1499557090146335
83,3,-0.02708861118585335
83,4,0.5507052759873768
84,1,-1.5196005201321938
84,2,-1.256291103647606
84,3,-0.996000064862864
84,4,-0.1582294847401895
85,1,-1.216685755360557
85,2,-0.8862901517213335
85,3,-0.8778574382645997
85,4,-0.22438070340899904
86,1,-1.362745364260996
86,2,-1.0434718829591452
86,3,-0.7868853104338401
86,4,-0.09207002523558508
87,1,-1.3361871577830557
87,2,-1.1177430114334352
87,3,-1.0490274672520594
87,4,-0.09882518739263871
88,1,3.1125367955180145
88,2,0.17637539535866997
88,3,-0.01907716150406293
88,4,0.497250763438996
89,1,-0.848945024199238
89,2,2.455802834534365
89,3,-0.4888016151060597
89,4,-0.17939963860846678
90,1,-1.5668476476951252
90,2,-1.013622978277339
90,3,-0.8509509650490138
90,4,0.05665646060878518
91,1,3.090332291924966
91,2,-0.04175891187787223
91,3,-0.10690197830201338
91,4,0.5575547772333684
92,1,2.8653901879669936
92,2,0.08437317534701642
92,3,0.2768082549188911
92,4,0.35193195137955413
93,1,0.870112606352502
93,2,-0.8801342725335681
93,3,0.8122756443443307
93,4,-1.8350102695998225
94,1,-1.3519490751188237
94,2,-0.9647421983430002
94,3,-0.8466413419682575
94,4,-0.18232295788886502
95,1,-1.4061996487091681
95,2,-1.2488947271896023
95,3,-0.9746602885302899
95,4,0.09320304018982103
96,1,-1.9600203312868403
96,2,0.9160763457179099
96,3,-0.8702634452046496
96,4,-0.14125088233554958
97,1,3.112415976196019
97,2,-0.023293231584841066
97,3,0.0780004350124057
97,4,0.2556566103773446
98,1,-1.4249322152727664
98,2,-0.9370841178633967
98,3,-0.9589751538843593
98,4,-0.1726371682871683
99,1,-2.0660747936330073
99,2,-0.8046080742311463
99,3,0.9141363611562867
99,4,0.7397488916999946
100,1,0.1091338655720933
100,2,-1.176156152388027
100,3,-0.650277068403846
100,4,0.028868641212783843
101,1,0.0813808299296669
101,2,-0.877470353801486
101,3,-0.5639544262929003
101,4,0.20813309749827014
