Individual,PC,score
1,1,-0.33046842620161043
1,2,-0.28736268599676473
1,3,-0.034523717216194204
2,1,-0.15563933485629297
2,2,0.08352788224151411
2,3,0.19272137641161882
3,1,-0.04521567159419959
3,2,0.1255337985608829
3,3,-0.04072058110088724
4,1,-0.2324020102076704
4,2,0.08714654349805491
4,3,0.07526930718403943
5,1,-0.2799097754347866
5,2,-0.10610589204479909
5,3,-0.13624937068919413
6,1,2.4059752456809376
6,2,-0.05459401138072849
6,3,-0.03628916963654277
7,1,-0.20174263168163725
7,2,-0.13066826740066906
7,3,-0.054316217655461116
8,1,0.13177632203200382
8,2,-0.14305048205694199
8,3,0.16138067884743598
9,1,-0.16124016213662704
9,2,-0.024750027795568688
9,3,-0.07282194904830348
10,1,-0.0022010680700057105
10,2,0.024516790584109542
10,3,-0.14282477004975386
11,1,-0.410181106851186
11,2,-0.30365235793520023
11,3,0.026261208138793644
12,1,-0.27359819287756504
12,2,1.0405938205229983
12,3,-0.06171728072152053
13,1,-0.09579385205368604
13,2,-0.07889405845376438
13,3,0.18439748557537997
14,1,-0.1360818320784494
14,2,-0.21968188401011046
14,3,-0.005947965619596356
15,1,2.5942531926476913
15,2,0.018297407582828096
15,3,-0.32098044064077746
16,1,-0.0450202713543029
16,2,-0.13359094854906914
16,3,0.08780934668887895
17,1,-0.28218004214821474
17,2,-0.14660069343024562
17,3,-0.06372528413413558
18,1,-0.14171030335008414
18,2,-0.13647483397946983
18,3,0.22812475006006672
19,1,-0.3078458819225067
19,2,0.05329756007795145
19,3,0.16223935991776478
20,1,-0.19928520496148588
20,2,-0.23737323278608796
20,3,0.2831683717193037
21,1,-0.3184140405313421
21,2,-0.41023497808194
21,3,-1.029810400803704
22,1,-0.02107211593053925
22,2,-0.19897343656558034
22,3,0.02375853655965997
23,1,2.607252834077214
23,2,0.14688732252872744
23,3,0.15814363979372378
24,1,2.539356266866271
24,2,-0.05303102639935214
24,3,-0.04044281629845444
25,1,-0.08487875620250998
25,2,0.13767917513705735
25,3,0.19319065138827782
26,1,2.558888386332366
26,2,0.09757506868420043
26,3,0.21459640951181908
27,1,2.562174485827294
27,2,0.025932015343528552
27,3,0.01052250246882934
28,1,-0.06452731746275246
28,2,-0.18507760517278665
28,3,-0.04685429986903326
29,1,-0.3220554109845844
29,2,-0.18019645628638079
29,3,0.036742441621867135
30,1,-0.0546113973785611
30,2,0.0020261353970388446
30,3,-0.13812339959339717
31,1,-0.16495306759965062
31,2,-0.07128971836539008
31,3,0.012547222997419137
32,1,-0.27969585610374864
32,2,0.003635846387259681
32,3,0.1448140937241897
33,1,0.032787607095765885
33,2,0.006095642574298728
33,3,-0.1667569198249282
34,1,-0.24128751102715823
34,2,-0.08751047755642273
34,3,0.03231040354832143
35,1,-0.09817118546783134
35,2,-0.20707610408969324
35,3,-0.006287535660518347
36,1,-0.31366455103530855
36,2,-0.07022500857725457
36,3,0.19409825021952645
37,1,-0.17968373401877646
37,2,0.04636289908286928
37,3,-0.1463628115585068
38,1,-0.22833642324180756
38,2,0.01195200369978679
38,3,0.018583531851518172
39,1,-0.31300277965567036
39,2,0.0771191895352635
39,3,0.21686478629050793
40,1,0.05550517801946525
40,2,-0.025942361477579574
40,3,-0.2879992483393479
41,1,-0.22933573517623143
41,2,0.07576370201850623
41,3,-0.17378051252470839
42,1,-0.17665083691126593
42,2,0.018331639280436948
42,3,0.06608918805012337
43,1,-0.26180734972400665
43,2,-0.1883318475132006
43,3,0.1685631131437181
44,1,-0.018903822790350088
44,2,0.1261252270884026
44,3,0.06475204573290595
45,1,-0.2629617802674971
45,2,-0.02134366457868373
45,3,-0.039756894058539057
46,1,-0.15640642625242976
46,2,-0.04505427315002762
46,3,-0.13401953115109838
47,1,-0.20417632866623836
47,2,0.07496512280680125
47,3,-0.026129402554137933
48,1,-0.09788074884735867
48,2,-0.11523190761515356
48,3,0.2637493419583719
49,1,-0.08900399606999154
49,2,-0.09521579522050216
49,3,0.20980931847472453
50,1,0.04644781825239911
50,2,0.08164559508737619
50,3,-0.09311012060847093
51,1,0.07407440156174457
51,2,-0.025065936633458675
51,3,-0.07807416319333675
52,1,-0.25780034400659996
52,2,-0.03810104652943768
52,3,0.18720103129710383
53,1,-0.3348869793049643
53,2,-0.12400148853104218
53,3,0.2476339685652207
54,1,-0.07244692819085471
54,2,-0.23307444815011458
54,3,-0.09497069687932051
55,1,-0.3461572149635878
55,2,0.13264254844006018
55,3,0.020860248441360293
56,1,-0.05545695946988572
56,2,-0.21719758905786635
56,3,-0.08713233794077657
57,1,-0.40769610391306066
57,2,0.00348734345281364
57,3,-0.1222593598983763
58,1,-0.24968888474619885
58,2,-0.18976167897735866
58,3,0.20601408095394216
59,1,-0.32126558657199383
59,2,-0.07428385665552358
59,3,0.013210005337401808
60,1,-0.08207522571008005
60,2,0.04170797198051445
60,3,-0.06646982627502926
61,1,-0.10712669526480732
61,2,-0.017568343761815073
61,3,0.23652194112044123
62,1,-0.28415448124441367
62,2,0.02211042853828808
62,3,-0.012239717029237682
63,1,-0.05881616852991027
63,2,0.0551414510784036
63,3,0.007190945526104477
64,1,-0.060361517895614794
64,2,0.044788552398323855
64,3,-0.07724599712314273
65,1,-0.3319318346154365
65,2,-0.1152501129026914
65,3,0.2107423845315637
66,1,-0.3689485331430158
66,2,0.08277175454732995
66,3,0.18024987953377933
67,1,-0.16401989298447298
67,2,-0.2186976886380741
67,3,0.06922797215118984
68,1,-0.16831177930443755
68,2,-0.09251587132609651
68,3,0.22807347703220254
69,1,-0.2844964103074149
69,2,-0.16983424387234167
69,3,0.20837947897413975
70,1,-0.026925888207773276
70,2,0.07097878773463409
70,3,-0.08688338838235835
71,1,-0.33102220409524036
71,2,0.03555675776126289
71,3,0.14776139714488348
72,1,0.12027052468360253
72,2,1.0499246959340107
72,3,-0.1620378511424562
73,1,-0.1742909445718366
73,2,0.9105153715411091
73,3,-0.05066225825092129
74,1,-0.5263697774170722
74,2,0.8326797343388477
74,3,-0.20684821778900267
75,1,-0.2406440740198968
75,2,-0.2368585230264781
75,3,0.020461411333955588
76,1,-0.13532285267230862
76,2,0.05269078850213371
76,3,0.08366660615245869
77,1,-0.3822139109915231
77,2,1.0675740326080772
77,3,-0.33581295710440934
78,1,2.6288400763460884
78,2,-0.12676200887596695
78,3,0.1438069308088265
79,1,-0.20494275244034788
79,2,0.842848274676167
79,3,-0.1324005658227876
80,1,-0.4485392986663494
80,2,-0.22097992192624197
80,3,0.18071284453341063
81,1,-0.37533147359722246
81,2,-0.1311534886240978
81,3,-0.11222069424146781
82,1,-0.17693555243536777
82,2,0.1157377931794037
82,3,0.20991379559745754
83,1,-0.34663211418645273
83,2,0.087172734370766
83,3,0.03678138385242091
84,1,-0.049181282679538085
84,2,-0.16346281802664483
84,3,0.007202815121505791
85,1,-0.29450643572481416
85,2,-0.14824108222582305
85,3,0.19347337944006218
86,1,-0.4538008715504131
86,2,-0.061058048097579865
86,3,0.059143347600148256
87,1,-0.12130451676853071
87,2,0.06512419719856044
87,3,0.23145646830496458
88,1,-0.27824612182697506
88,2,-0.20688567185092552
88,3,0.05660675911651429
89,1,-0.14219743753457237
89,2,0.1880810869856922
89,3,0.15898884292185042
90,1,-0.17591250918481668
90,2,-0.09329129587002023
90,3,-0.12282989245525014
91,1,-0.03540625785051934
91,2,-0.1882818537484698
91,3,-0.08840046002598304
92,1,-0.20734178152225416
92,2,-0.28502031874405803
92,3,0.0015505620564437593
93,1,-0.3464796882146492
93,2,0.1501120030623127
93,3,0.046132551652494407
94,1,-0.3175234340736859
94,2,0.05693380411368624
94,3,0.18504532703521617
95,1,-0.20957424263729052
95,2,-3.7058479354189016e-5
95,3,0.07433516452634738
96,1,-0.16266529879746872
96,2,0.00810436179677482
96,3,0.08920797263261113
97,1,-0.22149665227578152
97,2,0.05907579299210458
97,3,0.11136662395201101
98,1,-0.2487909566683818
98,2,-0.199508733393925
98,3,0.09483837553380906
99,1,-0.09936286494433152
99,2,-0.12582341527152233
99,3,-0.1772399970786875
100,1,-0.11362786268041744
100,2,-0.30155171034565215
100,3,-1.1170319574206629
101,1,-0.07337480189434505
101,2,-0.3789683649392182
101,3,-0.9479543572502087
