Individual,PC,score
1,1,-0.8673903684898808
1,2,-0.9203517218565288
1,3,0.09719524871538075
1,4,-0.09559633967311644
1,5,-0.3393098806891499
1,6,-0.47839264642281293
2,1,-1.0274856662478495
2,2,0.24668124543621242
2,3,-0.4653090594960698
2,4,0.2337437690617848
2,5,-0.5532893668288036
2,6,-0.3589604627253472
3,1,-0.7827890325313204
3,2,-1.2026214456348354
3,3,0.12085225465903145
3,4,-0.3005419387895078
3,5,0.0822625701216437
3,6,-0.38441319398240215
4,1,-0.23455329865345567
4,2,-0.9137326433315651
4,3,0.2018692403276798
4,4,-0.06415510237766034
4,5,-0.6513645318020231
4,6,-0.17462564162831054
5,1,-0.6366650709032146
5,2,-1.1703852942532829
5,3,-0.12307869862391742
5,4,-0.20434630187375752
5,5,-0.40468697746157095
5,6,-0.3120574574287265
6,1,1.5492099671256723
6,2,-0.09017110468422831
6,3,0.3123934419602829
6,4,0.3514971473095593
6,5,0.12404399266406625
6,6,-0.2943282484857077
7,1,-1.722827596492472
7,2,0.29794484971371926
7,3,-0.1398068114574102
7,4,0.5057289746086134
7,5,-0.002137115291742048
7,6,-0.7784502200413536
8,1,1.3961971632388872
8,2,0.07647422423940811
8,3,-0.1850703330375837
8,4,0.35065198616198706
8,5,-0.33717592575920163
8,6,0.01558783859037167
9,1,-1.7519526198895532
9,2,0.3940590676469049
9,3,1.6908266309228304
9,4,0.18863805963122765
9,5,0.9075149647956654
9,6,0.43479311069116255
10,1,0.03615014820264964
10,2,1.5858500430972233
10,3,1.0778873134444067
10,4,0.31255401191851057
10,5,1.1451889968320332
10,6,0.9754013958231826
11,1,1.5916587607420154
11,2,-0.26253855201958515
11,3,0.25450694515676003
11,4,-0.03866061085319166
11,5,0.33944352186389554
11,6,-0.019436990189177474
12,1,-2.0158817707671606
12,2,0.36999087872113473
12,3,-0.1649212351646895
12,4,-0.5778466778485234
12,5,0.40047230229686454
12,6,-0.2130651049617397
13,1,1.3893063688116607
13,2,-0.2861999026671492
13,3,0.2694744368902894
13,4,-0.030243653144768616
13,5,0.3097805362629891
13,6,-0.33344950141046087
14,1,-0.1724577008940105
14,2,-0.9085856988657418
14,3,0.8819860922913867
14,4,0.5080846312520901
14,5,-0.3671322046791811
14,6,-0.3582118669886691
15,1,-0.728825029023559
15,2,1.397291685065062
15,3,-0.5692511194415624
15,4,0.8170896554995207
15,5,0.03959422084162274
15,6,-0.06038766945367315
16,1,1.5640844823931124
16,2,0.07379607175007759
16,3,-0.07772301080367307
16,4,-0.6077970919628578
16,5,-0.3690661847549671
16,6,0.10458841176694479
17,1,-1.963913597497139
17,2,0.3951958091866217
17,3,-0.0423240397903138
17,4,-0.4485859875472618
17,5,0.19878567378113227
17,6,-0.6858347238072815
18,1,-0.6412171182582411
18,2,0.7552874798413701
18,3,-1.0266823529443143
18,4,-0.3723815528070296
18,5,-0.4137238610576334
18,6,0.3920377148090927
19,1,-0.6853001625396642
19,2,1.1260692113711357
19,3,-1.0569703455524253
19,4,-0.18597894272224902
19,5,-0.3606013045724659
19,6,0.5373824083471376
20,1,0.8088496588096844
20,2,-0.07794141467651687
20,3,-0.7617764924373253
20,4,-0.6541474301038943
20,5,0.14677375012163268
20,6,0.32723593217535807
21,1,1.5840762927741876
21,2,-0.29895394070448467
21,3,0.5812746998150612
21,4,0.012872691891290282
21,5,0.28597914133499047
21,6,-0.44765740162680534
22,1,0.5982143361198283
22,2,-0.2842531480670036
22,3,0.07356101819004351
22,4,1.1714226393533103
22,5,0.14632245830144305
22,6,0.05878236072830297
23,1,0.42041612640484594
23,2,1.7221943375112971
23,3,1.7550193306583406
23,4,-1.0359567684938453
23,5,-0.8854747901463418
23,6,-0.7829193129132774
24,1,1.1930577345145643
24,2,-0.21936235147799474
24,3,0.6077947748068677
24,4,-0.07036624625502176
24,5,0.33077678703501573
24,6,-0.3743928763353487
25,1,-0.19327437770740408
25,2,0.9852096055896535
25,3,0.1405162738766444
25,4,1.2790803925815337
25,5,0.29205395124522165
25,6,-0.7258747544862079
26,1,1.4912716669616417
26,2,-0.010316709357814568
26,3,0.6347807291833015
26,4,0.029462633699230578
26,5,0.2623822187785567
26,6,-0.3065324380330345
27,1,1.4858496219159707
27,2,-0.14351628151201193
27,3,0.6052290914133972
27,4,-0.037676029977736405
27,5,0.3109703298408676
27,6,-0.2446455833755556
28,1,1.0466089845394897
28,2,0.03704782028868014
28,3,-0.5070142119147876
28,4,-0.37296791760763626
28,5,0.11405054462838957
28,6,0.2960234115290144
29,1,1.5186434874513683
29,2,-0.13758301689445163
29,3,-0.05989930732032793
29,4,-0.363102926020289
29,5,-0.42886609264571895
29,6,0.07707408802916425
30,1,-0.3294380710985446
30,2,-1.047645014468292
30,3,0.49374530351307777
30,4,0.9291908345462063
30,5,0.05042215061888368
30,6,-0.10378815770694677
31,1,1.3778912390451503
31,2,-0.1484122179477946
31,3,-0.13217442166549576
31,4,-0.3945525642866239
31,5,-0.16684519248152996
31,6,0.10083691829820778
32,1,-0.5562950207375831
32,2,-1.4180278650296263
32,3,0.6576308009576719
32,4,0.2595559466066817
32,5,0.14679423248112355
32,6,-0.4540279746558515
33,1,1.471613123209961
33,2,-0.14890365462997335
33,3,0.4098009975005913
33,4,0.04177219352424426
33,5,0.2650046683745611
33,6,-0.1941647440290515
34,1,-0.3258468887015983
34,2,1.2671780476794108
34,3,-0.6383131222395411
34,4,1.08293801395607
34,5,-0.1731401501115764
34,6,0.04762666067379652
35,1,-0.75424483515811
35,2,-1.114629435326479
35,3,-0.014352346399807831
35,4,-0.5685973420143171
35,5,0.06467120020844036
35,6,-0.1529489869365641
36,1,-1.3771110125899633
36,2,0.6457020107745727
36,3,2.7477442747090666
36,4,-0.4228295217590444
36,5,-1.0002092528316344
36,6,0.48201680559614885
37,1,0.6977516993094132
37,2,1.4125895720544912
37,3,0.6692002686153399
37,4,-1.0383595545486366
37,5,-2.254341472595054
37,6,-0.19191707807600653
38,1,1.3875630240304349
38,2,-0.024495855959028753
38,3,0.7076696694388964
38,4,0.2034509045527855
38,5,0.40243518009213936
38,6,-0.178958045226249
39,1,1.2202228839520983
39,2,-0.20094495076180138
39,3,-0.2707966346116836
39,4,0.2046836067960953
39,5,-0.17890199064928042
39,6,0.12150798645721414
40,1,-0.6963215675257536
40,2,1.461793476488901
40,3,-0.606517969031087
40,4,1.0849251207785966
40,5,-0.11264965787679634
40,6,-0.2000055910736335
41,1,0.6456451106016184
41,2,-0.2064664638009824
41,3,-0.31677876572961006
41,4,0.9869322818478347
41,5,-0.3385049734498139
41,6,0.38625984174485606
42,1,1.4562837637645503
42,2,0.09388039052313706
42,3,0.6072736302120609
42,4,-0.033228945166548354
42,5,0.298112884367297
42,6,-0.32706901858246107
43,1,-1.700919339948161
43,2,0.4908777347063988
43,3,-0.2116561761003706
43,4,0.258011860486799
43,5,0.17364041325243826
43,6,-0.6874539780430183
44,1,1.1159133105330958
44,2,0.04777035552650999
44,3,-0.21895149774841313
44,4,-0.3133926340399026
44,5,0.02516782271343708
44,6,0.029075031627806978
45,1,1.249246305264934
45,2,0.27277290199604565
45,3,-0.12653947072912605
45,4,-0.655844847660078
45,5,-0.43658688293172043
45,6,0.06862371264159316
46,1,-0.024600275242333935
46,2,-0.48139263602725574
46,3,-0.8858103933760707
46,4,-0.16267887570635958
46,5,0.05399125406385413
46,6,0.5530754311592793
47,1,-0.6611010590749765
47,2,-1.0267678384991108
47,3,0.3677407295357664
47,4,0.8766121103474656
47,5,-0.229890064753681
47,6,-0.14671734084211902
48,1,-0.9396844217021764
48,2,-0.9923226897080479
48,3,-0.3171971763076044
48,4,0.3392879106178981
48,5,-0.07761053985684588
48,6,0.08264799791216336
49,1,-0.783493039429705
49,2,-1.0704002393640828
49,3,-0.3000694122033205
49,4,0.3046390318445312
49,5,-0.18724363459099722
49,6,0.10610150092592849
50,1,-1.211881504396859
50,2,-0.962348167681424
50,3,-0.1163287429615675
50,4,0.6385481727735633
50,5,-0.069401178718405
50,6,0.03600993627484839
51,1,0.9067824865002695
51,2,0.13985112725693766
51,3,-0.24177357252043225
51,4,-0.46419157550999146
51,5,0.059687058147603785
51,6,0.055730622968243236
52,1,1.3156552236442138
52,2,0.058202580868719524
52,3,0.5538830235949732
52,4,-0.026887751470501847
52,5,0.283475935459979
52,6,-0.060966884433604526
53,1,-0.7982843026356723
53,2,1.133029400837138
53,3,-0.8529058463771552
53,4,0.5562980339940644
53,5,0.14360812826654296
53,6,0.3195530700990877
54,1,-2.104196228687511
54,2,0.6307601529912185
54,3,0.8079348579630878
54,4,-0.1148113610257569
54,5,0.7274262040864171
54,6,0.7828824196621489
55,1,-0.8235183886768287
55,2,-1.0435632363798495
55,3,1.8869205304052572
55,4,-0.01470355348066958
55,5,0.653189047482183
55,6,0.9786089400529439
56,1,1.2688446043020611
56,2,0.036145930328020895
56,3,0.3489611860208138
56,4,0.11067404308338008
56,5,0.23855842303722394
56,6,-0.22244019145247934
57,1,-1.671502328504437
57,2,1.08908499586587
57,3,2.6636168051057005
57,4,-0.1054923728792655
57,5,-0.8693830660970999
57,6,0.9686810245110096
58,1,0.1657281295711401
58,2,1.0351358529599404
58,3,-1.0471675479677611
58,4,-0.7361841271052695
58,5,0.02142426098866854
58,6,0.4967568772389386
59,1,-0.9195909969100988
59,2,-1.297866756944433
59,3,-0.13424536116328456
59,4,-0.7081141814972204
59,5,-0.032459158920363176
59,6,-0.031230051581393484
60,1,-1.3226097976446078
60,2,0.5293101708850191
60,3,0.03228994003653568
60,4,0.20286727734688628
60,5,0.18756285136137665
60,6,-0.5885592040105564
61,1,-2.1025049929915687
61,2,0.2774312766839825
61,3,0.7104151338994447
61,4,-0.5518988489814779
61,5,0.8497256482876442
61,6,0.8965069205442464
62,1,-0.3825734147906072
62,2,-1.028678474698023
62,3,-0.07780535243491889
62,4,0.17301506576580544
62,5,-0.4079661879457738
62,6,-0.09539837806075167
63,1,0.48442205360725304
63,2,1.2302114007229359
63,3,-0.3114445644570572
63,4,-0.4366473371896454
63,5,0.6153065810370035
63,6,-0.6380474952459344
64,1,1.2448033728451233
64,2,-0.23388226183117908
64,3,0.2657148682484194
64,4,0.25419368834466416
64,5,0.18842770859500058
64,6,-0.22962344525969694
65,1,1.226507215168674
65,2,-0.07556572678395013
65,3,0.42260962843998656
65,4,0.06892363261741637
65,5,0.17721882322086596
65,6,-0.21015884174259783
66,1,-1.512271058397673
66,2,0.6142980442160975
66,3,-0.6352865532286236
66,4,-0.11849249256565866
66,5,0.16960878610677668
66,6,-0.19662361249073687
67,1,1.3727386349327106
67,2,-0.23717376437718798
67,3,0.47965321104056924
67,4,0.10663717745182753
67,5,0.20109193185155663
67,6,-0.09295264144558539
68,1,-1.7757390257384298
68,2,0.19490398324310093
68,3,-0.6500828229542915
68,4,-0.41266904337987403
68,5,-0.6519695155450655
68,6,0.04123303111756485
69,1,-2.1034358071444492
69,2,0.2874690093401287
69,3,-0.4832511234550217
69,4,-0.48979778380435074
69,5,0.31242877561842086
69,6,-0.464252677580722
70,1,0.2213434727638825
70,2,1.8723229762082767
70,3,-0.41388200671642295
70,4,0.21698540339209915
70,5,0.25285751808154044
70,6,-0.17795540902404983
71,1,1.53781926977065
71,2,-0.23134353764506277
71,3,0.22289328268580674
71,4,-0.07157286337522759
71,5,0.577742191315281
71,6,-0.2370784301438612
72,1,0.9764033871403645
72,2,-0.15073119774495242
72,3,-0.757197824687965
72,4,-0.8114218172199449
72,5,0.08588090085708439
72,6,0.41238432572017264
73,1,0.9636784650511696
73,2,-0.034867814376172854
73,3,-0.5252032312602526
73,4,-0.8490363820975946
73,5,0.1992586920988683
73,6,0.5117912253524155
74,1,1.028669152466118
74,2,0.12570693846426761
74,3,-0.6532642598031358
74,4,-0.9659134295073802
74,5,0.28973939390612186
74,6,0.23237410978633535
75,1,-1.0603264653048061
75,2,-1.1622792279175376
75,3,-0.39720873439104365
75,4,-0.45314039022989033
75,5,-0.09388738969806597
75,6,-0.16604151107262755
76,1,-1.9808381921870968
76,2,0.2914810133444333
76,3,-0.3222554610980445
76,4,-0.41446591426854834
76,5,0.2997043478978094
76,6,-0.2649464044060519
77,1,-1.1771220789032508
77,2,-1.082006637155552
77,3,-0.6621888996332447
77,4,-0.041627204678333016
77,5,-0.20557167644892474
77,6,0.37204638401238477
78,1,0.1460048212004693
78,2,-0.060353572330991166
78,3,-0.2397636741603444
78,4,1.4183016275145186
78,5,-0.4456516477182044
78,6,0.6039607044203839
79,1,-1.1003830689093619
79,2,-0.9518100446093964
79,3,-0.22141015410868325
79,4,-0.22844767161234575
79,5,-0.21198120115997401
79,6,0.2532117496153297
80,1,-1.0607323479011894
80,2,-0.8309213317557165
80,3,-0.7493777512431187
80,4,-0.20483779185588244
80,5,-0.08735495746728951
80,6,0.4038343443984445
81,1,1.2647196831537213
81,2,0.04748908971125128
81,3,-0.3760536005852777
81,4,0.17320568624905816
81,5,-0.15279521848192104
81,6,0.06889270276915006
82,1,0.8258537143979735
82,2,-0.16004929707595578
82,3,-0.5743658560827851
82,4,-0.5792615496795256
82,5,0.2603543666491849
82,6,0.7445399571214121
83,1,-0.6699277141009831
83,2,1.424064146402851
83,3,-0.9352303206356251
83,4,0.4969425079082778
83,5,0.1507637126603179
83,6,0.43935464881344044
84,1,0.21051722147463736
84,2,-0.16420703127420685
84,3,-0.4354592660340589
84,4,1.1051825017704289
84,5,-0.5031636636568583
84,6,0.5236247216222382
85,1,1.4269771174900108
85,2,0.242874887964635
85,3,-0.27539471857264974
85,4,0.5100017351142311
85,5,-0.4165958432294819
85,6,0.040556001979153634
86,1,1.4088343263063334
86,2,0.05624281311229153
86,3,0.4665188850804249
86,4,0.18420263258494013
86,5,0.3481546604806575
86,6,-0.1282697990103467
87,1,0.8637247778571527
87,2,-0.08846881352538394
87,3,-0.7746401321143744
87,4,-0.7498352840030041
87,5,0.2785167061089675
87,6,0.258269394100912
88,1,0.16615274485684028
88,2,-0.2515155080831105
88,3,-0.3759616767480215
88,4,1.4439981312870227
88,5,-0.41961193554763443
88,6,0.35587588448239404
89,1,-0.9528971232636149
89,2,-1.2023205512212813
89,3,-0.15938843738481212
89,4,-0.9895580650238683
89,5,0.006397798185221656
89,6,0.13342281161005065
90,1,-2.1588423450727805
90,2,0.46255833533262247
90,3,0.08018948710259635
90,4,-0.01930549180563257
90,5,0.252784139824601
90,6,-0.8308347712532392
91,1,-1.0918638895214106
91,2,-0.9690816541918158
91,3,-0.08026113578698839
91,4,0.26980191505430534
91,5,-0.3719805394718187
91,6,-0.06907780729094837
92,1,-2.106117171216243
92,2,0.15742087330506976
92,3,-0.3298067094267366
92,4,-0.27243601083995955
92,5,0.1780862541641353
92,6,-0.6049008272421338
93,1,-2.0527590263722875
93,2,0.32161841482026504
93,3,-0.3142031580977443
93,4,-0.40998076176513243
93,5,0.3996786104334653
93,6,-0.2906464017741594
94,1,0.8109941306442963
94,2,1.042047594315854
94,3,-0.26980132775714377
94,4,-0.5760906388688164
94,5,-0.18820406563085904
94,6,-0.33576985890711664
95,1,0.2572312935047614
95,2,-0.2158707178834461
95,3,-0.2749158990882433
95,4,1.3515158562290954
95,5,-0.3344933206383435
95,6,0.44569291765596336
96,1,1.2269662695460875
96,2,-0.0847141475874283
96,3,-0.17491198858999477
96,4,-0.2000589437813213
96,5,-0.2589446727803431
96,6,0.08881122717218515
97,1,-1.2333263647420094
97,2,-1.0757173400286524
97,3,-0.13283583837763055
97,4,-0.35364947646027667
97,5,-0.005854833167339967
97,6,0.3665181712503168
98,1,1.223062892346628
98,2,0.08460983167802426
98,3,-0.4186263245462856
98,4,-0.30089649885672415
98,5,0.26408476408792075
98,6,-0.04106494735151803
99,1,1.5084772415916337
99,2,-0.118254847755568
99,3,0.3725044489177497
99,4,0.09289358401683678
99,5,0.3379328077107088
99,6,-0.3337536178821034
100,1,1.1551977801500166
100,2,-0.05098083516237744
100,3,-0.47065024266059713
100,4,-0.28746556952633306
100,5,0.34516045844725773
100,6,0.059974424514746834
101,1,1.4429978331165856
101,2,0.03156692347940391
101,3,-0.1965439640976637
101,4,0.3017129062130068
101,5,-0.27645113323311715
101,6,0.19350310973681015
