Individual,PC,score
1,1,-1.8315875107853286
1,2,0.072350461213977
2,1,-1.5906693483642476
2,2,0.47171297362931924
3,1,-1.841838200176809
3,2,0.3522726744965169
4,1,-1.629258753731237
4,2,0.3757283738871755
5,1,-1.7003166295269656
5,2,0.11777298479235179
6,1,-1.6218800159925
6,2,0.19889091129329614
7,1,1.4462895467058086
7,2,0.8533761330703219
8,1,-1.75796774748023
8,2,0.5012280599678611
9,1,1.0745997224486792
9,2,-2.4288473706381795
10,1,-1.4993282054935395
10,2,-1.4758339966782714
11,1,-1.6816254803283472
11,2,-0.33929492273886486
12,1,1.297580449479384
12,2,-1.1519949265622238
13,1,1.5616415765083427
13,2,0.7982784180040248
14,1,-1.561348847328722
14,2,0.5393739474796727
15,1,-1.8132849917572524
15,2,0.2636916245717154
16,1,1.446538101881801
16,2,0.6038192422435851
17,1,1.3042069342003766
17,2,0.9345417974419491
18,1,1.6797030689003447
18,2,0.6978889720076299
19,1,1.6148029220206925
19,2,0.8396741118393808
20,1,1.574761838677895
20,2,0.6754223551085852
21,1,1.7569556382235296
21,2,0.9297645751070187
22,1,0.9955485994843871
22,2,-2.3854141625116054
23,1,1.6229701649668624
23,2,0.8757034796061418
24,1,1.6164628905726852
24,2,0.6629493649947743
25,1,1.0286837839034444
25,2,-2.559333978748402
26,1,-1.7598899900966793
26,2,0.42296772477804556
27,1,-1.7906374048007416
27,2,0.45708678322795626
28,1,1.6145515676961444
28,2,0.6390198020994848
29,1,1.7198060684951186
29,2,0.7149547396878483
30,1,-1.6809440847714991
30,2,0.2442643310765219
31,1,-1.6916739440895852
31,2,0.3446159019601477
32,1,-1.9551147752894258
32,2,0.1567970631813023
33,1,-1.672112860621789
33,2,0.23262873014009586
34,1,1.410228855683654
34,2,0.6940890925732154
35,1,-1.8320387521091288
35,2,0.3194421820086971
36,1,0.9339846912867167
36,2,-2.081092720881797
37,1,1.4538480688208997
37,2,0.7629504291274765
38,1,1.5964865325606672
38,2,0.8064847191279907
39,1,1.4781678984169457
39,2,0.6912643933072821
40,1,1.7723132903928145
40,2,0.6696580388716152
41,1,1.7048069542278466
41,2,0.6840439399203553
42,1,-1.582429128507204
42,2,0.35904852484581556
43,1,-1.3978995143442943
43,2,0.35614968148268034
44,1,1.4498536154134458
44,2,0.6896294009278825
45,1,-1.7247589861913684
45,2,0.3790217623752769
46,1,1.5844664665015908
46,2,0.7329372482440143
47,1,-1.846400306514534
47,2,0.15195021272346088
48,1,-1.9277994280756627
48,2,0.24431220956708197
49,1,-1.7785302428278675
49,2,0.3285114721766448
50,1,-1.8247768182187827
50,2,0.4640152386367923
51,1,1.4581907362134756
51,2,0.6508882899684344
52,1,-1.7178891614100613
52,2,0.3949281438012676
53,1,-1.7681966772931013
53,2,0.35014902500125283
54,1,1.0107571621721125
54,2,-1.88741205548002
55,1,1.3547814437001031
55,2,0.6467568777811081
56,1,1.0207075236569885
56,2,-2.614552271306966
57,1,1.3331153724941025
57,2,0.8662444106928658
58,1,1.5315999112998189
58,2,0.8221756936502319
59,1,-1.5978449402532309
59,2,0.4931003446449313
60,1,-1.7005109681013537
60,2,0.5689473552668654
61,1,-1.6174652036360393
61,2,0.3814007383489995
62,1,1.2206653151335123
62,2,-0.9205693144587788
63,1,1.4703060274982755
63,2,0.6136945866572614
64,1,1.488285267571617
64,2,1.0111080588113104
65,1,1.2183798572675535
65,2,-1.3420743938672128
66,1,1.4217747533313256
66,2,-0.9970653153812878
67,1,-1.318335115344423
67,2,0.26967114012771704
68,1,0.971986429834456
68,2,-2.194242460556798
69,1,-1.2425423493220364
69,2,0.2497931869560692
70,1,-1.2858509591097298
70,2,-2.0836457404595876
71,1,1.4517045531793578
71,2,0.7434542957538449
72,1,1.2788343949278052
72,2,-0.9356892950622144
73,1,1.109695916272808
73,2,-0.7226057541753157
74,1,1.427392772642899
74,2,-0.9812220949130267
75,1,1.761988694841127
75,2,0.8891723217400819
76,1,1.291379882780306
76,2,-1.0108512786124066
77,1,-1.5025684415168938
77,2,-0.7999524631924615
78,1,-1.3410625527875357
78,2,0.3328702351058414
79,1,-1.687932043044763
79,2,-0.7786293255855975
80,1,-1.863659627170122
80,2,0.32631676767200674
81,1,1.024712708529872
81,2,-1.8464350048354095
82,1,0.9152655601562426
82,2,-2.146743297451069
83,1,1.5294388188288113
83,2,0.6976154678691641
84,1,1.1812692184979283
84,2,-1.1210708661661084
85,1,-1.701230637578668
85,2,0.24494017458130585
86,1,-1.8930832593861175
86,2,0.26483923217844163
87,1,-1.8097334790136403
87,2,0.21192185686235238
88,1,-1.6221262093624995
88,2,0.35537830582321644
89,1,1.665271524596786
89,2,0.8928554835534119
90,1,-1.8555843487097095
90,2,0.18204268935403978
91,1,-1.8399900320628557
91,2,0.2575523042082433
92,1,1.4073681555991446
92,2,0.921957394978037
93,1,1.6315639584486634
93,2,0.782155847952834
94,1,0.8506964060453251
94,2,-2.329132506504266
95,1,-1.7308367080331
95,2,-1.0182340260150584
96,1,1.484714093296548
96,2,0.6788948524138663
97,1,-1.6338364304437072
97,2,0.42717274755234363
98,1,-1.530441859493033
98,2,-1.8951736577808307
99,1,1.8033337714978022
99,2,0.5340568553548586
100,1,1.7436337463549356
100,2,0.898143112310488
101,1,1.4567597463565782
101,2,0.7766313207680873
