Individual,PC,score
1,1,-0.7058074348736536
1,2,0.12824286346021685
1,3,0.48297759344705293
1,4,-0.33036474838787366
1,5,-0.13510095958325186
1,6,0.22019434482702266
1,7,0.04753146689507542
2,1,-0.2718764437450313
2,2,-1.9427779918919759
2,3,0.5706614452440905
2,4,-0.7232703916958467
2,5,0.07211991871454787
2,6,-0.1387738314936968
2,7,-0.22235568280377757
3,1,-0.2383284984189501
3,2,-1.6860378125435294
3,3,0.40648119879938216
3,4,-0.36409756930054654
3,5,-0.10996518499920474
3,6,-0.02538044361814385
3,7,0.17406926174833334
4,1,-0.7741307300295953
4,2,-0.17215058113594803
4,3,0.49127439628916564
4,4,-0.556390915616046
4,5,-0.14989364628815893
4,6,0.17570464390718082
4,7,0.02316150636761047
5,1,-0.4492936976980241
5,2,0.2432512158855584
5,3,0.6378804638577759
5,4,-0.3701091167278012
5,5,-0.025100514480873682
5,6,0.4220297852555688
5,7,-0.4638976576752893
6,1,-0.6023010661979048
6,2,0.13441853057629652
6,3,0.4377957463795051
6,4,-0.33127706153571723
6,5,-0.22385378473874185
6,6,0.08824386453545394
6,7,-0.23611681710431615
7,1,-0.8345755141211876
7,2,-0.37721744288456854
7,3,0.2097605948270908
7,4,1.0630016233933672
7,5,0.5182945967190574
7,6,-0.8168445539992796
7,7,-0.6003339440292019
8,1,0.9463979137542934
8,2,-0.06401600270827959
8,3,0.7416610328480812
8,4,0.16393016124662513
8,5,0.13848406395465004
8,6,0.31910747276728196
8,7,-0.08141071470385135
9,1,-0.18609313341656314
9,2,-2.1187900868179264
9,3,0.04686919932109338
9,4,0.09648380271722018
9,5,-0.6309629519193564
9,6,-0.3638810579934872
9,7,0.7671652781481744
10,1,-0.4056180371161187
10,2,-2.211382852446468
10,3,0.5038083127313655
10,4,-0.4634635923189281
10,5,-0.1897291979507608
10,6,-0.200387078124742
10,7,-0.028107667024696005
11,1,-0.7765789009932441
11,2,0.28928336344381245
11,3,0.3629270097707359
11,4,0.53835922953722
11,5,0.3654093857912466
11,6,-0.1574629859968531
11,7,0.37900412328216604
12,1,-0.5340315623566289
12,2,0.4758299380120464
12,3,-0.5318448937677965
12,4,-0.03475364712731353
12,5,-0.4036249310976855
12,6,-0.5223393324202106
12,7,0.31321126529809906
13,1,-1.0192565395547233
13,2,0.38696111146589823
13,3,0.7363153352265692
13,4,-0.6477481656589464
13,5,-0.10585397440002559
13,6,0.24765464569269643
13,7,-0.04774197860201285
14,1,-0.8788846231723703
14,2,0.15763996783372525
14,3,-0.3308685821128183
14,4,-0.477747194769385
14,5,0.014681065454082914
14,6,0.08681605197522363
14,7,-0.06566560882997087
15,1,0.9843898289383262
15,2,0.271383109660982
15,3,0.3359845368915152
15,4,0.24091886435471568
15,5,0.24116440472554693
15,6,0.31263435443904236
15,7,-0.14204560057033294
16,1,1.064972089378593
16,2,0.1607345532578078
16,3,-0.4143902480728046
16,4,0.1625623873971501
16,5,0.26460323858458334
16,6,0.46488028178173973
16,7,-0.12649169623430243
17,1,-0.4463631582140378
17,2,0.16452258945820325
17,3,-0.4793532013636265
17,4,0.021567099111805314
17,5,0.1225229419982234
17,6,0.16051552774469963
17,7,-8.536391400360423e-4
18,1,1.2070052938889957
18,2,0.06746676371077849
18,3,-0.5268542406571044
18,4,-0.18364451322719694
18,5,0.24185994312540485
18,6,0.28898888013555907
18,7,-0.06086892426363829
19,1,0.9508874114107547
19,2,0.09995509685937143
19,3,-0.517612677793824
19,4,0.06865465815501202
19,5,0.18296234919749213
19,6,0.29668886416976903
19,7,-0.31106085061908545
20,1,-0.3356637856647536
20,2,0.25635889793814326
20,3,-0.4467053533146755
20,4,-0.11236337016065205
20,5,0.01690880513583145
20,6,0.1456916202091265
20,7,0.06375461948388814
21,1,1.4920038910572067
21,2,0.019862728753478682
21,3,0.659395289139853
21,4,0.09972957240319737
21,5,-0.6836358549059846
21,6,0.05967356605148172
21,7,0.1655691189703452
22,1,-0.6411493788883516
22,2,0.30079700240471796
22,3,0.9582855084806983
22,4,-0.10204758885737532
22,5,0.5743191214519564
22,6,-0.21457093120427437
22,7,0.1311314850326286
23,1,-0.5579220615604814
23,2,0.21973291530871952
23,3,0.6851022098285453
23,4,0.5483648186878722
23,5,-0.5623522216651514
23,6,0.25771492584527156
23,7,0.6559550343445644
24,1,-1.0670977177159877
24,2,0.5077433787808169
24,3,1.0153211162153006
24,4,-0.06879733924051662
24,5,0.7413470847231673
24,6,-0.5327464446189136
24,7,0.12420722140614632
25,1,-0.6995147762890735
25,2,0.188022737545931
25,3,0.6932509662990372
25,4,-0.49331141859261984
25,5,-0.12081502081487863
25,6,0.039736443583829925
25,7,-0.2711976594122096
26,1,-0.8169236566125109
26,2,0.5275633903677363
26,3,-0.42926426664676803
26,4,0.8370615711764557
26,5,0.6345351664318931
26,6,-0.3494206195230391
26,7,0.4887510257244175
27,1,0.8393745123595465
27,2,-0.07782168490882795
27,3,0.45846109714238525
27,4,0.5621623549844958
27,5,0.6005633825432785
27,6,-0.45312954012819157
27,7,0.3680492344312677
28,1,-0.60796268079431
28,2,-0.2802582634404395
28,3,-0.6220218271467794
28,4,0.4505999267398928
28,5,-0.03795658630036907
28,6,-0.25151026530616805
28,7,-0.7514185305913608
29,1,1.169154444456715
29,2,0.08565747450141514
29,3,0.7007898397169262
29,4,-0.7358466784071236
29,5,-0.17068664299076255
29,6,-0.31464739724050655
29,7,-0.3497948694235478
30,1,-0.6061979820300772
30,2,0.306599467649354
30,3,-0.6217460525681112
30,4,0.027819319699832052
30,5,0.11237494587305993
30,6,0.15864699957358896
30,7,0.19892174272496016
31,1,-0.8247533521671669
31,2,0.29472613956309623
31,3,-0.18195946140551522
31,4,-0.51859355033674015
31,5,-0.24693860503674067
31,6,0.25637044908202505
31,7,-0.057091275115649945
32,1,1.4263734946028372
32,2,0.6241210414132611
32,3,-0.44765929953293215
32,4,-0.49566637016483245
32,5,0.1865076808821445
32,6,-0.36503716675561915
32,7,-0.09451375952309934
33,1,-0.557174292879468
33,2,0.07795611168086233
33,3,0.11151120367032107
33,4,0.30748397453173376
33,5,-0.16558076206210562
33,6,0.1676490653543043
33,7,-0.05515764035514864
34,1,1.2960565813660696
34,2,0.27659664901484277
34,3,0.40116927396087015
34,4,0.3390408513281625
34,5,0.30583467105758516
34,6,0.5027386589028676
34,7,-0.5229187927909003
35,1,-0.7429659945865457
35,2,0.2872169364616209
35,3,-0.17601339516426615
35,4,-0.4573355836621935
35,5,0.025478997066363467
35,6,0.31043472713627396
35,7,-0.22206221655254738
36,1,1.1486136092375514
36,2,0.06352485125534499
36,3,0.6135840831142683
36,4,0.5101794192897985
36,5,-0.2964779595175218
36,6,0.5841656246939032
36,7,0.38607710972426146
37,1,-0.7711024722090648
37,2,0.10312935780178756
37,3,0.5482791378170091
37,4,-0.4804547406958914
37,5,-0.14909869674048679
37,6,0.031460037823823395
37,7,-0.030957818660845886
38,1,-0.583859401039207
38,2,0.22828282268521136
38,3,-0.6700996286214415
38,4,0.18337645961088483
38,5,-0.09827473943653232
38,6,0.22457427316202175
38,7,-0.016752707182897057
39,1,1.4156636434677923
39,2,0.22838558909654436
39,3,-0.6997894933153693
39,4,-0.4882901701673961
39,5,0.12220664708711676
39,6,-0.1653039481259801
39,7,-0.10487280326338219
40,1,0.8402174666373098
40,2,-0.11945511867812682
40,3,0.5777891120708512
40,4,0.19278392852194104
40,5,0.009626422955793277
40,6,0.2601894271814863
40,7,-0.24121127921637278
41,1,1.5459007025429072
41,2,0.16599909273456517
41,3,0.2852453298228343
41,4,0.10086713096953286
41,5,-0.6674477938315369
41,6,-0.2335374964860034
41,7,0.0675386689113633
42,1,-0.43327899026388933
42,2,0.111736625557873
42,3,0.3597338210493949
42,4,0.507288403136018
42,5,-0.8029113605144871
42,6,0.49932912960538184
42,7,0.3110454287336372
43,1,1.0953426659022494
43,2,0.0913437942095002
43,3,0.528193839769451
43,4,0.20850190331060595
43,5,0.49526643491150646
43,6,-0.4137084695324333
43,7,0.2655636984667518
44,1,-0.3655933541756139
44,2,0.36614695933604313
44,3,0.3556448565326145
44,4,0.7233877899704441
44,5,0.4243515492075792
44,6,-0.3163000887470736
44,7,0.21402108135325357
45,1,-0.9046250619525521
45,2,0.24925616561494202
45,3,-0.40882637303908564
45,4,-0.5469069241567419
45,5,0.1661523880280019
45,6,0.23069324319686071
45,7,0.014224718462348532
46,1,-1.024324034863481
46,2,0.1085816633145557
46,3,0.5686553514582212
46,4,-0.38127022298157964
46,5,0.06538616394659963
46,6,0.04260520587504884
46,7,-0.11285197420471174
47,1,-0.4753626641067121
47,2,0.34594752606081114
47,3,-0.7613813475992651
47,4,0.15737270538335027
47,5,-0.0368165595643851
47,6,0.2997063823487118
47,7,0.22743929135363206
48,1,-0.6482664424496749
48,2,0.23585640393866253
48,3,-0.2457615413185544
48,4,-0.7425226643675209
48,5,0.17018756914144853
48,6,0.24757611501997606
48,7,-0.2514955986907444
49,1,-0.8838111837410049
49,2,0.23071783485078892
49,3,-0.1281229198106055
49,4,-0.46658406756134413
49,5,-0.021904581979626876
49,6,0.2591777976612118
49,7,-0.05511904670067243
50,1,-0.6619244627804176
50,2,0.4350553522042294
50,3,-0.1690836231857903
50,4,-0.6431298778427759
50,5,0.2781361098840743
50,6,0.17616563626099802
50,7,-0.11021886685875189
51,1,-0.39244779643197414
51,2,0.3130024675975692
51,3,0.3825562303311352
51,4,0.4787419320456289
51,5,0.5185496851569462
51,6,-0.5079313885186802
51,7,0.40867807642211484
52,1,-0.7233431506262297
52,2,0.19041260881547406
52,3,-0.036895564880339786
52,4,-0.3272649323294514
52,5,0.8182408764911394
52,6,-0.2883160452632143
52,7,0.28934482917690857
53,1,1.2859724387277565
53,2,-0.01224407039540904
53,3,-0.3490260606651967
53,4,0.06523985855491293
53,5,0.24043381341569314
53,6,0.44337278284891274
53,7,-0.09631544733863513
54,1,-0.6028536070249673
54,2,0.26571948475775337
54,3,0.41705065006425096
54,4,0.2807213780676454
54,5,-0.14170348113003414
54,6,-0.029872221736465192
54,7,-0.03701535278404698
55,1,0.08832764642924419
55,2,-1.7260499184629743
55,3,-0.723694760268145
55,4,0.2744568683537673
55,5,0.2602423413353156
55,6,0.15652553291305873
55,7,0.15791387942577434
56,1,-0.5536389962331281
56,2,0.38111900598346576
56,3,-0.9559750952707581
56,4,-0.011648355106436022
56,5,-0.41764322002991056
56,6,-0.40259364588795327
56,7,0.4816164379558259
57,1,-0.5657731225857207
57,2,-1.854253316064717
57,3,0.5054407547759895
57,4,-0.5040995506082675
57,5,0.13178250066567324
57,6,-0.10025982564304209
57,7,0.03030601996581932
58,1,1.384589930661424
58,2,0.28365799090575844
58,3,0.5899425163793856
58,4,0.36734923210771453
58,5,-0.5667687071245875
58,6,-0.013701883730968808
58,7,0.2109655040003792
59,1,1.2525986437065089
59,2,0.32682084619029084
59,3,-0.6019777482715186
59,4,-0.0677818603086896
59,5,-0.09226325827180244
59,6,-0.1858782855804164
59,7,-0.15455649220576892
60,1,-0.46259535240018745
60,2,0.25585766919371294
60,3,0.5332955508312339
60,4,0.8763198347916629
60,5,0.18642907238846282
60,6,-0.37111291815586056
60,7,0.5742932099475604
61,1,-0.326125972340867
61,2,0.38939260198040004
61,3,-0.4257737666810298
61,4,0.19767028439298548
61,5,-0.10805283235217637
61,6,0.14327822162134196
61,7,0.23421908645678152
62,1,-0.6306083322142068
62,2,-0.1550561061062966
62,3,0.2358508656791008
62,4,1.0757592676899157
62,5,-0.2082883795051366
62,6,-0.3201858560545581
62,7,-1.2980738586891105
63,1,-0.5384631237185029
63,2,0.3153913368248033
63,3,-0.606388605811743
63,4,0.16685018070575566
63,5,-0.12945587659258023
63,6,0.1607019292725666
63,7,0.21172821874072298
64,1,-0.645842428701305
64,2,0.3332209173450372
64,3,-0.5072394206910528
64,4,0.10234136483563562
64,5,-0.048822600915397626
64,6,0.14026189962603977
64,7,-0.32617691081771194
65,1,-0.6253716112802787
65,2,0.17777505261606213
65,3,-0.621442893891794
65,4,0.22249530674184043
65,5,0.01623055324984349
65,6,0.17729278690119438
65,7,-0.2802573437846848
66,1,-0.4603481402107931
66,2,0.15883022218494663
66,3,0.23553828460062934
66,4,0.402396187801078
66,5,-0.4825261762426535
66,6,0.2204462768767111
66,7,0.1531115215174617
67,1,-0.44636561403764313
67,2,0.046913489311338534
67,3,0.3760318277575331
67,4,0.4384227641521767
67,5,-0.6335863682732374
67,6,0.35057172146755533
67,7,0.29235735906105714
68,1,1.2889857030907939
68,2,0.02875300134466896
68,3,0.47214308013731415
68,4,0.3504390642452164
68,5,-0.35699700791914407
68,6,-0.2067970898418576
68,7,-0.3209377881982597
69,1,-0.44186745030858743
69,2,0.29987464212094606
69,3,0.1652031132126943
69,4,0.5360737773216248
69,5,-0.21539844133173874
69,6,0.2269802601362712
69,7,0.08966786600079148
70,1,1.2222283864723884
70,2,-0.0756378666080596
70,3,0.6201426619533936
70,4,0.24061185032159263
70,5,0.24076707953645568
70,6,0.32605959243658833
70,7,-9.890882971218442e-4
71,1,1.609529507114153
71,2,0.24122959834190816
71,3,-0.7379298522198612
71,4,-0.42743755720317667
71,5,-0.08169194911219435
71,6,-0.41976013477563273
71,7,-0.11448835007997325
72,1,1.2728372572617423
72,2,0.33973718314088797
72,3,-0.7621941854174658
72,4,-0.5343709808398331
72,5,-0.42293233694480326
72,6,-0.8741491787658993
72,7,-0.11123335415297415
73,1,1.6664685219705808
73,2,0.22603687153086272
73,3,-0.7040176694808263
73,4,-0.7261915336118451
73,5,-0.4679017296599227
73,6,-1.0040065363357338
73,7,-0.06220434423163146
74,1,1.360047570963418
74,2,0.44380429239697516
74,3,-0.5672256616889811
74,4,-0.49862500436667856
74,5,-0.5248082129981634
74,6,-0.8107805060798134
74,7,-2.454971553113327e-4
75,1,-0.5707994192596839
75,2,0.31184311825271044
75,3,-0.4748386125958231
75,4,-0.03251554685151561
75,5,0.1029537753106132
75,6,0.43842493550818634
75,7,0.2153530352485241
76,1,-0.4515972786804835
76,2,0.3266268437935735
76,3,-0.432429799874243
76,4,0.26656091531342974
76,5,-0.07349977563944686
76,6,-0.024454272562151196
76,7,0.09002172756871997
77,1,-0.5250571726438482
77,2,0.37706894766163734
77,3,-0.6666636384445926
77,4,-0.0603276436148101
77,5,-0.5784819540594741
77,6,-0.023837094448790414
77,7,0.5713918714791527
78,1,0.8827905429654656
78,2,0.18273873966432197
78,3,0.8869205146840329
78,4,-0.3334260933854875
78,5,1.072760781284018
78,6,-0.2912248706988507
78,7,0.28146186542631224
79,1,-0.4851418632751241
79,2,0.48454894105270124
79,3,-0.3467299970293193
79,4,-0.5860688553230194
79,5,0.43720504955679923
79,6,-0.9470546474671308
79,7,0.43983475857593224
80,1,-0.5396705714764912
80,2,0.4261346485679215
80,3,-0.6050213574843663
80,4,0.08490346729697439
80,5,-0.16156697932427447
80,6,0.2600844643135173
80,7,-0.10569010913652421
81,1,1.0530778450546765
81,2,-0.02210607113553549
81,3,0.6386621475368525
81,4,0.3973519019621923
81,5,0.10635052791769059
81,6,0.05569718575705239
81,7,0.03687374208828533
82,1,-0.6447706267087472
82,2,0.3497981727466227
82,3,-0.6558187172903905
82,4,-0.03298207149004305
82,5,0.09650464291508692
82,6,0.45157721588838506
82,7,-0.057573957584830075
83,1,0.8846252765509288
83,2,-0.050922224675803755
83,3,-0.3166250754056712
83,4,-0.20409771900452472
83,5,0.34168290018088515
83,6,0.5326003383538205
83,7,-0.14342173134440434
84,1,0.648362750088437
84,2,0.05898183974922441
84,3,1.0881634261723048
84,4,-0.526272156440123
84,5,0.23017410927500237
84,6,0.376606368535634
84,7,-0.12455883999981837
85,1,1.0169596319919458
85,2,-1.7228159430755887
85,3,-0.6866648631235382
85,4,0.01818053843738907
85,5,0.3989355276003361
85,6,0.18840099445357478
85,7,0.1431750617065258
86,1,-0.15521657838236624
86,2,-2.015763932322636
86,3,-0.6356856259869403
86,4,0.2414837026346934
86,5,0.1576420385043491
86,6,0.16743973227686199
86,7,0.3260002339111075
87,1,-0.19913544610789308
87,2,-1.9363299273418382
87,3,-1.0890672503441456
87,4,0.16790031546481016
87,5,0.05212742753402647
87,6,0.17221844552723672
87,7,0.06178398209464761
88,1,1.1310195008878852
88,2,0.1611096180948019
88,3,-0.5174781532058454
88,4,0.15091925329115308
88,5,0.5794946440942553
88,6,0.5581003662802821
88,7,0.18780891984214365
89,1,-0.515758211495662
89,2,0.39061810543534325
89,3,-0.6218787212917168
89,4,0.07655989404908846
89,5,-0.18694430629103442
89,6,0.3144897815040144
89,7,0.0996079990854311
90,1,-0.6870994187720352
90,2,-0.31760617961659654
90,3,0.36470596852121584
90,4,0.7983962789414351
90,5,-0.2981230628139931
90,6,-0.6982264020820556
90,7,-1.081588245983978
91,1,-0.4039740624595811
91,2,-0.31902347427357225
91,3,-0.6950951746000038
91,4,0.5474253484324815
91,5,0.14265800137950485
91,6,-0.1439818779093678
91,7,-0.7524365694890239
92,1,-0.5827916266643369
92,2,-0.2723998637628776
92,3,-0.8857178184688358
92,4,0.27048808348193887
92,5,-0.049820703231327534
92,6,-0.05068624603677889
92,7,-0.6091553818832779
93,1,-0.5096582533378509
93,2,0.12957024346657528
93,3,-0.604849986154968
93,4,0.2409501437413106
93,5,-0.015085414152655395
93,6,0.12902519601705886
93,7,0.25208489185319904
94,1,-0.7131696310741151
94,2,0.2342129242017978
94,3,0.6306628837099965
94,4,-0.6398837819725222
94,5,-0.705627622842638
94,6,-0.4740150875967243
94,7,0.1319079945018476
95,1,-0.7143734062355278
95,2,0.3236467656431866
95,3,0.6369098826516055
95,4,-0.5857802078444945
95,5,-0.22796303717718838
95,6,0.24630812009843797
95,7,-0.10732861319382306
96,1,1.3648531583398005
96,2,0.19847413271341385
96,3,-0.22432992811950314
96,4,0.11376391132094926
96,5,0.3500094091310795
96,6,0.36274923110314505
96,7,0.0885820883295916
97,1,-0.6581543924634504
97,2,0.29311128146583887
97,3,-0.15736247185484473
97,4,-0.505264030226495
97,5,0.6632145288596399
97,6,-0.39131404823537985
97,7,0.20413730437871938
98,1,-0.7417945892723976
98,2,0.2614364417456212
98,3,0.3177294877557944
98,4,0.5373336788641655
98,5,-0.6515061354541324
98,6,-0.6840641110012268
98,7,-0.10292377124382865
99,1,-0.6808508527291938
99,2,0.33662542136341717
99,3,0.6077441153723384
99,4,-0.5149748097653892
99,5,0.017990378673340118
99,6,0.27927932419536206
99,7,-0.341875868445198
100,1,1.6725583994424975
100,2,0.18246343477662696
100,3,0.36907127150856617
100,4,0.21034177722544004
100,5,-0.5792967733744568
100,6,0.2236629779352711
100,7,0.2605095074150295
101,1,1.019084925110756
101,2,-0.03305018534974848
101,3,0.4668227675932198
101,4,0.02505385560976584
101,5,0.20807416053435165
101,6,0.15927209807565237
101,7,-0.04749683685600658
