Individual,PC,score
1,1,-1.348291936234097
1,2,-0.05922098697993034
1,3,0.8195932557907685
1,4,0.15109866368913863
2,1,-0.28131847869576704
2,2,0.49034343971200967
2,3,-0.5432852292136373
2,4,0.06824402390856939
3,1,-0.7822144349447392
3,2,-1.8041480133464136
3,3,0.246118933887012
3,4,0.2235841337425167
4,1,-1.1660771969722432
4,2,-0.3864070696985338
4,3,1.1273766367737377
4,4,0.32444981610741924
5,1,-0.6665327126803973
5,2,-0.33595213754758446
5,3,1.8117078094855756
5,4,0.5139846059651428
6,1,-0.2603726509766775
6,2,-1.807074051797382
6,3,0.546114783006771
6,4,0.559230199271242
7,1,-0.7219262202889604
7,2,1.149252336591642
7,3,-0.5997679966874268
7,4,0.04787563325294364
8,1,0.5224965480458863
8,2,0.49742680831730784
8,3,0.06920998349120297
8,4,-0.46436409179247007
9,1,-1.7231188924533194
9,2,-1.4360353427956443
9,3,-0.7755187389813718
9,4,-1.4632916042031046
10,1,-1.5582492149343494
10,2,-1.7256651035093045
10,3,-0.46976985638517554
10,4,-1.307139385596089
11,1,1.5595310334064176
11,2,-1.0245625696524772
11,3,-0.46192785475837034
11,4,-0.26597247137936303
12,1,-0.6979092998415529
12,2,0.9808256886397863
12,3,-0.6442900504897948
12,4,0.14378829470012003
13,1,1.5291595454774298
13,2,-1.160218420950274
13,3,-0.5571231049303215
13,4,-0.32251866806657
14,1,0.16142063593409098
14,2,-2.04615149685343
14,3,0.7732285283701567
14,4,0.3732530679401016
15,1,-0.5834458076317314
15,2,1.0426178230704204
15,3,-0.768397775439096
15,4,0.16382031422184762
16,1,1.1684776124775196
16,2,0.45471823956771007
16,3,0.20733960873829743
16,4,0.20925112781184915
17,1,-0.6242621457975065
17,2,1.1624371806467306
17,3,-0.4977511863186037
17,4,0.18183236569962977
18,1,-0.875764929745354
18,2,1.2543173698226726
18,3,-0.5821921759896502
18,4,0.2698059310029517
19,1,-0.9172357155315026
19,2,0.9498369326504704
19,3,-0.4481453842746372
19,4,-0.0037581902726894533
20,1,0.9180219406361632
20,2,0.6325325981041372
20,3,0.4064879806869069
20,4,0.3570156602540789
21,1,1.1416938072354939
21,2,0.4955844043925832
21,3,0.41292511766152556
21,4,-0.2246781199475867
22,1,0.8585883606343168
22,2,-0.9671041224029207
22,3,-0.7150519044815543
22,4,-0.08199987383682385
23,1,-0.18265157878921892
23,2,-0.8111577296069936
23,3,-1.722814284441311
23,4,0.4179802351815994
24,1,1.3326193774679143
24,2,-0.9486599128587097
24,3,-0.8320736381949861
24,4,0.3919990835390073
25,1,-0.4910607957563089
25,2,-0.7957609250028516
25,3,-1.7151645386660945
25,4,-0.11592400260027524
26,1,1.4669611329637056
26,2,-0.9800027958048251
26,3,-0.853672731592222
26,4,-0.2862940267820724
27,1,1.2189515667912103
27,2,-0.8639003249002897
27,3,-0.8499694566966104
27,4,0.3874866985564177
28,1,1.3491591210544516
28,2,-1.0404791609531656
28,3,-0.47376905278287507
28,4,0.45102988485594353
29,1,-1.6830410067920034
29,2,-0.26591884524655895
29,3,0.6918376080282984
29,4,0.3254654407973785
30,1,0.32621817796854047
30,2,-1.9007869571397724
30,3,1.1518759560519298
30,4,-0.1587140002125618
31,1,1.083436573014002
31,2,0.1978578957571843
31,3,0.6523108835612083
31,4,-0.16480994456953826
32,1,-1.4263745974794888
32,2,-1.6897985561800768
32,3,-0.2640971429760441
32,4,0.5748070580251303
33,1,0.8219340233179661
33,2,-1.273420202879113
33,3,0.13857175119286735
33,4,0.2660551106128104
34,1,-0.6351145807308198
34,2,1.2054351447602434
34,3,-0.7001930862577571
34,4,0.1546784875103057
35,1,-0.4883859662960672
35,2,-0.13946080346442868
35,3,1.5483087241919153
35,4,0.44085952838126274
36,1,1.0672320701584956
36,2,-0.9733683526452381
36,3,-0.8942171144622296
36,4,0.31790622485667464
37,1,-1.5750593782724032
37,2,-0.3137373429242296
37,3,0.6522716855015618
37,4,-0.04319011518180102
38,1,1.2878385399565988
38,2,-1.129786592035247
38,3,-0.6644462046959357
38,4,0.47259243352498126
39,1,1.1558166170773116
39,2,0.250856987431189
39,3,0.2767733942420781
39,4,0.3859653148058075
40,1,-0.7198250336226149
40,2,1.0979081580813164
40,3,-0.5088811599408245
40,4,-0.003424020153125894
41,1,-1.5933743038050974
41,2,-0.3202930388365095
41,3,0.6797634272414192
41,4,0.3235037155682441
42,1,0.21901022636325485
42,2,-1.907752389203701
42,3,0.7418337881832451
42,4,0.41103558943890306
43,1,-0.6807181321154009
43,2,0.9820647352644528
43,3,-0.5910075284637833
43,4,0.16893573744716245
44,1,-1.8087067791204225
44,2,0.06725456853108684
44,3,0.604279081960586
44,4,0.34926349890492003
45,1,1.2691281072480411
45,2,0.16065696468486998
45,3,0.6979556077536153
45,4,-0.34628230740835214
46,1,0.7343057138102024
46,2,0.7529214519807355
46,3,0.4149172385025386
46,4,0.18605694808129006
47,1,1.4941912877417936
47,2,-1.2824246595064317
47,3,-0.5361476032112313
47,4,-0.1488499286884594
48,1,1.1872115748230652
48,2,0.9120115433052365
48,3,0.5239813856446637
48,4,-0.45498999857467853
49,1,0.9160129469049703
49,2,0.7999117136088296
49,3,0.6759949075029869
49,4,-0.30735319548313467
50,1,1.055170816507421
50,2,0.7334183592103718
50,3,0.4217340615793711
50,4,-0.4334948830492912
51,1,-1.7775825671505747
51,2,0.07461356284424714
51,3,0.6955328579381104
51,4,0.3072527007956551
52,1,1.3836183401782325
52,2,-1.0966399449099844
52,3,-0.7091556623213733
52,4,0.37067606057535685
53,1,-0.7318965847980482
53,2,1.0826453737431156
53,3,-0.5190778111014956
53,4,0.10668955019316001
54,1,-1.5801221923908622
54,2,0.16421996412171663
54,3,0.45060554632382094
54,4,-1.1818922766484894
55,1,-1.7607760235054513
55,2,-1.6202301236623395
55,3,-0.36369617488517075
55,4,-0.7803657180219261
56,1,0.5729276114482305
56,2,-1.7835284312853175
56,3,0.9434488841256496
56,4,-0.004086704531516669
57,1,-1.649730893783565
57,2,-1.7392813483098157
57,3,-0.4179681957718924
57,4,-0.5860249666870233
58,1,-0.7027820854411512
58,2,0.9331091091581142
58,3,-0.5048746619860806
58,4,0.07522500532865153
59,1,-1.837401985122002
59,2,-0.04033795495099127
59,3,0.842028346128461
59,4,0.13913318680803213
60,1,-0.8049761778488612
60,2,1.1111296268227109
60,3,-0.6414852522455736
60,4,-0.04761298121042124
61,1,-1.9333061202039665
61,2,0.04526470451170744
61,3,0.48210831067655646
61,4,-1.4198115164779304
62,1,0.9501060559043357
62,2,0.8431682587767937
62,3,0.4713212517721464
62,4,-0.4600562233695796
63,1,-0.8591222465684011
63,2,0.95792098705943
63,3,-0.5002953616934592
63,4,0.24557710556942577
64,1,1.2757318786473815
64,2,0.24831744472808953
64,3,0.35179309477328885
64,4,-0.45487407250415607
65,1,1.32345740319842
65,2,0.2448356136893313
65,3,0.6246367856209285
65,4,-0.4347920075049798
66,1,-1.7169591996048619
66,2,-1.7615791955580233
66,3,-0.32130447019333597
66,4,0.23227977733988317
67,1,-1.2703736648756931
67,2,-1.7199890861209004
67,3,-0.14045548079988648
67,4,0.298610585116698
68,1,-0.6826096818563046
68,2,1.0720845273021395
68,3,-0.501616006031104
68,4,0.014263166941544449
69,1,-0.5232161798858576
69,2,1.0036048593819271
69,3,-0.44908556885046635
69,4,0.13922030502990987
70,1,0.1944150495887728
70,2,0.16761394476971628
70,3,-0.3622649936377075
70,4,0.1408456264818999
71,1,1.5332298783042908
71,2,-1.009620243975724
71,3,-0.6300694468060889
71,4,0.017571466247610676
72,1,0.1837866644927292
72,2,0.9967838373537057
72,3,-0.06640484444774797
72,4,0.12629906689852752
73,1,-0.07925858216070165
73,2,0.8350858016593814
73,3,-0.1153798718513488
73,4,-0.06808680352065608
74,1,0.030647042659494115
74,2,0.9158913099150136
74,3,-0.13816911633558232
74,4,0.09352392419013238
75,1,-1.6805762164723306
75,2,0.008574792669044397
75,3,0.7508588199366342
75,4,0.15876214345401676
76,1,-2.0077378552119
76,2,-0.19354793627017725
76,3,0.6018001386332668
76,4,0.28997106540064815
77,1,0.9921576143775103
77,2,0.7539382499086902
77,3,0.5766180535769998
77,4,-0.3669344431128219
78,1,0.9642236129342538
78,2,0.4821835255323498
78,3,0.36094987542373763
78,4,0.21861727333123096
79,1,0.802519397650872
79,2,0.8146242049426695
79,3,0.6729975113076391
79,4,0.1524933718064985
80,1,1.2262765839220193
80,2,0.6026170013760876
80,3,0.5048253662935857
80,4,-0.3064679686132328
81,1,1.0244757265071334
81,2,0.47222669907768344
81,3,0.3204558047112568
81,4,0.10016152995287589
82,1,0.8616018323887433
82,2,1.0603770649249467
82,3,0.45325525126076704
82,4,0.1329126198556865
83,1,-0.8697410934777697
83,2,0.9154858669959924
83,3,-0.61320808836335
83,4,-0.02043188483152382
84,1,0.8753366181433481
84,2,0.4516384505686069
84,3,0.08855612007398066
84,4,0.2299252277153901
85,1,-0.579574702074544
85,2,0.7640036575673258
85,3,-0.49597516062956004
85,4,0.1808840503248209
86,1,1.571700402833725
86,2,-1.0302737576176544
86,3,-0.6483776914762214
86,4,-0.03350524227260722
87,1,-0.9494961828240065
87,2,1.0015089001944768
87,3,-0.7283097141339053
87,4,0.3761746610144038
88,1,1.237283235024508
88,2,0.34607130552817816
88,3,0.3588259159749391
88,4,-0.2750421203800986
89,1,-1.6611601239543992
89,2,-0.03644421233245712
89,3,0.7996737658949975
89,4,0.3259479234979412
90,1,-0.7806437485017583
90,2,1.044508486347973
90,3,-0.6424169572681886
90,4,-0.10120988135915285
91,1,0.9289151992120102
91,2,0.8413330452633435
91,3,0.6212603336650304
91,4,-0.41592474145300834
92,1,-0.7440183614893873
92,2,0.8337093582826199
92,3,-0.7321615352140894
92,4,0.14195791412017458
93,1,-0.557511112268838
93,2,1.126359601894159
93,3,-0.6027549000385493
93,4,0.011637675116652204
94,1,-0.601465258650429
94,2,0.5020930988451953
94,3,-0.7775853207073881
94,4,0.09306564408903016
95,1,1.05007613716022
95,2,0.3632213910703733
95,3,0.3242156173860681
95,4,0.21040560302149958
96,1,1.0654129182001542
96,2,0.2414891031422872
96,3,0.20463976518306395
96,4,0.12482900590061141
97,1,0.802169670313554
97,2,0.8838954935539964
97,3,0.3107347649274266
97,4,0.21072524325398678
98,1,1.0747743464697992
98,2,0.6860238723198756
98,3,0.40779580347253735
98,4,-0.36446933008878574
99,1,1.64818011062743
99,2,-0.9725532782344621
99,3,-0.3389591689778839
99,4,-0.21539186035213292
100,1,1.1116594065549232
100,2,0.8358759769423794
100,3,0.6870297940484901
100,4,-0.33386608874636536
101,1,1.3038005358713514
101,2,0.3950350010335041
101,3,0.43224633793937844
101,4,-0.4105976475429616
