Individual,PC,score
1,1,-0.6569613628228641
1,2,0.08594919256838267
1,3,0.025753436696454586
2,1,2.144702838434903
2,2,2.2782068899662624
2,3,-0.36732466553250087
3,1,3.8561118950256863
3,2,0.723723521308525
3,3,0.3724169800247547
4,1,-0.6718660501366535
4,2,-0.06574377666753363
4,3,-0.0648713927682236
5,1,-0.5005634373220541
5,2,-0.11932567346778156
5,3,0.0945136827116705
6,1,2.2245550000062395
6,2,-3.314306743808959
6,3,-0.10673304228076051
7,1,-0.3797631094375968
7,2,0.2799854579489707
7,3,-0.2421986489409931
8,1,-0.5204366154783509
8,2,-0.11650208291012368
8,3,0.11495776395605617
9,1,-0.362107199485444
9,2,0.12202843005683904
9,3,-0.1558497127543937
10,1,-0.591791864838972
10,2,-0.17140480655671092
10,3,0.07022067268779288
11,1,-0.4658713384699419
11,2,-0.062052023889821464
11,3,0.05550185927805127
12,1,-0.15413182036729176
12,2,0.23880061444386344
12,3,1.3152347883807518
13,1,2.1175703749167463
13,2,2.465703344499909
13,3,-0.4211910827934602
14,1,-0.5295696951918478
14,2,-0.21492370281057377
14,3,-0.1892970905245583
15,1,-0.707445068445015
15,2,0.16751174784185616
15,3,-0.29819585495625334
16,1,-0.4935995582701295
16,2,0.22449353610182776
16,3,-0.24199138991629973
17,1,-0.4084762423108133
17,2,0.0014774297948331348
17,3,-0.1342103127141505
18,1,-0.3374975551287335
18,2,0.0038180826505913906
18,3,-0.02204689645130548
19,1,-0.3428437667358614
19,2,0.1395740964288516
19,3,-0.29256145164604364
20,1,-0.5893358197098026
20,2,0.04466013862335369
20,3,-0.21749563924254026
21,1,-0.45515676044498293
21,2,0.06840302601155879
21,3,-0.15884138283001523
22,1,-0.6098662794011821
22,2,0.12342649348048487
22,3,-0.22443124930125147
23,1,-0.42429581920784404
23,2,0.21040108861113765
23,3,-0.33233169090923576
24,1,-0.6326349054982408
24,2,0.1773791937568834
24,3,-0.08293537411906808
25,1,-0.37148499756109987
25,2,0.19249375795178866
25,3,-0.18350257071431458
26,1,-0.4141019593852593
26,2,-0.12931229778631456
26,3,0.0022930543657562136
27,1,-0.5628571240861274
27,2,-0.1965785632999379
27,3,-0.23358982099046824
28,1,-0.4990317796283863
28,2,0.012522838590832001
28,3,-0.18281477170789545
29,1,-0.5454914112484556
29,2,0.14572861877417062
29,3,-0.4184517730452924
30,1,2.2260473568233063
30,2,-3.303425035700304
30,3,-0.1412895579266612
31,1,-0.38512478921417465
31,2,-0.12397669792873497
31,3,-0.032343334677433964
32,1,1.7711285869152487
32,2,-2.7545899263692077
32,3,-0.46034670624900464
33,1,-0.5776032456543799
33,2,-0.024643718788426642
33,3,-0.27122946088129357
34,1,-0.6773896060211134
34,2,-0.1445693977563043
34,3,-0.4082984094010185
35,1,-0.529778348360875
35,2,-0.0707728446558944
35,3,-0.3579487257098249
36,1,-0.2810587064517196
36,2,0.16853834263358883
36,3,-0.3117205060754578
37,1,-0.5626200116891931
37,2,-0.01303225737939526
37,3,0.03312485678881763
38,1,-0.5877913016427503
38,2,0.1958981486270477
38,3,-0.2950901606317952
39,1,-0.4572951178049301
39,2,-0.15514857050019779
39,3,-0.14838864069195742
40,1,-0.3120772680340605
40,2,-0.0023708948005041423
40,3,-0.29073264932548204
41,1,-0.44269524851607106
41,2,0.0023940354950349706
41,3,0.07932591324210735
42,1,-0.39494630647876944
42,2,-0.06687721735787765
42,3,-0.25604485966103496
43,1,2.3393401808391165
43,2,2.6068444428367132
43,3,-0.39770573463712705
44,1,-0.4786498617326809
44,2,0.15093880343221502
44,3,-0.10715054916013031
45,1,-0.4720759832642775
45,2,-0.015194407073923394
45,3,-0.008390115135691783
46,1,-0.6238623102360564
46,2,0.09186484713360689
46,3,-0.12220534686464815
47,1,2.1942598415881984
47,2,-3.1133492590604988
47,3,-0.24641927714557846
48,1,-0.41270349167916226
48,2,0.05748513250013433
48,3,-0.06876753739696388
49,1,-0.5557293103103766
49,2,-0.3073555124951595
49,3,0.08588365963170469
50,1,-0.5714968356454049
50,2,-0.2293968408259217
50,3,-0.05044815640409721
51,1,-0.5837633873484999
51,2,-0.1758684683508154
51,3,-0.38381212972896467
52,1,-0.6162528837068344
52,2,-0.0022820632690126203
52,3,0.1728511963213421
53,1,3.9387124833785827
53,2,0.7935004622420442
53,3,0.1034508081988776
54,1,-0.5597686819392217
54,2,0.1010418707636059
54,3,-0.052894726725429685
55,1,-0.2751041217248267
55,2,0.037636421634685724
55,3,-0.2280756526147204
56,1,-0.4764246967748214
56,2,0.2286319297693926
56,3,-0.015018303935495367
57,1,-0.47385021370182484
57,2,-0.22529800235751435
57,3,0.21070351564376788
58,1,-0.5517675168402351
58,2,0.2045309318164106
58,3,-0.14813009354164478
59,1,-0.34086544708585637
59,2,0.2088878453577728
59,3,0.040287355289466344
60,1,3.896557640675446
60,2,1.096083226293322
60,3,-0.22573143757646924
61,1,1.9024756384086658
61,2,-3.015060837499392
61,3,-0.2588091875315715
62,1,-0.3885818004431595
62,2,0.18555861233205972
62,3,7.159184739327924e-4
63,1,-0.696040566032591
63,2,0.03707665672242984
63,3,-0.20929931939539878
64,1,-0.5008699335633566
64,2,0.22669942901552115
64,3,-0.1985046017295934
65,1,-0.6112718407219221
65,2,0.2441885641360279
65,3,-0.22704041371130962
66,1,-0.11870724582278476
66,2,0.4726196728488069
66,3,1.496517566202435
67,1,2.274733939645708
67,2,2.2276459782926157
67,3,-0.43545836170297353
68,1,-0.3592628662572052
68,2,0.1613688188173183
68,3,-0.08173830526432338
69,1,2.153222396625357
69,2,2.3802748758414816
69,3,-0.29344011650197055
70,1,3.8566246133670385
70,2,0.9207311340467531
70,3,-0.03733525711872452
71,1,-0.6192697995028011
71,2,0.015420789436373771
71,3,-0.29895860034668587
72,1,-0.2581370249804702
72,2,0.5048510375170612
72,3,1.3760787392170133
73,1,-0.38211807103352624
73,2,0.3311880150006389
73,3,1.377730554934731
74,1,-0.12170919872670156
74,2,0.4085182739614621
74,3,1.342208418259688
75,1,-0.4298296364394729
75,2,0.25047297480259756
75,3,-0.2313529072645809
76,1,-0.21379538400514853
76,2,0.355377142987454
76,3,1.5669508424759389
77,1,0.9081195716196574
77,2,-0.5536075418620775
77,3,2.279350495917198
78,1,-0.4024780693480481
78,2,-0.3532760332135796
78,3,0.22843073144238785
79,1,0.5314747997689762
79,2,-0.5964741849046741
79,3,1.9453768290603057
80,1,-0.3590607203025632
80,2,0.010102350528132933
80,3,0.21161646890730398
81,1,-0.4731846843158666
81,2,0.22740058743997238
81,3,-0.31871852322214606
82,1,-0.4053242946019346
82,2,0.19062614114463597
82,3,-0.1836776273522216
83,1,-0.6342354056394339
83,2,-0.12960146405932357
83,3,-0.19962914027528963
84,1,-0.427201499370759
84,2,-0.04353700361115997
84,3,0.009813261832892604
85,1,-0.6856607584203507
85,2,-0.08673528484474984
85,3,-0.1751134265004313
86,1,1.871055600005289
86,2,-3.1702428908484075
86,3,-0.25878051794140966
87,1,-0.6253971248299394
87,2,0.01350145058083557
87,3,-0.28012299861751416
88,1,-0.5285839963427932
88,2,0.12279827024928826
88,3,0.21995075735567188
89,1,-0.4931713275638584
89,2,0.09507963202927416
89,3,-0.14455211016798328
90,1,-0.283967396184593
90,2,0.23382269280254994
90,3,-0.1314580289536055
91,1,-0.35748046704761904
91,2,0.18477528957815198
91,3,0.09628516658245462
92,1,-0.546309272476388
92,2,-0.0881606565355042
92,3,-0.1982030643887377
93,1,-0.395010440102844
93,2,0.016237173830328893
93,3,-0.22928204350481163
94,1,-0.5742548361621629
94,2,0.06842543737291644
94,3,-0.26084245702949505
95,1,-0.49220070890747436
95,2,-0.30617370312611686
95,3,0.09670802763739395
96,1,-0.7506687099599989
96,2,-0.1428705686128588
96,3,-0.18428646997451542
97,1,-0.5742731179640057
97,2,-0.045703287882620285
97,3,-0.09599293947901338
98,1,-0.5944000164482821
98,2,0.16017113567029803
98,3,-0.1795358685973961
99,1,-0.5700674636932394
99,2,0.12830739850480738
99,3,-0.07561879605357243
100,1,-0.4507249617266359
100,2,-0.17965097969607863
100,3,-0.14025711243688507
101,1,-0.4555678866351755
101,2,0.0055917471276988005
101,3,-0.09719724021761494
