Individual,PC,score
1,1,1.2896450906481032
1,2,-0.4986359134018867
1,3,-0.3795775955544047
1,4,0.8000083239244122
1,5,-0.41424082356246067
2,1,1.495798163589657
2,2,2.2941255560535616
2,3,-0.28155041179405554
2,4,-0.03564509558789733
2,5,-0.08525663651713417
3,1,1.5095644672574626
3,2,-0.4263679088517778
3,3,-0.11148740222451249
3,4,0.9515101461935356
3,5,-0.2992011305038108
4,1,1.265239446956648
4,2,2.143501097862154
4,3,-0.390255496167774
4,4,0.23875843665027932
4,5,-0.07650498378203087
5,1,1.2395194291996119
5,2,-0.6393084930720672
5,3,-0.6440870504410949
5,4,-0.8941114027439758
5,5,-0.35062381610280474
6,1,-1.1222985462705641
6,2,-0.0016684886648942283
6,3,0.15545719210274211
6,4,0.12327471402872203
6,5,0.08427806028883345
7,1,0.25811876457246247
7,2,-0.5692950342299735
7,3,-0.3081210441640405
7,4,-0.09529118031519992
7,5,0.9106862312876244
8,1,-1.1189226350181212
8,2,-0.09430667465649421
8,3,0.42315051429917017
8,4,-0.5474704960034361
8,5,-0.2502018227836416
9,1,1.2131683460277283
9,2,-0.14488095420471164
9,3,1.1408277216341862
9,4,-0.20007969980427556
9,5,0.7237457292193005
10,1,1.417760763580527
10,2,0.7890939577951883
10,3,-0.885408873708132
10,4,-0.7149806600303492
10,5,0.8323601452211714
11,1,-1.4314883861115897
11,2,-0.3901504235201607
11,3,-0.5283507878909847
11,4,-0.2725266848860566
11,5,0.4072339577814541
12,1,1.5171340329222203
12,2,0.017075089184869423
12,3,0.3515796849859925
12,4,0.42734141689569943
12,5,-0.5490457102130146
13,1,-1.1738512361345526
13,2,-0.21841759277338527
13,3,-0.00846131731111898
13,4,0.31409714823767737
13,5,0.020622035352800144
14,1,-1.3416132686989288
14,2,-0.03635529451988285
14,3,-0.10995532343100789
14,4,0.2911869741386529
14,5,-0.0128011175318333
15,1,1.1284705819950933
15,2,-0.5228250754052449
15,3,-0.18439072573318
15,4,-0.9423360169181155
15,5,0.05993162953684227
16,1,-0.8695858693330036
16,2,2.141518692230434
16,3,0.1418886569772784
16,4,0.3741302754013894
16,5,-0.038801107323610626
17,1,1.6377936099621342
17,2,-0.26196715959660744
17,3,-0.3313133912393351
17,4,0.7609539401242646
17,5,-0.3032827383493594
18,1,1.3466728820553204
18,2,2.184459388869401
18,3,-0.2778571728997431
18,4,0.11141255369005519
18,5,-0.06736014881102952
19,1,1.2881519427910004
19,2,2.052212745754742
19,3,-0.30119226195740334
19,4,-0.16501767930099834
19,5,0.1606426223119691
20,1,-1.0782965826861148
20,2,-0.06183463400825195
20,3,-0.01902654459018223
20,4,-0.06793842711486583
20,5,-0.23994836903492872
21,1,-1.2553343156113337
21,2,-0.22642378538213603
21,3,-0.37705675534078104
21,4,-0.4189975317215106
21,5,0.4716307696479335
22,1,1.6280551126833824
22,2,0.7531788578395562
22,3,0.5360729756300784
22,4,-0.7762661574014057
22,5,-0.22821664000678368
23,1,1.3397022927848834
23,2,-0.37575701401705836
23,3,0.105943053713676
23,4,0.41269065530742133
23,5,0.02972218315256835
24,1,1.4106675374870958
24,2,-0.07927425289007345
24,3,0.9264771305689802
24,4,-0.31874037980301984
24,5,-0.7013225984897434
25,1,1.4702935695524564
25,2,0.7787471605014861
25,3,0.11333201707855393
25,4,-0.18079145228428475
25,5,0.5199155752576536
26,1,-1.2099102110173063
26,2,0.29950828515715355
26,3,-0.014966320316812295
26,4,0.24811509918668562
26,5,0.12020279552374684
27,1,-1.4021460173742586
27,2,0.40609015682379035
27,3,0.008322821737455811
27,4,0.09117263846126682
27,5,0.2836023020024741
28,1,-1.0759359916059223
28,2,-0.3408815224941789
28,3,0.06884380077016454
28,4,0.03914989598964816
28,5,0.21847367797195047
29,1,-1.3160101612145019
29,2,0.1099206167045808
29,3,-0.05123762136886177
29,4,0.07827931302576338
29,5,-0.1901564237904644
30,1,-1.2646800366830377
30,2,0.10928484674717878
30,3,0.03268136078851315
30,4,0.207554851946718
30,5,-0.15720836143988762
31,1,-1.149383848464866
31,2,-0.04838454103397536
31,3,-0.13227763891518352
31,4,0.26862869165888903
31,5,0.001499032603932488
32,1,-0.5761934382617651
32,2,0.03317914496358508
32,3,-0.9939241698734564
32,4,0.3795424347329109
32,5,-0.9695755032988757
33,1,-1.056350186109577
33,2,0.023324239163555815
33,3,0.009468984600636977
33,4,0.23160037244426404
33,5,-0.09578977744882482
34,1,1.1257304092171538
34,2,-0.635902780032386
34,3,-0.4317240000005337
34,4,-1.0975521668836656
34,5,-0.09202608734653152
35,1,1.6413418398700883
35,2,-0.6387582674049881
35,3,-0.30766075182155606
35,4,0.8677336938968209
35,5,-0.3525826511805701
36,1,0.40827826601900485
36,2,0.022344387629815037
36,3,1.346838561971272
36,4,-0.12961327007882198
36,5,0.3388702357391611
37,1,-0.8927101893505172
37,2,-0.29254155871675125
37,3,0.2961360783552961
37,4,-0.4027767058477271
37,5,-0.17841307679916446
38,1,-1.1534264330063408
38,2,-0.06528061317912497
38,3,-0.31486519791922135
38,4,0.2185081339878115
38,5,0.10470703524321014
39,1,-1.4366981246569366
39,2,-0.24068679558116957
39,3,0.08767770708014375
39,4,0.13368276254861003
39,5,-0.03512362279032323
40,1,1.0428775471618723
40,2,-0.5419536539844951
40,3,0.03800869314024263
40,4,-0.5301654831211394
40,5,-0.2326706141362615
41,1,-1.149967832824003
41,2,-0.2555591209594823
41,3,-0.013124293009209729
41,4,0.26945502753292616
41,5,0.2362394700237706
42,1,-0.7629318051049728
42,2,-0.37307802615788593
42,3,-0.020935672283130206
42,4,0.1808767610016987
42,5,0.03819835282072841
43,1,0.9931960297878503
43,2,-0.6991075255949759
43,3,-1.363616598947016
43,4,-0.17677510453641337
43,5,0.09932293402584984
44,1,-0.9855261133080786
44,2,-0.1310189713441367
44,3,-0.2063995656120255
44,4,-0.3559997610679674
44,5,0.21259212066762437
45,1,-1.2231608796564233
45,2,-0.2783466244962822
45,3,-0.28925034144245637
45,4,0.2042295667986049
45,5,-0.18969934476075972
46,1,0.5738403777682237
46,2,-0.18218180884195678
46,3,0.4321398638748424
46,4,0.5673762423317061
46,5,0.6641161619058841
47,1,-1.2445584740042412
47,2,0.007850744688728114
47,3,0.045439807736726866
47,4,0.28036165500238613
47,5,0.09983794829192433
48,1,-1.033818710351765
48,2,-0.021059189828755466
48,3,-0.16352489891347566
48,4,0.13162625510413056
48,5,0.016937043637492676
49,1,-1.335624615343958
49,2,-0.12382976213432312
49,3,-0.18336202555593487
49,4,0.13967710936402936
49,5,-0.030916770438780553
50,1,-1.3587048613659292
50,2,-0.24926149511008414
50,3,-0.2024629816005199
50,4,0.001505024001972044
50,5,0.13923425802539788
51,1,-1.282637772706953
51,2,-0.10961521893435687
51,3,-0.21498533783632093
51,4,0.2020424217241932
51,5,-0.20116985397972056
52,1,-1.1787876208298764
52,2,0.03861739323165313
52,3,0.6584541801888049
52,4,-0.5783832287458196
52,5,-0.7543516634046942
53,1,1.3146766984012537
53,2,-0.5869841965019142
53,3,-1.1154822139430731
53,4,-0.17446549790483887
53,5,0.25509526936583066
54,1,1.2076157269968864
54,2,0.050083569371758924
54,3,0.8205106352988809
54,4,0.4833588074615977
54,5,0.7983240295551052
55,1,1.106831759872083
55,2,-0.04128863370072542
55,3,0.7843667676132189
55,4,0.44689864577990107
55,5,0.8482837956016097
56,1,-1.310845030858698
56,2,-0.07771333066206293
56,3,0.05590026042154463
56,4,0.10234755136815832
56,5,-0.0480355703888607
57,1,0.8211769004490095
57,2,-0.7420090839964197
57,3,1.074227010567504
57,4,0.05305257872185013
57,5,0.3795652174784661
58,1,1.3590936046014852
58,2,1.924249679997907
58,3,-0.39658845566040984
58,4,0.17661022109500737
58,5,0.09549003755617498
59,1,1.4176197321363972
59,2,-0.5771918559465365
59,3,-0.20027839068597025
59,4,0.7798386814577243
59,5,-0.3240040725661496
60,1,1.2512786821048683
60,2,-0.5666794398108227
60,3,-1.1888980245802043
60,4,0.0033185667237153925
60,5,0.19301452604730718
61,1,1.1528756218623861
61,2,-0.16312957923573432
61,3,1.0167683712067015
61,4,-0.10550438557089539
61,5,0.6152092323198164
62,1,0.5362435632073568
62,2,-0.3598779880630087
62,3,0.2756269970306138
62,4,0.7058045000466516
62,5,0.7427285500862799
63,1,-1.145685963064393
63,2,-0.12101967169226042
63,3,-0.1611580030363223
63,4,0.02714052724488235
63,5,-0.14237916257777816
64,1,-1.1994997752200893
64,2,-0.09552361386029544
64,3,-0.046479623161369235
64,4,0.21874513325661224
64,5,-0.0664640182184092
65,1,-1.1566501556736313
65,2,-0.1137858978041479
65,3,-0.16213963043809226
65,4,0.2635865395812578
65,5,-0.07586134849948468
66,1,1.741571169155891
66,2,0.6641474255501746
66,3,0.03156702499252276
66,4,-0.22617725079478068
66,5,0.1492637937328613
67,1,-1.002636803650566
67,2,0.8045855757704535
67,3,-0.15054072891025042
67,4,-0.33001331432141795
67,5,0.5492570511707823
68,1,1.3633363231056543
68,2,-0.3198160636192429
68,3,-1.0381002848958494
68,4,0.27165735374595723
68,5,-0.2932006767125804
69,1,1.4833855045124342
69,2,-0.5249897342919162
69,3,-0.4499041652861648
69,4,0.6131059902189961
69,5,-0.5355016205521504
70,1,1.4616126488124233
70,2,-0.21329250431919883
70,3,0.3726486682511424
70,4,-0.2365567818329163
70,5,-0.49233416552007897
71,1,-1.251679451858154
71,2,0.08219085348707085
71,3,0.06376442310727264
71,4,0.25770013262892943
71,5,-0.007531477066361272
72,1,-0.9513041623335797
72,2,0.23421006240476946
72,3,0.23389980582054692
72,4,0.20776090349552995
72,5,-0.3790287596359759
73,1,-1.2886094795192993
73,2,0.35293898310097394
73,3,0.17499921224376236
73,4,-0.06952341561764222
73,5,-0.48538628243256837
74,1,-1.2523338327498688
74,2,0.34072278021737884
74,3,0.310606583640852
74,4,-0.025087802772651113
74,5,-0.4370739082909488
75,1,1.6340118516188007
75,2,-0.45537614836489526
75,3,-0.29528467455662993
75,4,0.5912789392229766
75,5,-0.47922757111768793
76,1,1.3987432838780878
76,2,-0.5328485539330808
76,3,-0.635868755854322
76,4,0.7357426746670954
76,5,-0.008738630691513495
77,1,-1.1995618997464654
77,2,0.36759219076729277
77,3,0.2347384912738891
77,4,0.006138541633911761
77,5,-0.7166680048379476
78,1,1.5795745837243078
78,2,-0.19930834373442732
78,3,0.8293719734195132
78,4,-0.4141704207534148
78,5,-1.0920642418288946
79,1,1.4322024231070423
79,2,-0.1291133200299323
79,3,0.765596572984052
79,4,-0.25526784571388794
79,5,-0.8241113886920527
80,1,-1.2803287945055133
80,2,-0.3234064447752997
80,3,-0.2562435653442874
80,4,-0.2191923229385979
80,5,0.4354450448089928
81,1,0.5724226025902757
81,2,-0.7190246208321422
81,3,0.9923535597322244
81,4,0.25237960732861525
81,5,0.3272332639769531
82,1,0.27207691365123865
82,2,-0.6306146531991246
82,3,0.22715221325364376
82,4,-0.6835306374355338
82,5,0.7472587340127599
83,1,1.0369226215489225
83,2,-0.667737105155903
83,3,-0.32313146112945035
83,4,-1.0168094274943185
83,5,0.08673415693409366
84,1,1.1137972272581687
84,2,-0.5291057550650219
84,3,-0.230159424299223
84,4,-1.0202706448044385
84,5,0.10846745582757286
85,1,-1.208966573688477
85,2,-0.32234412336075313
85,3,0.4863110557852242
85,4,-0.24028141835888345
85,5,-0.42565715200420695
86,1,-1.0976118209565113
86,2,0.04888001106814125
86,3,0.0806766304926464
86,4,0.23294187374581052
86,5,-0.01815585310390751
87,1,-1.3409427676803918
87,2,-0.40923131749910685
87,3,-0.32721776941541936
87,4,-0.26476096957188827
87,5,0.5221692084744106
88,1,-1.1615763395057865
88,2,-0.37715996296779375
88,3,0.24256896043958176
88,4,-0.5690032385792404
88,5,-0.411467069347069
89,1,1.6139989383722126
89,2,-0.5834321137859705
89,3,-0.22771759423302623
89,4,0.5358195447987443
89,5,-0.2790067212754656
90,1,0.6374782413678076
90,2,-0.31084686969273123
90,3,0.4295210339000628
90,4,0.7304128345504367
90,5,0.6082921764799945
91,1,-1.2304762573008732
91,2,-0.07533168114738073
91,3,-0.18683557715184076
91,4,0.016451511120164335
91,5,-0.1088023147236384
92,1,0.48440495616837287
92,2,-0.5853741603857724
92,3,-0.3403429170282981
92,4,-0.2868908338053334
92,5,0.969024351203749
93,1,0.8855467097549788
93,2,-0.20986415735821748
93,3,0.6544338360557613
93,4,0.6851808270170197
93,5,0.7573248890506364
94,1,-1.0840755622561373
94,2,0.9703043478020834
94,3,-0.023666433514388914
94,4,-0.47767632629674117
94,5,0.5060840017545055
95,1,0.9409037745422462
95,2,-0.046123630154326245
95,3,-0.4977116815473557
95,4,-1.6704066240907385
95,5,-0.031760019739963605
96,1,-0.7029647705291737
96,2,2.2157393909214984
96,3,0.18710740600828818
96,4,-0.0867139594853236
96,5,-0.13306360080255492
97,1,1.4839525402193519
97,2,-0.30800684457919814
97,3,0.9552301117855724
97,4,-0.4992280152984511
97,5,-0.8985813210802154
98,1,-1.470670232434869
98,2,0.05180630675104005
98,3,-0.0017475023557129608
98,4,0.13245848238669763
98,5,-0.12077454266587091
99,1,-1.2422449777978297
99,2,-0.1548543362026438
99,3,-0.08803105539138101
99,4,0.16412710466134292
99,5,0.022173918937401813
100,1,-1.2907707576094687
100,2,-0.16272431555119043
100,3,-0.22762806424132956
100,4,0.011451878199714636
100,5,-0.1629252191243171
101,1,-1.1943855348647123
101,2,-0.30143731210886815
101,3,0.39487715396405815
101,4,-0.47880276985356673
101,5,-0.41674490459290764
