0	1	1	1	1	1	1	1	1	1	1	1	1	1	1	2	2	2	2	1	1	1	2	1	2	1	2	2	2	1	1	1	1	2	1	2	2	1	1	1	2	1	1	1	2	2
1	1	2	1	1	1	1	2	1	1	1	1	1	1	1	1	2	2	2	1	1	1	2	1	2	1	1	2	2	1	1	1	1	2	1	2	2	1	2	1	2	1	1	1	2	1
2	1	1	1	1	1	1	1	1	1	1	1	1	1	1	2	2	2	2	1	1	1	2	1	2	1	2	2	2	1	1	1	1	2	1	2	2	1	1	1	2	1	1	1	2	2
3	1	2	1	1	1	1	2	1	1	1	1	1	1	1	2	2	2	2	1	1	1	2	1	2	1	2	2	2	1	1	1	1	2	1	2	2	1	2	1	1	1	1	1	2	2
4	1	2	1	1	1	1	1	1	1	1	1	1	1	1	2	2	2	2	1	1	1	2	1	2	1	2	2	2	1	1	1	1	2	1	2	2	1	1	1	2	1	1	1	2	2
5	1	2	1	1	1	1	2	2	2	2	2	1	1	1	2	2	2	2	1	1	1	2	1	2	1	2	2	2	1	1	1	1	2	1	2	2	1	1	1	1	1	1	1	1	2
6	1	2	1	1	2	1	1	1	1	1	1	1	1	1	1	2	1	2	1	1	1	2	1	2	1	1	2	2	1	1	1	1	2	1	2	2	1	1	1	2	1	1	1	2	1
7	1	2	1	1	1	1	2	2	2	2	2	1	1	1	2	2	2	2	1	1	1	2	1	2	1	2	2	2	1	1	1	1	2	1	2	2	1	1	1	1	1	2	1	2	2
8	1	1	1	1	1	1	1	1	1	1	1	1	1	1	1	1	1	2	2	1	1	2	1	2	1	1	2	2	2	2	2	1	2	1	2	2	1	1	1	1	1	1	1	1	1
9	1	2	1	1	1	1	2	2	2	2	2	1	1	1	1	2	1	2	2	1	1	2	1	2	1	1	2	2	2	2	2	1	2	1	2	2	1	1	1	1	1	1	1	1	1
10	1	2	1	1	1	1	2	2	2	2	2	1	1	1	2	2	2	2	1	1	1	2	1	2	1	2	2	2	1	1	1	1	2	1	2	2	1	1	1	1	1	1	1	1	2
11	1	1	1	1	1	1	1	1	1	1	1	1	1	1	1	2	1	2	1	1	1	2	1	2	1	1	2	2	1	1	1	1	2	1	2	2	1	1	2	2	1	1	1	2	1
12	1	2	1	1	1	1	2	2	2	2	2	1	1	1	2	2	2	2	1	1	1	2	1	2	1	2	2	2	1	1	1	1	2	1	2	2	1	1	1	1	1	1	1	1	2
13	1	2	1	1	1	1	2	1	1	1	1	1	1	1	2	2	2	2	1	1	1	2	1	2	1	2	2	2	1	1	1	1	2	1	2	2	1	1	1	1	1	1	1	1	2
14	1	2	1	1	1	1	2	2	2	1	1	1	1	1	1	2	1	2	1	1	1	2	1	2	1	1	2	2	1	1	1	1	2	1	2	2	1	1	1	2	1	2	1	2	1
15	1	2	1	1	1	1	2	2	2	2	2	1	1	1	2	2	2	2	1	1	1	2	1	2	1	2	2	2	1	1	1	1	2	1	2	2	1	2	1	1	1	1	1	2	2
16	1	1	1	1	1	1	1	1	1	1	1	1	1	1	1	2	1	2	1	1	1	2	1	2	1	1	2	2	1	1	1	1	2	1	2	2	1	1	2	2	1	1	1	2	1
17	1	2	1	1	1	1	2	2	2	1	1	1	1	1	1	2	2	2	1	1	1	2	1	2	1	1	2	2	1	1	1	1	2	1	2	2	1	2	2	2	1	1	1	2	1
18	1	2	1	1	1	1	2	2	2	1	1	1	1	1	1	2	2	2	1	1	1	2	1	2	1	1	2	2	1	1	1	1	2	1	2	2	1	2	2	2	1	1	1	2	1
19	1	2	1	1	1	1	2	2	2	2	2	1	1	1	2	2	2	2	1	1	1	2	1	2	1	2	2	2	1	1	1	1	2	1	2	2	1	1	2	2	1	1	1	2	2
20	1	2	1	1	1	1	2	2	2	2	2	1	1	1	2	2	2	2	1	1	1	2	1	2	1	2	2	2	1	1	1	1	2	1	2	2	1	1	1	1	1	1	1	1	2
21	1	2	1	1	1	1	2	2	2	1	1	1	1	1	1	2	2	2	1	1	1	2	1	2	1	2	2	2	1	1	1	1	2	1	2	2	1	1	1	1	1	1	1	1	2
22	1	1	1	1	1	1	2	2	2	2	2	1	1	1	2	2	1	1	1	1	1	1	1	1	1	1	1	1	1	1	1	1	1	1	1	1	1	1	1	1	1	1	1	1	1
23	1	1	1	1	1	1	2	2	2	2	2	1	1	1	2	2	2	2	1	1	1	2	1	2	1	2	2	2	1	1	1	1	2	1	2	2	1	1	1	1	1	1	1	1	2
24	1	2	1	1	1	1	2	2	2	1	1	1	1	1	1	2	1	2	1	1	1	2	1	2	1	1	2	2	1	1	1	1	2	1	2	2	1	1	1	1	1	1	1	1	1
25	1	2	1	1	1	1	2	2	2	2	2	1	1	1	2	2	2	2	1	1	1	2	1	2	1	2	2	2	1	1	1	1	2	1	2	2	1	1	1	1	1	1	1	1	2
26	1	2	1	1	1	1	2	2	2	2	2	1	1	1	2	1	2	2	1	1	1	2	1	2	1	2	2	2	1	1	1	1	2	1	2	2	1	1	1	1	1	1	1	1	2
27	1	2	1	1	1	1	2	2	2	2	2	1	1	1	2	2	2	2	1	1	1	2	1	2	1	2	2	2	1	1	1	1	2	1	2	2	1	1	1	2	1	1	1	2	2
28	1	2	1	1	1	1	2	2	2	2	2	1	1	1	2	2	2	2	1	1	1	2	1	2	2	2	2	2	1	1	1	1	2	1	2	2	1	2	1	1	1	1	1	2	2
29	1	2	1	1	1	1	1	1	1	1	1	1	1	1	1	2	2	2	1	1	1	2	1	2	1	2	2	2	1	1	1	1	2	1	2	2	1	1	1	1	1	1	1	1	2
30	1	2	1	1	1	1	2	2	2	2	2	1	1	1	2	2	2	2	1	1	1	2	1	2	1	2	2	2	1	1	1	1	2	1	2	2	1	2	1	1	1	1	1	2	2
31	1	1	1	1	1	1	1	1	1	1	1	1	1	1	2	2	2	2	1	1	1	2	1	2	2	2	2	2	1	1	1	1	2	1	2	2	1	1	1	1	1	1	1	1	2
32	1	2	1	1	1	1	2	2	2	2	2	1	1	1	2	2	2	2	1	1	1	2	1	2	1	2	2	2	1	1	1	1	2	1	2	2	1	1	1	1	1	1	1	1	2
33	1	2	1	1	1	1	2	2	2	1	1	1	1	1	1	2	1	2	1	1	1	2	1	2	1	1	2	2	1	1	1	1	2	1	2	2	1	1	1	2	1	2	1	2	1
34	1	1	1	1	1	1	1	1	1	1	1	1	1	1	2	2	2	2	1	1	1	2	1	2	1	2	2	2	1	1	1	1	2	1	2	2	1	1	1	2	1	1	1	2	2
35	1	1	1	1	1	1	1	1	1	1	1	1	1	1	1	1	1	1	1	1	1	1	1	1	1	1	1	1	2	2	2	1	2	1	1	2	1	1	1	1	1	1	1	1	2
36	1	2	1	1	1	1	2	2	2	2	2	1	1	1	2	2	2	1	1	1	1	1	1	1	1	1	1	1	1	1	1	1	2	1	1	2	1	2	1	1	1	1	1	2	1
37	1	2	1	1	1	1	2	2	2	2	2	1	1	1	2	1	2	2	1	1	1	2	1	2	1	2	2	2	1	1	1	1	2	1	2	2	1	1	1	1	1	1	1	1	2
38	1	2	1	1	1	1	2	2	2	2	2	1	1	1	2	2	2	2	1	1	1	2	1	2	1	2	2	2	1	1	1	1	2	1	2	2	1	1	1	1	1	2	1	2	2
39	1	2	1	1	1	1	2	2	2	1	1	1	1	1	1	2	1	2	1	1	1	2	1	2	1	1	2	2	1	1	1	1	2	1	2	2	1	1	1	2	1	2	1	2	1
40	1	2	1	1	1	1	2	2	2	1	1	1	1	1	2	2	2	2	1	1	1	2	1	2	2	2	2	2	1	1	1	1	2	1	2	2	1	1	1	1	1	2	1	2	2
41	1	2	1	1	1	1	2	2	2	2	2	1	1	1	2	2	2	2	1	1	1	2	1	2	1	2	2	2	1	1	1	1	2	1	2	2	1	1	1	1	1	1	1	1	2
42	1	2	1	1	1	1	1	1	1	1	1	1	1	1	1	2	1	2	1	1	1	2	1	2	1	1	2	2	1	1	1	1	2	1	2	2	1	1	1	2	1	1	1	2	1
43	1	2	1	1	1	1	2	2	2	2	2	1	1	1	2	2	2	2	1	1	1	2	1	2	1	2	2	2	1	1	1	1	2	1	2	2	1	1	1	2	1	1	1	2	2
44	1	2	1	1	1	1	2	2	2	2	2	1	1	1	2	2	2	2	1	1	1	2	1	2	1	2	2	2	1	1	1	1	2	1	2	2	1	2	1	1	1	1	1	2	2
45	1	2	1	1	1	1	2	2	2	1	1	1	1	1	2	2	2	2	1	1	1	2	1	2	1	2	2	2	1	1	1	1	2	1	2	2	1	1	2	2	1	1	1	2	2
46	1	2	1	1	1	1	1	1	1	1	1	1	1	1	1	2	2	2	1	1	1	2	1	2	1	2	2	2	1	1	1	1	2	1	2	2	1	1	1	1	1	1	1	1	2
47	1	2	1	1	1	1	1	1	1	1	1	1	1	1	1	2	2	2	1	1	1	2	1	2	1	2	2	2	1	1	1	1	2	1	2	2	1	1	1	2	1	1	1	2	2
48	1	2	1	1	1	1	1	1	1	1	1	1	1	1	1	2	2	2	1	1	1	2	1	2	1	2	2	2	1	1	1	1	2	1	2	2	1	1	1	2	1	1	1	2	2
49	1	2	1	1	1	1	1	1	1	1	1	1	1	1	1	2	2	2	1	1	1	2	1	2	1	2	2	2	1	1	1	1	2	1	2	2	1	1	1	2	1	1	1	2	2
50	1	2	1	1	1	1	2	2	2	2	2	1	1	1	2	2	2	2	1	1	1	2	1	2	1	2	2	2	1	1	1	1	2	1	2	2	1	1	1	2	1	1	1	2	2
51	1	2	1	1	1	1	2	2	2	2	2	1	1	1	2	1	2	2	1	1	1	2	1	2	1	2	2	2	1	1	1	1	2	1	2	2	1	1	1	1	1	1	1	1	2
52	1	2	1	1	1	1	2	2	2	1	1	1	1	1	1	2	1	2	1	1	1	2	1	2	1	1	2	2	1	1	1	1	2	1	2	2	1	1	2	2	1	2	1	2	1
53	1	1	1	1	1	1	1	1	1	1	1	1	1	1	1	2	1	2	2	1	1	2	1	2	1	1	2	2	2	2	2	1	2	1	2	2	1	1	1	2	1	1	1	2	1
54	1	1	1	1	1	1	1	1	1	1	1	1	1	1	2	2	2	2	2	1	1	2	1	2	1	2	2	2	2	2	2	1	2	1	2	2	1	1	1	1	1	1	1	1	2
55	1	2	1	1	1	1	2	2	2	2	2	1	1	1	2	2	2	2	1	1	1	2	1	2	1	2	2	2	1	1	1	1	2	1	2	2	1	1	1	1	1	1	1	1	2
56	1	2	1	1	1	1	1	1	1	1	1	1	1	1	1	1	1	1	2	1	1	1	1	1	1	1	1	1	2	2	2	1	2	1	1	2	1	1	1	1	1	1	1	1	1
57	1	2	1	2	1	1	2	2	2	2	2	1	1	1	1	2	2	2	1	1	1	2	1	2	1	1	2	2	1	1	1	1	2	1	2	2	1	2	2	2	1	1	1	2	1
58	1	1	1	1	1	1	1	1	1	1	1	1	1	1	2	2	2	2	1	1	1	2	1	2	1	2	2	2	1	1	1	1	2	1	2	2	1	1	2	2	1	1	1	2	2
59	1	2	1	1	1	1	1	1	1	1	1	2	1	1	1	1	1	2	1	1	1	2	1	2	1	1	2	2	1	1	1	1	2	1	2	2	1	1	1	2	1	1	1	2	1
60	1	1	1	1	1	1	1	1	1	1	1	1	1	1	1	2	1	2	2	1	1	2	1	2	1	1	2	2	2	2	2	1	2	1	2	2	1	1	2	2	1	1	1	2	1
61	1	2	1	1	2	1	2	1	1	1	1	1	1	1	2	2	2	2	1	1	1	2	1	2	1	2	2	2	1	1	1	1	2	1	2	2	1	1	1	2	1	1	1	2	2
62	1	2	1	1	1	1	2	2	2	2	2	1	1	1	2	2	1	2	1	1	1	2	1	2	1	1	2	2	1	1	1	1	2	1	2	2	1	1	1	2	1	1	1	2	1
63	1	2	1	1	1	1	2	2	2	2	2	1	1	1	2	2	2	2	1	1	1	2	1	2	1	2	2	2	1	1	1	1	2	1	2	2	1	1	1	1	1	1	1	1	2
64	1	2	1	1	1	1	2	2	2	2	2	1	1	1	2	2	2	2	1	1	1	2	1	2	1	2	2	2	1	1	1	1	2	1	2	2	1	1	1	1	1	1	1	1	2
65	1	2	1	1	1	1	2	1	1	1	1	1	1	1	1	2	1	2	1	1	1	2	1	2	1	1	2	2	1	1	1	1	2	1	2	2	1	1	2	2	1	1	1	2	1
66	1	2	1	1	1	1	2	2	2	2	2	1	1	1	2	2	2	2	1	1	1	2	1	2	1	2	2	2	1	1	1	1	2	1	2	2	1	1	1	1	1	1	1	1	2
67	1	1	1	1	1	1	1	1	1	1	1	1	1	1	1	2	2	2	1	1	1	2	2	2	1	1	2	2	1	1	1	1	2	1	2	2	1	2	2	2	1	2	1	2	1
68	1	1	1	1	1	1	1	1	1	1	1	1	1	1	1	2	1	2	1	1	1	2	1	2	1	1	2	2	1	1	1	1	2	1	2	2	1	1	2	2	1	1	1	2	1
69	1	2	1	1	1	1	2	2	2	2	2	1	2	1	1	2	1	2	1	1	1	2	1	2	1	1	2	2	1	1	1	1	2	1	2	2	1	1	1	2	1	2	1	2	1
70	1	2	1	1	1	1	2	2	2	2	2	1	1	1	2	2	2	2	1	1	1	2	1	2	1	2	2	2	1	1	1	1	2	1	2	2	1	1	1	1	1	1	1	1	2
71	1	2	1	1	1	1	2	2	2	2	2	1	1	1	2	2	2	2	1	1	1	2	1	2	1	2	2	2	1	1	1	1	2	1	2	2	1	1	2	2	1	1	1	2	2
72	1	2	1	1	1	1	2	2	2	2	2	1	1	1	2	2	2	2	1	1	1	2	1	2	1	2	2	2	1	1	1	1	2	1	2	2	1	1	2	2	1	1	1	2	2
73	1	2	1	1	1	1	2	2	2	2	2	1	1	1	2	2	2	2	1	1	1	2	1	2	1	2	2	2	1	1	1	1	2	1	2	2	1	1	2	2	1	1	1	2	2
74	1	1	1	1	1	1	1	1	1	1	1	1	1	1	2	2	2	2	1	1	1	2	1	2	1	2	2	2	1	1	1	1	2	1	2	2	1	1	2	2	1	1	1	2	2
75	1	1	1	1	1	1	1	1	1	1	1	1	1	1	1	2	1	2	1	1	1	2	1	2	1	1	2	2	1	1	1	1	2	1	2	2	1	1	2	2	1	1	1	2	1
76	1	2	1	1	1	1	1	1	1	1	1	1	1	1	1	2	2	2	1	1	1	2	1	2	1	2	2	2	1	1	1	1	2	1	2	2	1	1	2	2	1	1	1	2	2
77	1	2	1	1	1	1	2	2	2	1	1	1	1	1	1	2	2	2	1	1	1	2	1	2	1	2	2	2	1	1	1	1	2	1	2	2	1	1	1	1	1	2	1	2	2
78	1	1	1	1	1	1	1	1	1	1	1	1	1	1	1	2	2	2	1	1	1	2	1	2	1	2	2	2	1	1	1	1	2	1	2	2	1	1	2	2	1	1	1	2	2
79	1	2	1	1	1	1	1	1	1	1	1	1	1	1	1	2	2	2	1	1	1	2	1	2	1	2	2	2	1	1	1	1	2	1	2	2	1	1	2	2	1	1	1	2	2
80	1	2	1	1	1	1	2	2	2	2	2	1	1	1	2	2	2	2	1	1	1	2	1	2	1	2	2	2	1	1	1	1	2	1	2	2	1	1	1	1	1	2	1	2	2
81	1	2	1	1	1	1	2	2	2	2	2	1	1	1	2	2	2	2	1	1	1	2	1	2	1	2	2	2	1	1	1	1	2	1	2	2	1	1	2	2	1	1	1	2	2
82	1	2	1	1	1	1	2	2	2	1	1	1	1	1	1	2	1	2	1	1	1	2	1	2	1	1	2	2	1	1	1	1	2	1	2	2	1	1	2	2	1	2	1	2	1
83	1	2	1	1	1	1	2	2	2	1	1	1	1	1	1	2	2	2	1	1	1	2	1	2	1	2	2	2	1	1	1	1	2	1	2	2	1	1	1	1	1	2	1	2	2
84	1	2	1	1	1	1	2	2	2	2	2	1	1	1	2	2	2	2	1	1	1	2	1	2	1	2	2	2	1	1	1	1	2	1	2	2	1	1	1	1	1	2	1	2	2
85	1	2	1	1	1	1	2	2	2	2	2	1	1	1	2	2	2	2	1	1	1	2	1	2	1	2	2	2	1	1	1	1	2	1	2	2	1	1	1	1	1	1	1	1	2
86	1	2	1	1	1	1	2	2	2	2	2	1	1	1	2	2	2	2	1	1	1	2	1	2	1	2	2	2	1	1	1	1	2	1	2	2	1	1	2	2	1	1	1	2	2
87	1	2	1	1	1	1	2	2	2	1	1	1	1	1	1	2	2	2	1	1	1	2	1	2	1	2	2	2	1	1	1	1	2	1	2	2	1	1	1	1	1	2	1	2	2
88	1	1	1	1	1	1	1	1	1	1	1	1	1	1	2	2	2	2	1	1	1	2	1	2	1	2	2	2	1	1	1	1	2	1	2	2	1	1	2	2	1	1	1	2	2
89	1	1	1	1	2	1	1	1	1	1	1	1	1	1	1	2	1	2	1	1	1	2	1	2	1	1	2	2	1	1	1	1	2	1	2	2	1	1	1	2	1	1	1	2	1
90	1	2	1	1	2	1	1	1	1	1	1	1	1	1	1	2	2	2	1	1	1	2	1	2	1	2	2	2	1	1	1	1	2	1	2	2	1	1	1	2	1	1	1	2	2
91	1	1	1	1	2	1	1	1	1	1	1	1	1	1	1	2	1	2	1	1	1	2	1	2	1	1	2	2	1	1	1	1	2	1	2	2	1	1	2	2	1	1	1	2	1
92	1	1	1	1	1	1	1	1	1	1	1	1	1	1	1	2	1	2	1	1	1	2	1	2	1	1	2	2	1	1	1	1	2	1	2	2	1	1	2	2	1	1	1	2	1
93	1	2	1	1	1	1	2	2	2	2	2	1	1	1	2	2	2	2	1	1	1	2	1	2	1	1	2	2	1	1	1	1	2	1	2	2	1	2	1	1	1	1	1	2	1
94	1	2	1	1	1	1	2	2	2	1	1	1	1	1	1	2	2	2	1	1	1	2	1	2	1	2	2	2	1	1	1	1	2	1	2	2	1	1	1	1	1	2	1	2	2
95	1	2	1	1	1	1	2	2	2	2	2	1	1	1	2	2	2	2	1	1	1	2	1	2	1	2	2	2	1	1	1	1	2	1	2	2	1	2	1	1	1	1	1	2	2
96	1	1	1	1	1	1	1	1	1	1	1	1	1	1	1	2	2	2	1	1	1	2	1	2	1	2	2	2	1	1	1	1	2	1	2	2	1	1	2	2	1	1	1	2	2
97	1	2	1	1	1	1	2	2	2	2	2	1	1	1	2	2	2	2	1	1	1	2	1	2	1	2	2	2	1	1	1	1	2	1	2	2	1	1	1	2	1	1	1	2	2
98	1	2	1	1	1	1	2	2	2	2	2	1	1	1	2	2	2	2	1	1	1	2	1	2	1	2	2	2	1	1	1	1	2	1	2	2	1	1	1	1	1	1	1	1	2
99	1	2	1	1	1	1	2	2	2	2	2	1	1	1	2	2	2	2	1	1	1	2	1	2	1	2	2	2	1	1	1	1	2	1	2	2	1	1	1	2	1	1	1	2	2
100	1	2	1	1	1	1	2	2	2	2	2	1	1	1	2	2	2	2	1	1	1	2	1	2	1	2	2	2	1	1	1	1	2	1	2	2	1	1	1	1	1	2	1	2	2
