0	2	1	2	1	2	2	2	2	2	2	1	2	2	1	1	2	2	2	2	1	2	1	2	2	1	2	2	1	2	2	2	2	2	2	2	2	2	2	1	2
1	2	1	2	1	2	2	2	2	2	2	1	2	2	1	1	2	2	2	1	1	2	1	2	1	1	2	2	1	2	2	2	2	2	2	2	1	1	2	1	2
2	2	1	2	1	2	2	2	2	2	2	1	2	2	1	1	2	2	2	1	1	2	1	2	1	1	2	2	1	2	2	2	2	2	2	2	1	1	2	1	2
3	2	1	2	1	2	2	2	2	2	2	1	2	2	1	1	2	2	2	1	1	2	1	2	1	1	2	2	1	2	2	2	2	2	2	2	1	1	2	1	2
4	2	1	2	1	2	2	2	2	2	2	1	2	2	1	1	2	2	2	1	1	2	1	2	2	1	2	2	2	2	2	2	2	2	2	2	2	2	2	1	2
5	2	1	2	1	2	2	2	2	2	2	1	2	2	1	1	2	2	2	1	1	2	1	2	1	1	2	2	1	2	2	2	2	2	2	2	2	2	2	1	2
6	1	1	2	1	2	1	2	1	2	2	1	2	2	1	1	1	1	1	1	1	1	1	1	2	1	1	1	2	1	2	2	1	1	1	1	2	2	1	1	1
7	1	1	2	1	2	1	2	1	2	2	1	2	2	1	1	1	1	1	1	1	1	1	1	2	1	1	1	2	1	2	2	1	1	1	1	2	2	1	1	1
8	2	2	2	1	2	1	2	1	2	2	1	2	2	1	1	1	1	1	2	1	1	1	1	2	1	1	1	2	1	2	2	1	1	1	1	2	2	1	1	1
9	2	1	2	1	2	2	2	2	2	2	1	2	2	1	1	2	2	2	2	1	2	1	2	2	1	2	2	1	2	2	2	2	2	2	2	2	2	2	1	2
10	2	2	2	1	2	1	2	1	2	2	1	2	2	1	1	2	2	2	1	1	2	1	2	2	1	2	2	2	2	2	2	2	2	2	2	2	2	2	1	2
11	2	1	2	1	2	1	2	1	2	2	1	2	2	1	1	1	1	1	2	1	1	1	1	2	1	1	1	2	1	2	2	1	1	1	1	2	2	1	1	1
12	1	1	2	1	2	1	2	1	2	2	1	2	2	1	1	1	1	1	1	1	1	1	1	2	1	1	1	2	1	2	2	1	1	1	1	2	2	1	1	1
13	2	1	2	1	2	2	2	2	2	2	1	2	2	1	1	2	2	2	1	1	2	1	2	2	1	2	2	2	2	2	2	2	2	2	2	2	2	2	1	2
14	1	1	2	1	2	2	2	2	2	2	1	2	2	1	1	2	2	2	1	1	2	1	2	2	1	2	2	2	2	2	2	2	2	2	2	2	2	2	2	2
15	1	1	2	1	2	1	2	1	2	2	1	2	2	1	1	1	1	1	1	1	1	1	1	2	1	1	1	2	1	2	2	1	1	1	1	2	2	1	1	1
16	1	1	2	1	2	1	2	1	2	2	1	2	2	1	1	1	1	1	1	1	1	1	1	2	1	1	1	2	1	2	2	1	1	1	1	2	2	1	1	1
17	1	1	2	1	2	1	2	1	2	2	1	2	2	1	1	1	1	1	1	1	1	1	1	2	1	1	1	2	1	2	2	1	1	1	1	2	2	1	1	1
18	1	1	2	1	2	1	2	1	2	2	1	2	2	1	1	1	1	1	1	1	1	1	1	2	1	1	1	2	1	2	2	1	1	1	1	2	2	1	1	1
19	1	1	2	1	2	1	2	1	2	2	1	2	2	1	1	1	1	1	1	1	1	1	1	2	1	1	1	2	1	2	2	1	1	1	1	2	2	1	1	1
20	2	1	2	1	2	2	2	2	2	2	1	2	2	1	1	2	2	2	1	1	2	1	2	2	1	2	2	2	2	2	2	2	2	2	2	2	2	2	1	2
21	2	1	2	1	2	1	2	1	2	2	1	2	2	1	1	1	1	1	2	1	1	1	1	2	1	1	1	2	1	2	2	1	1	1	1	2	2	1	1	1
22	1	1	2	1	2	1	2	1	2	2	1	2	2	1	1	1	1	1	1	1	1	2	1	2	1	1	1	2	1	2	2	1	1	1	1	2	2	1	1	1
23	1	1	2	1	2	1	2	1	2	2	1	2	2	1	1	1	1	1	1	1	1	1	1	2	1	1	1	2	1	2	2	1	1	1	1	2	2	1	1	1
24	2	1	2	1	2	1	2	1	2	2	1	2	2	1	1	1	1	1	2	1	1	2	1	2	1	1	1	2	1	2	2	1	1	1	1	2	2	1	1	1
25	2	1	2	1	2	2	2	2	2	2	1	2	2	1	1	2	2	2	1	1	2	1	2	2	1	2	2	2	2	2	2	2	2	2	2	2	2	2	1	2
26	2	1	2	1	2	2	2	2	2	2	1	2	2	1	1	2	2	2	1	1	2	1	2	2	1	2	2	2	2	2	2	2	2	2	2	2	2	2	1	2
27	1	1	2	1	2	1	2	1	2	2	1	2	2	1	1	1	1	1	1	1	1	1	1	2	1	1	1	2	1	2	2	1	1	1	1	2	2	1	1	1
28	1	1	2	1	2	1	2	1	2	2	1	2	2	1	1	1	1	1	1	1	1	1	1	2	1	1	1	2	1	2	2	1	1	1	1	2	2	1	1	1
29	2	1	2	1	2	2	2	2	2	2	1	2	2	1	1	2	2	2	1	1	2	1	2	1	1	2	2	1	2	2	2	2	2	2	2	1	1	2	1	2
30	2	1	2	1	2	2	2	2	2	2	1	2	2	1	1	2	2	2	1	1	2	1	2	2	1	2	2	2	2	2	2	2	2	2	2	2	2	2	1	2
31	2	1	2	1	2	2	2	2	2	2	1	2	2	1	1	2	2	2	1	1	2	1	2	2	1	2	2	2	2	2	2	2	2	2	2	2	2	2	1	2
32	2	1	2	1	2	2	2	2	2	2	1	2	2	1	1	2	2	2	1	1	2	1	2	2	1	2	2	2	2	2	2	2	2	2	2	2	2	2	1	2
33	1	1	2	1	2	1	2	1	2	2	1	2	2	1	1	1	1	1	1	1	1	1	1	2	1	1	1	2	1	2	2	1	1	1	1	2	2	1	1	1
34	2	1	2	1	2	2	2	2	2	2	1	2	2	1	1	2	2	2	1	1	2	1	2	2	1	2	2	2	2	2	2	2	2	2	2	2	2	2	1	2
35	2	1	2	1	2	1	2	1	2	2	1	2	2	1	1	1	1	1	2	1	1	1	1	2	1	1	1	2	1	2	2	1	1	1	1	2	2	1	1	1
36	1	1	2	1	2	2	2	2	2	2	1	2	2	1	1	2	2	2	1	1	2	1	2	2	1	2	2	2	2	2	2	2	2	2	2	2	2	2	1	2
37	1	1	2	1	2	1	2	1	2	2	1	2	2	1	1	1	1	1	1	1	1	1	1	2	1	1	1	2	1	2	2	1	1	1	1	2	2	1	1	1
38	1	1	2	1	2	1	2	1	2	2	1	2	2	1	1	1	1	1	1	1	1	1	1	2	1	1	1	2	1	2	2	1	1	1	1	2	2	1	1	1
39	1	1	2	1	2	1	2	1	2	2	1	2	2	1	1	1	1	1	1	1	1	1	1	2	1	1	1	2	1	2	2	1	1	1	1	2	2	1	1	1
40	1	1	2	1	2	1	2	1	2	2	1	2	2	1	1	1	1	1	1	1	1	1	1	2	1	1	1	2	1	2	2	1	1	1	1	2	2	1	1	1
41	2	1	2	1	2	2	2	2	2	2	1	2	2	1	1	2	2	2	1	1	2	1	2	2	1	2	2	2	2	2	2	2	2	2	2	2	2	2	1	2
42	2	1	2	1	2	2	2	2	2	2	1	2	2	1	1	2	2	2	1	1	2	1	2	2	1	2	2	2	2	2	2	2	2	2	2	2	2	2	1	2
43	1	1	2	1	2	1	2	1	2	2	1	2	2	1	1	1	1	1	1	1	1	1	1	2	1	1	1	2	1	2	2	1	1	1	1	2	2	1	1	1
44	2	1	2	1	2	2	2	2	2	2	1	2	2	1	1	2	2	2	1	1	2	1	2	2	1	2	2	2	2	2	2	2	2	2	2	2	2	2	1	2
45	1	1	2	1	2	1	2	1	2	2	1	2	2	1	1	1	1	1	1	1	1	1	1	2	1	1	1	2	1	2	2	1	1	1	1	2	2	1	1	1
46	2	1	2	1	2	2	2	2	2	2	1	2	2	1	1	2	2	2	1	1	2	1	2	1	1	2	2	1	2	2	2	2	2	2	2	1	1	2	1	2
47	2	1	2	1	2	2	2	2	2	2	1	2	2	1	1	2	2	2	1	1	2	1	2	2	1	2	2	2	2	2	2	2	2	2	2	2	2	2	1	2
48	2	1	2	1	2	2	2	2	2	2	1	2	2	1	1	2	2	2	1	1	2	1	2	2	1	2	2	2	2	2	2	2	2	2	2	2	2	2	1	2
49	2	1	2	1	2	2	2	2	2	2	1	2	2	1	1	2	2	2	1	1	2	1	2	2	1	2	2	2	2	2	2	2	2	2	2	2	2	2	1	2
50	1	1	2	1	2	1	2	1	2	2	1	2	2	1	1	1	1	1	1	1	1	1	1	2	1	1	1	2	1	2	2	1	1	1	1	2	2	1	1	1
51	1	1	2	1	2	1	2	1	2	2	1	2	2	1	1	1	1	1	1	1	1	1	1	2	1	1	1	2	1	2	2	1	1	1	1	2	2	1	1	1
52	2	1	2	1	2	2	2	2	2	2	1	2	2	1	1	2	2	2	1	1	2	1	2	1	1	2	2	1	2	2	2	2	2	2	2	1	1	2	1	2
53	2	1	2	1	2	2	2	2	2	2	1	2	2	1	1	2	2	2	1	1	2	2	2	2	1	2	2	2	2	2	2	2	2	2	2	2	2	2	1	2
54	1	1	2	1	2	2	2	1	2	2	1	2	2	1	1	1	1	1	1	1	1	1	1	2	1	1	1	2	1	2	2	1	1	1	1	2	2	1	1	1
55	2	1	2	1	2	2	2	1	2	2	1	2	2	1	1	1	1	1	2	1	1	1	1	2	1	1	1	2	1	2	2	1	1	1	1	2	2	1	1	1
56	1	1	2	1	2	1	2	1	2	2	1	2	2	1	1	1	1	1	1	1	1	1	1	2	1	1	1	2	1	2	2	1	1	1	1	2	2	1	1	1
57	2	1	2	1	2	1	2	1	2	2	1	2	2	1	1	1	1	1	2	1	1	1	1	2	1	1	1	2	1	2	2	1	1	1	1	2	2	1	1	1
58	2	1	2	1	2	2	2	2	2	2	1	2	2	1	1	2	2	2	2	1	2	1	2	2	1	2	2	1	2	2	2	2	2	2	2	2	2	2	1	2
59	2	1	2	1	2	2	2	2	2	2	1	2	2	1	1	2	2	2	1	1	2	1	2	1	1	2	2	1	2	2	2	2	2	2	2	1	1	2	1	2
60	2	1	2	1	2	2	2	2	2	2	1	2	2	1	1	2	2	2	1	1	2	1	2	2	1	2	2	2	2	2	2	2	2	2	2	2	2	2	1	2
61	2	1	2	1	2	1	2	1	2	2	1	2	2	1	1	1	1	1	2	1	1	1	1	2	1	1	1	2	1	2	2	1	1	1	1	2	2	1	1	1
62	1	1	2	1	2	1	2	1	2	2	1	2	2	1	1	1	1	1	1	1	1	1	1	2	1	1	1	2	1	2	2	1	1	1	1	2	2	1	1	1
63	1	1	2	1	2	1	2	1	2	2	1	2	2	1	1	1	1	1	1	1	1	1	1	2	1	1	1	2	1	2	2	1	1	1	1	2	2	1	1	1
64	2	1	2	1	2	1	2	1	2	2	1	2	2	1	1	1	1	1	2	1	1	1	1	2	1	1	1	2	1	2	2	1	1	1	1	2	2	1	1	1
65	2	1	2	1	2	1	2	1	2	2	1	2	2	1	1	1	1	1	2	1	1	2	1	2	1	1	1	2	1	2	2	1	1	1	1	2	2	1	1	1
66	2	2	2	1	2	2	2	2	2	2	1	2	2	1	1	2	2	2	1	1	2	2	2	2	1	2	2	2	2	2	2	2	2	2	2	2	2	2	1	2
67	2	1	2	1	2	1	2	1	2	2	1	2	2	1	1	1	1	1	2	1	1	1	1	2	1	1	1	2	1	2	2	1	1	1	1	2	2	1	1	1
68	1	1	2	1	2	1	2	1	2	2	1	2	2	1	1	1	1	1	1	1	1	1	1	2	1	1	1	2	1	2	2	1	1	1	1	2	2	1	1	1
69	2	1	2	1	2	2	2	2	2	2	1	2	2	1	1	2	2	2	2	1	2	1	2	2	1	2	2	1	2	2	2	2	2	2	2	2	2	2	1	2
70	2	1	2	1	2	2	2	2	2	2	1	2	2	1	1	2	2	2	1	1	2	1	2	2	1	2	2	2	2	2	2	2	2	2	2	2	2	2	1	2
71	2	1	2	1	2	2	2	2	2	2	1	2	2	1	1	2	2	2	2	1	2	1	2	2	1	2	2	1	2	2	2	2	2	2	2	2	2	2	1	2
72	2	1	2	1	2	2	2	2	2	2	1	2	2	1	1	2	2	2	2	1	2	1	2	2	1	2	2	1	2	2	2	2	2	2	2	2	2	2	1	2
73	2	1	2	1	2	2	2	2	2	2	1	2	2	1	1	2	2	2	2	1	2	1	2	2	1	2	2	1	2	2	2	2	2	2	2	2	2	2	1	2
74	1	1	2	1	2	2	2	1	2	2	1	2	2	1	1	1	1	1	1	1	1	1	1	2	1	1	1	2	1	2	2	1	1	1	1	2	2	1	1	1
75	2	1	2	1	2	2	2	1	2	2	1	2	2	1	1	1	1	1	2	1	1	1	1	2	1	1	1	2	1	2	2	1	1	1	1	2	2	1	1	1
76	2	1	2	1	2	2	2	2	2	2	1	2	2	1	1	2	2	2	2	1	2	1	2	2	1	2	2	1	2	2	2	2	2	2	2	2	2	2	1	2
77	1	1	2	1	2	1	2	1	2	2	1	2	2	1	1	1	1	1	1	1	1	1	1	2	1	1	1	2	1	2	2	1	1	1	1	2	2	1	1	1
78	2	1	2	1	2	1	2	1	2	2	1	2	2	1	1	1	1	1	2	1	1	1	1	2	1	1	1	2	1	2	2	1	1	1	1	2	2	1	1	1
79	2	1	2	1	2	2	2	2	2	2	1	2	2	1	1	2	2	2	1	1	2	1	2	2	1	2	2	2	2	2	2	2	2	2	2	2	2	2	1	2
80	1	1	2	2	2	1	2	1	2	2	1	2	2	2	1	2	1	1	1	2	1	1	1	2	2	1	1	2	1	2	2	1	1	1	1	2	2	1	1	1
81	1	1	2	2	2	1	2	1	2	2	1	2	2	2	1	2	1	1	1	2	1	1	1	2	2	1	1	2	1	2	2	1	1	1	1	2	2	1	1	1
82	1	1	2	1	2	1	2	1	2	2	1	2	2	1	1	1	1	1	1	1	1	1	1	2	1	1	1	2	1	2	2	1	1	1	1	2	2	1	1	1
83	2	1	2	1	2	1	2	1	2	2	1	2	2	1	1	1	1	1	2	1	1	1	1	2	1	1	1	2	1	2	2	1	1	1	1	2	2	1	1	1
84	2	1	2	1	2	2	2	2	2	2	1	2	2	1	1	2	2	2	1	1	2	1	2	2	1	2	2	2	2	2	2	2	2	2	2	2	2	2	1	2
85	2	1	2	1	2	2	2	2	2	2	1	2	2	1	1	2	2	2	1	1	2	1	2	1	1	2	2	1	2	2	2	2	2	2	2	1	1	2	1	2
86	2	1	2	1	2	2	2	2	2	2	1	2	2	1	1	2	2	2	1	1	2	1	2	2	1	2	2	2	2	2	2	2	2	2	2	2	2	2	1	2
87	2	1	2	1	2	2	2	2	2	2	1	2	2	1	1	2	2	2	1	1	2	1	2	2	1	2	2	2	2	2	2	2	2	2	2	2	2	2	1	2
88	1	1	2	1	2	2	2	1	2	2	1	2	2	1	1	1	1	1	1	1	1	1	1	2	1	1	1	2	1	2	2	1	1	1	1	2	2	1	1	1
89	2	1	2	1	2	2	2	2	2	2	1	2	2	1	1	2	2	2	1	1	2	1	2	2	1	2	2	2	2	2	2	2	2	2	2	2	2	2	1	2
90	2	1	2	1	2	2	2	2	2	2	1	2	2	1	1	2	2	2	1	1	2	1	2	2	1	2	2	2	2	2	2	2	2	2	2	2	2	2	1	2
91	1	1	2	1	2	1	2	1	2	2	1	2	2	1	1	1	1	1	1	1	1	1	1	2	1	1	1	2	1	2	2	1	1	1	1	2	2	1	1	1
92	1	1	2	1	2	1	2	1	2	2	1	2	2	1	1	1	1	1	1	1	1	1	1	2	1	1	1	2	1	2	2	1	1	1	1	2	2	1	1	1
93	2	1	2	1	2	1	2	1	2	2	1	2	2	1	1	1	1	1	2	1	1	1	1	2	1	1	1	2	1	2	2	1	1	1	1	2	2	1	1	1
94	2	1	2	1	2	2	2	2	2	2	1	2	2	1	1	2	2	2	2	1	2	1	2	2	1	2	2	1	2	2	2	2	2	2	2	2	2	2	1	2
95	1	1	2	1	2	1	2	1	2	2	1	2	2	1	1	1	1	1	1	1	1	1	1	2	1	1	1	2	1	2	2	1	1	1	1	2	2	1	1	1
96	1	1	2	1	2	1	2	1	2	2	1	2	2	1	1	1	1	1	1	1	1	1	1	2	1	1	1	2	1	2	2	1	1	1	1	2	2	1	1	1
97	2	1	2	1	2	2	2	2	2	2	1	2	2	1	1	2	2	2	2	1	2	1	2	2	1	2	2	1	2	2	2	2	2	2	2	2	2	2	1	2
98	1	1	2	1	2	1	2	1	2	2	1	2	2	1	1	1	1	1	1	1	1	1	1	2	1	1	1	2	1	2	2	1	1	1	1	2	2	1	1	1
99	1	1	2	1	2	1	2	1	2	2	1	2	2	1	1	1	1	1	1	1	1	1	1	2	1	1	1	2	1	2	2	1	1	1	1	2	2	1	1	1
100	1	1	2	1	2	1	2	1	2	2	1	2	2	1	1	1	1	1	1	1	1	1	1	2	1	1	1	2	1	2	2	1	1	1	1	2	2	1	1	1
