0	1	1	1	1	1	1	1	1	1	1	1	1	1	1	1	1	1	1	1	1	1	1	2	1	1	1	1	1	1	1	1	1	1	1	1	1	1
1	2	1	2	1	1	1	2	2	1	1	1	1	2	1	1	2	2	1	2	1	2	2	1	2	2	2	2	1	1	1	1	2	2	1	1	1	1
2	1	1	2	1	1	1	1	1	1	1	1	1	2	1	1	2	2	1	2	1	2	2	1	1	1	2	2	1	1	1	1	2	2	1	1	1	1
3	2	1	2	1	1	1	2	2	1	1	1	1	1	1	1	2	2	1	1	1	2	1	1	2	2	2	2	1	1	1	1	2	2	1	1	1	1
4	1	1	1	1	1	1	1	1	1	1	1	1	1	1	2	1	1	1	1	1	1	1	1	1	1	1	1	1	1	1	1	1	1	1	1	1	1
5	1	1	1	1	1	1	1	1	1	1	1	1	1	1	1	1	1	1	1	1	1	1	1	1	1	1	1	1	1	1	1	1	1	1	1	1	1
6	1	1	1	1	1	1	1	1	1	1	1	1	1	1	1	1	1	1	1	1	1	1	1	1	1	1	1	1	1	1	1	1	1	1	1	1	1
7	2	1	2	1	1	1	2	2	1	1	1	1	1	1	1	2	2	1	1	1	2	1	1	2	2	2	2	1	1	1	2	2	2	1	1	1	1
8	2	1	2	1	2	2	2	2	1	2	2	1	1	1	1	2	2	2	1	1	2	1	1	2	2	2	2	2	1	1	1	2	2	1	1	1	2
9	2	1	2	1	2	2	2	2	1	2	1	1	1	1	1	2	2	2	1	1	2	1	1	2	2	2	2	2	1	1	1	2	2	1	1	1	2
10	2	1	2	1	1	1	2	2	1	1	1	1	1	1	1	2	2	1	1	1	2	1	1	2	2	2	2	1	1	1	1	2	2	1	1	1	1
11	1	1	1	1	1	1	1	1	1	1	1	1	1	1	1	1	1	1	1	1	1	1	1	1	1	1	1	1	1	1	1	1	1	1	1	1	1
12	2	1	2	1	1	1	2	2	1	1	1	1	1	1	1	2	2	1	1	1	2	1	1	2	2	2	2	1	1	1	1	2	2	1	1	1	1
13	2	1	2	1	1	1	2	2	1	1	1	1	1	1	1	2	2	1	1	1	2	1	1	2	2	2	2	1	1	1	1	2	2	1	1	1	1
14	1	1	2	1	1	1	2	2	1	1	1	1	1	1	1	2	2	1	1	1	2	1	1	2	2	2	2	1	1	1	2	2	2	1	1	1	1
15	2	1	2	1	1	1	2	2	1	1	1	1	1	1	1	2	2	1	1	1	2	1	2	2	2	2	2	1	1	1	1	2	2	1	1	1	1
16	1	1	1	1	1	1	1	1	1	1	1	1	1	1	1	1	1	1	1	1	1	1	1	1	1	1	1	1	1	1	1	1	1	1	1	1	1
17	1	1	1	1	1	1	1	1	1	1	1	1	1	1	1	1	1	1	1	1	1	1	2	1	1	1	1	1	1	1	1	1	1	1	1	1	1
18	1	1	1	1	1	1	1	1	1	1	1	1	1	1	1	1	1	1	1	1	1	1	2	1	1	1	1	1	1	1	1	1	1	1	1	1	1
19	2	1	2	1	1	1	2	2	1	1	1	1	1	1	1	2	2	1	1	1	2	1	1	2	2	2	2	1	1	1	1	2	2	1	1	1	1
20	2	1	2	1	1	1	2	2	1	1	1	2	1	1	1	2	2	1	1	1	2	1	1	2	2	2	2	1	1	1	1	2	2	1	1	1	1
21	2	1	2	1	1	1	2	2	1	1	1	1	1	1	1	2	2	1	1	1	2	1	1	2	2	2	2	1	1	1	1	2	2	1	1	1	1
22	1	1	1	1	1	1	1	1	1	1	1	1	1	1	1	1	1	1	1	1	1	1	1	1	1	1	1	1	1	1	1	1	1	1	1	1	1
23	2	1	2	1	1	1	2	2	1	1	1	1	1	1	1	2	2	1	1	1	2	1	1	2	2	2	2	1	1	1	1	2	2	1	1	1	1
24	2	1	2	1	1	1	2	2	1	1	1	1	1	1	1	2	2	1	1	1	2	1	1	2	2	2	2	1	1	1	1	2	2	1	1	1	1
25	2	1	2	1	1	1	2	2	1	1	1	1	1	1	1	2	2	1	1	1	2	1	1	2	2	2	2	1	1	1	1	2	2	1	1	1	1
26	1	1	1	1	1	1	1	1	1	1	1	1	1	1	1	1	1	1	1	1	1	1	1	1	1	1	1	1	1	1	1	1	1	1	1	1	1
27	2	1	2	1	1	1	2	2	1	1	1	1	1	1	1	2	2	1	1	1	2	1	1	2	2	2	2	1	1	1	1	2	2	1	1	1	1
28	2	1	2	1	1	1	2	2	1	1	1	1	1	1	1	2	2	1	1	1	2	1	1	2	2	2	2	1	1	1	1	2	2	1	1	1	1
29	2	1	2	1	1	1	2	2	1	1	1	1	1	1	1	2	2	1	1	1	2	1	1	2	2	2	2	1	1	1	1	2	2	1	1	1	1
30	2	1	2	1	1	1	2	2	1	1	1	1	1	1	1	2	2	1	1	1	2	1	1	2	2	2	2	1	1	1	1	2	2	1	1	1	1
31	2	1	2	1	1	1	2	2	1	1	1	1	1	1	1	2	2	1	1	1	2	1	1	2	2	2	2	1	1	1	1	2	2	1	1	1	1
32	2	1	2	1	1	1	2	2	1	1	1	1	1	1	1	2	2	1	1	1	2	1	1	2	2	2	2	1	1	1	1	2	2	1	1	1	1
33	1	1	2	1	1	1	2	2	1	1	1	1	1	1	2	2	2	1	1	1	2	1	1	2	2	2	2	1	1	1	2	2	2	1	1	1	1
34	1	1	1	1	1	1	1	1	1	1	1	1	1	1	1	1	1	1	1	1	1	1	1	1	1	1	1	1	1	1	1	1	1	1	1	1	1
35	1	1	2	1	1	1	2	2	1	1	1	1	1	1	1	2	2	1	1	2	2	1	2	2	2	2	2	1	1	1	2	2	2	1	1	1	1
36	2	1	2	1	1	1	2	2	1	1	1	1	1	1	1	2	2	1	1	1	2	1	1	2	2	2	2	1	1	1	1	2	2	1	1	1	1
37	2	1	2	1	1	1	2	2	1	1	1	1	1	1	1	2	2	1	1	1	2	1	1	2	2	2	2	1	1	1	1	2	2	1	1	1	1
38	2	1	2	1	1	1	2	2	1	1	1	1	1	1	1	2	2	1	1	1	2	1	1	2	2	2	2	1	1	1	1	2	2	1	1	1	1
39	1	1	2	1	1	1	2	2	1	1	1	1	1	1	1	2	2	1	1	1	2	1	1	2	2	2	2	1	1	1	2	2	2	1	1	1	1
40	2	1	2	1	1	1	2	2	1	1	1	1	1	1	1	2	2	1	1	1	2	1	1	2	2	2	2	1	1	1	1	2	2	1	1	1	1
41	1	1	2	1	1	1	2	2	1	1	1	1	1	1	1	2	2	1	1	1	2	1	1	2	2	2	2	1	1	1	1	2	2	1	1	1	1
42	2	1	2	1	1	1	2	2	1	1	1	1	1	1	1	2	2	1	1	1	2	1	1	2	2	2	2	1	1	1	1	2	2	1	1	1	1
43	1	1	1	1	1	1	1	1	1	1	1	1	1	1	1	1	1	1	1	1	1	1	1	1	1	1	1	1	1	1	1	1	1	1	1	1	1
44	2	1	2	1	1	1	2	2	1	1	1	1	1	1	1	2	2	1	1	1	2	1	1	2	2	2	2	1	1	1	1	2	2	1	1	1	1
45	2	1	2	1	1	1	2	2	1	1	1	1	1	1	1	2	2	1	1	1	2	1	1	2	2	2	2	1	1	1	1	2	2	1	1	1	1
46	2	1	2	1	1	1	2	2	1	1	1	1	1	1	1	2	2	1	1	1	2	1	1	2	2	2	2	1	1	1	1	2	2	1	1	1	1
47	2	1	2	1	1	1	2	2	1	1	1	1	1	1	1	2	2	1	1	1	2	1	1	2	2	2	2	1	1	1	1	2	2	1	1	1	1
48	2	1	2	1	1	1	2	2	1	1	1	1	1	1	1	2	2	1	1	1	2	1	1	2	2	2	2	1	1	1	1	2	2	1	1	1	1
49	2	1	2	1	1	1	2	2	1	1	1	1	1	1	1	2	2	1	1	1	2	1	1	2	2	2	2	1	1	1	1	2	2	1	1	1	1
50	1	1	1	1	1	1	1	1	1	1	1	1	1	1	1	1	1	1	1	1	1	1	1	1	1	1	1	1	1	1	1	1	1	1	1	1	1
51	2	1	2	1	1	1	2	2	1	1	1	1	1	1	1	2	2	1	1	1	2	1	1	2	2	2	2	1	1	1	1	2	2	1	1	1	1
52	1	1	2	1	1	1	2	2	1	1	1	1	1	2	1	2	2	1	1	1	2	1	1	2	2	2	2	1	1	1	2	2	2	1	1	1	1
53	1	1	2	1	1	1	2	2	1	1	1	1	1	1	1	2	2	1	1	1	2	1	1	2	2	2	2	1	1	1	1	2	2	1	1	1	1
54	2	1	2	1	2	2	2	2	1	2	1	1	1	1	1	2	2	2	1	1	2	1	1	2	2	2	2	2	1	1	1	2	2	1	1	1	2
55	2	1	2	1	1	1	2	2	1	1	1	1	1	1	1	2	2	1	1	1	2	1	1	2	2	2	2	1	1	1	1	2	2	1	1	1	1
56	1	1	2	1	2	2	1	1	1	2	1	1	1	1	1	2	1	2	1	1	2	1	1	2	2	2	2	2	1	1	1	2	2	1	1	1	2
57	1	1	2	1	1	1	2	2	1	1	1	1	1	1	1	2	2	1	1	1	2	1	1	2	2	2	2	1	1	1	2	2	2	1	1	1	1
58	2	1	2	1	1	1	2	2	1	1	1	1	1	1	1	2	2	1	1	1	2	1	1	2	2	2	2	1	1	1	1	2	2	1	1	1	1
59	1	1	1	1	1	1	1	1	1	1	1	1	1	1	1	1	1	1	1	1	1	1	1	1	1	1	1	1	1	1	1	1	1	1	1	1	1
60	1	1	2	1	2	2	1	1	1	2	1	1	1	1	1	2	1	2	1	1	2	1	1	2	2	2	2	2	1	1	1	2	2	1	1	1	2
61	2	1	2	1	1	1	2	2	1	1	1	1	1	1	1	2	2	1	1	1	2	1	1	2	2	2	2	1	1	1	1	2	2	1	1	1	1
62	1	1	1	1	1	1	1	1	1	1	1	1	1	1	1	1	1	1	1	1	1	1	1	1	1	1	1	1	1	1	1	1	1	1	1	1	1
63	2	1	2	1	1	1	2	2	1	1	1	1	1	1	1	2	2	1	1	1	2	1	1	2	2	2	2	1	1	1	1	2	2	1	1	1	1
64	2	1	2	1	1	1	2	2	1	1	1	1	1	1	1	2	2	1	1	1	2	1	1	2	2	2	2	1	1	1	1	2	2	1	1	1	1
65	2	1	2	1	1	1	2	2	1	1	1	1	1	1	1	2	2	1	1	1	2	1	1	2	2	2	2	1	1	1	1	2	2	1	2	1	1
66	1	1	1	1	1	1	1	1	1	1	1	1	1	1	1	1	1	1	1	1	1	1	1	1	1	1	1	1	1	1	1	1	1	1	2	1	1
67	1	1	1	1	1	1	1	1	1	1	1	1	1	1	1	1	1	1	1	1	1	1	1	1	1	1	1	1	1	1	1	1	1	1	1	1	1
68	2	1	2	1	1	1	2	2	1	1	1	1	1	1	1	2	2	1	1	1	2	1	1	2	2	2	2	1	1	1	1	2	2	1	1	1	1
69	1	1	2	1	1	1	2	2	1	1	1	1	1	1	1	2	2	1	1	1	2	1	1	2	2	2	2	1	1	1	2	2	2	1	1	1	1
70	2	1	2	1	1	1	2	2	1	1	1	1	1	1	1	2	2	1	1	1	2	1	1	2	2	2	2	1	1	1	1	2	2	1	1	1	1
71	2	1	2	1	1	1	2	2	1	1	1	1	1	1	1	2	2	1	1	1	2	1	1	2	2	2	2	1	1	1	1	2	2	1	1	1	1
72	2	1	2	1	1	1	2	2	1	1	1	1	1	1	1	2	2	1	1	1	2	1	1	2	2	2	2	1	1	1	1	2	2	1	1	1	1
73	2	1	2	1	1	1	2	2	1	1	1	1	1	1	1	2	2	1	1	1	2	1	1	2	2	2	2	1	1	1	1	2	2	1	1	1	1
74	2	1	2	1	1	1	2	2	1	1	1	1	1	1	1	2	2	1	1	1	2	1	1	2	2	2	2	1	1	1	1	2	2	1	1	1	1
75	2	1	2	1	1	1	2	2	1	1	1	1	1	1	1	2	2	1	1	1	2	1	1	2	2	2	2	1	1	1	1	2	2	1	1	1	1
76	2	1	2	1	1	1	2	2	1	1	1	1	1	1	1	2	2	1	1	1	2	1	1	2	2	2	2	1	1	1	1	2	2	1	1	1	1
77	2	1	2	1	1	1	2	2	1	1	1	1	1	1	1	2	2	1	1	1	2	1	1	2	2	2	2	1	1	1	2	2	2	1	1	1	1
78	2	1	2	1	1	1	2	2	1	1	1	1	1	1	1	2	2	1	1	1	2	1	1	2	2	2	2	1	1	1	1	2	2	1	1	1	1
79	2	1	2	1	1	1	2	2	1	1	1	1	1	1	1	2	2	1	1	1	2	1	1	2	2	2	2	1	1	1	1	2	2	1	1	1	1
80	1	1	2	1	1	1	2	2	1	1	1	1	1	1	1	2	2	1	1	1	2	1	1	2	2	2	2	1	1	1	2	2	2	1	1	1	1
81	1	1	2	1	1	1	2	2	1	1	1	1	1	1	1	2	2	1	1	1	2	1	1	2	2	2	2	1	1	1	1	2	2	1	1	1	1
82	1	1	2	1	1	1	2	2	1	1	1	1	1	1	1	2	2	1	1	1	2	1	1	2	2	2	2	1	1	1	2	2	2	1	1	1	1
83	2	1	2	1	1	1	2	2	1	1	1	1	1	1	1	2	2	1	1	1	2	1	1	2	2	2	2	1	1	1	2	2	2	1	1	1	1
84	1	1	2	1	1	1	2	2	1	1	1	1	1	1	1	2	2	1	1	1	2	1	1	2	2	2	2	1	1	1	2	2	2	1	1	1	1
85	2	1	2	1	1	1	2	2	1	1	1	1	1	1	1	2	2	1	1	1	2	1	1	2	2	2	2	1	1	1	1	2	2	1	1	1	1
86	1	1	1	1	1	1	1	1	1	1	1	1	1	1	1	1	1	1	1	1	1	1	1	1	1	1	1	1	1	1	1	1	1	1	1	1	1
87	2	1	2	1	1	1	2	2	1	1	1	1	1	1	1	2	2	1	1	1	2	1	1	2	2	2	2	1	1	1	2	2	2	1	1	1	1
88	2	1	2	1	1	1	2	2	1	1	1	1	1	1	1	2	2	1	1	1	2	1	1	2	2	2	2	1	1	1	1	2	2	1	1	1	1
89	1	1	1	1	1	1	1	1	1	1	1	1	1	1	1	1	1	1	1	1	1	1	1	1	1	1	1	1	1	1	1	1	1	1	1	1	1
90	2	1	2	1	1	1	2	2	1	1	1	1	1	1	1	2	2	1	1	1	2	1	1	2	2	2	2	1	1	1	1	2	2	1	1	1	1
91	1	1	1	1	1	1	1	1	1	1	1	1	1	1	1	1	1	1	1	1	1	1	1	1	1	1	1	1	1	1	1	1	1	1	1	1	1
92	1	1	2	1	1	1	2	2	1	1	1	1	1	1	1	2	2	1	1	1	2	1	1	2	2	2	2	1	1	1	1	2	2	1	1	1	1
93	2	1	2	1	1	1	2	2	1	1	2	1	1	1	1	2	2	1	1	1	2	1	1	2	2	2	2	1	1	1	1	2	2	1	1	1	1
94	2	1	2	1	1	1	2	2	1	1	1	1	1	1	1	2	2	1	1	1	2	1	1	2	2	2	2	1	1	1	2	2	2	1	1	1	1
95	2	1	2	1	1	1	2	2	1	1	1	1	1	1	1	2	2	1	1	1	2	1	2	2	2	2	2	1	1	1	1	2	2	1	1	1	1
96	2	1	2	1	1	1	2	2	1	1	1	1	1	1	1	2	2	1	1	1	2	1	1	2	2	2	2	1	1	1	1	2	2	1	1	1	1
97	1	1	1	1	1	1	1	1	1	1	1	1	1	1	1	1	1	1	1	1	1	1	1	1	1	1	1	1	1	1	1	1	1	1	1	1	1
98	2	1	2	1	1	1	2	2	1	1	1	1	1	1	1	2	2	1	1	1	2	1	1	2	2	2	2	1	1	1	1	2	2	1	1	1	1
99	2	1	2	1	1	1	2	2	1	1	1	1	1	1	1	2	2	1	1	1	2	1	1	2	2	2	2	1	1	1	1	2	2	1	1	1	1
100	2	1	2	1	1	1	2	2	1	1	1	1	1	1	1	2	2	1	1	1	2	1	1	2	2	2	2	1	1	1	2	2	2	1	1	1	1
