0	2	1	2	1	1	2	1	2	1	2	1	2	2	1	1	1	1	1	1	1	2	1	1	1	1	2	1	2	2	1	2	1	1	1	1	1	1	1	1	1	2	1
1	1	1	1	1	1	1	1	1	1	1	1	1	1	1	1	1	1	1	1	1	1	1	1	1	1	1	1	1	1	1	1	1	1	1	1	1	1	1	1	1	1	1
2	1	1	1	1	1	1	1	1	1	1	1	1	1	1	1	1	1	1	1	1	1	1	1	1	1	1	1	1	1	1	1	1	1	1	1	1	1	1	1	1	1	1
3	1	1	1	1	1	1	1	1	1	1	1	1	1	1	1	1	1	1	1	1	1	1	1	1	1	1	1	1	1	1	1	1	1	1	1	1	1	1	1	1	1	1
4	1	1	2	1	1	2	1	2	1	2	1	2	2	1	1	1	1	1	1	1	2	1	1	1	1	2	1	2	2	1	2	1	1	1	1	1	1	1	1	1	2	1
5	1	1	1	1	1	1	1	1	1	1	1	1	1	1	1	1	1	1	1	1	1	1	1	1	1	1	1	1	1	1	1	1	1	1	1	1	1	1	1	1	1	1
6	2	1	2	1	1	2	1	2	1	2	1	2	2	1	1	1	1	1	1	1	2	1	1	1	1	2	1	2	2	1	2	1	1	1	1	1	1	1	1	1	2	1
7	1	1	2	1	1	2	1	2	1	2	1	2	2	1	1	1	1	1	1	1	2	1	1	1	1	2	1	2	2	1	2	1	1	1	1	1	1	1	1	1	2	1
8	2	1	2	2	2	2	2	2	1	2	2	2	2	2	2	1	1	1	2	2	2	1	2	1	1	2	2	2	2	2	2	2	1	2	2	2	1	1	2	1	2	2
9	1	1	2	2	2	2	2	2	1	1	2	1	2	2	2	1	1	1	2	2	1	1	2	1	1	2	2	1	2	1	2	2	1	2	2	2	1	1	2	1	1	2
10	1	1	2	2	2	2	2	2	1	2	2	2	2	2	2	1	1	2	2	2	2	2	2	1	1	2	2	2	2	1	2	2	2	2	2	2	1	2	2	1	2	2
11	1	1	2	2	2	2	2	2	1	2	2	2	2	2	2	1	1	1	2	2	2	1	2	1	1	2	2	2	2	1	2	2	1	2	2	2	1	1	2	1	2	2
12	1	2	2	1	1	2	1	2	1	2	1	2	2	1	1	1	1	1	1	1	2	1	1	1	1	2	1	2	2	1	2	1	1	1	1	1	1	1	1	1	2	1
13	2	1	2	1	1	2	1	2	1	2	1	2	2	1	1	1	1	1	1	1	2	1	1	1	1	2	1	2	2	1	2	1	1	1	1	1	1	1	1	1	2	1
14	2	1	2	1	1	2	1	2	1	2	1	2	2	1	1	1	1	1	1	1	2	1	1	1	1	2	1	2	2	1	2	1	1	1	1	1	1	1	1	1	2	1
15	2	1	2	1	1	2	1	2	1	2	1	2	2	1	1	1	1	1	1	1	2	1	1	1	1	2	1	2	2	1	2	1	1	1	1	1	1	1	1	1	2	1
16	2	1	2	1	1	2	1	2	1	2	1	2	2	1	1	1	1	1	1	1	2	1	1	1	1	2	1	2	2	1	2	1	1	1	1	1	1	1	1	1	2	1
17	2	1	2	1	1	2	1	2	1	2	1	2	2	1	1	1	1	1	1	1	2	1	1	1	1	2	1	2	2	1	2	1	1	1	1	1	1	1	1	1	2	1
18	2	1	2	1	1	2	1	2	1	2	1	2	2	1	1	1	1	1	1	1	2	1	1	1	1	2	1	2	2	1	2	1	1	1	1	1	1	1	1	1	2	1
19	2	1	2	1	1	2	1	2	1	2	1	2	2	1	1	1	1	1	1	1	2	1	1	1	1	2	1	2	2	1	2	1	1	1	1	1	1	1	1	1	2	1
20	1	1	1	1	1	1	1	1	1	1	1	1	1	1	1	1	1	1	1	1	1	1	1	1	1	1	1	1	1	1	1	1	1	1	1	1	2	1	1	1	1	1
21	1	1	2	2	2	2	2	2	1	2	2	2	2	2	2	1	1	1	2	2	2	1	2	1	1	2	2	2	2	1	2	2	1	2	2	2	1	1	2	1	2	2
22	1	1	2	1	1	2	1	2	1	2	1	2	2	1	1	1	1	1	1	1	2	1	1	1	1	2	1	2	2	1	2	1	1	1	1	1	1	1	1	1	2	1
23	1	1	2	1	1	2	1	2	1	2	1	2	2	1	1	1	1	1	1	1	2	1	1	1	1	2	1	2	2	1	2	1	1	1	1	1	1	1	1	1	2	1
24	1	1	2	2	2	2	2	2	1	1	2	2	2	2	2	1	1	1	2	2	2	1	2	1	1	2	2	2	2	1	2	2	1	2	2	2	1	1	2	1	2	2
25	1	1	2	1	1	2	1	2	1	2	1	2	2	1	1	1	1	1	1	1	2	1	1	1	1	2	1	2	2	1	2	1	1	1	1	1	1	1	1	1	2	1
26	1	1	2	1	1	2	1	2	1	2	1	2	2	1	1	1	1	1	1	1	2	1	1	1	1	2	1	2	2	1	2	1	1	1	1	1	1	1	1	1	2	1
27	2	1	2	1	1	2	1	2	1	2	1	2	2	1	1	1	1	1	1	1	2	1	1	1	1	2	1	2	2	1	2	1	1	1	1	1	1	1	1	1	2	1
28	1	1	2	1	1	2	1	2	1	2	1	2	2	1	1	1	1	1	1	1	2	1	1	1	1	2	1	2	2	1	2	1	1	1	1	1	1	1	1	1	2	1
29	1	1	1	1	1	1	1	1	1	1	1	1	1	1	1	1	1	1	1	1	1	1	1	1	1	1	1	1	1	1	1	1	1	1	1	1	1	1	1	1	1	1
30	1	1	2	1	1	2	1	2	1	2	1	2	2	1	1	1	1	1	1	1	2	1	1	1	1	2	1	2	2	1	2	1	1	1	1	1	1	1	1	1	2	1
31	1	1	2	1	1	2	1	2	1	2	1	2	2	1	1	1	1	1	1	1	2	1	1	1	1	2	1	2	2	1	2	1	1	1	1	1	1	1	1	1	2	1
32	1	1	2	1	1	2	1	2	1	2	1	2	2	1	1	1	1	1	1	1	2	1	1	1	1	2	1	2	2	1	2	1	1	1	1	1	1	1	1	1	2	1
33	2	1	2	1	1	2	1	2	1	2	1	2	2	1	1	1	1	1	1	1	2	1	1	1	1	2	1	2	2	1	2	1	1	1	1	1	1	1	1	1	2	1
34	2	1	2	1	1	2	1	2	1	2	1	2	2	1	1	1	1	1	1	1	2	1	1	1	1	2	1	2	2	1	2	1	1	1	1	1	1	1	1	1	2	1
35	1	1	2	2	2	2	2	2	1	1	2	1	2	2	2	1	2	1	2	2	1	1	2	1	1	2	2	1	2	1	2	2	1	2	2	2	1	1	2	2	1	2
36	1	1	2	1	1	2	1	2	1	2	1	2	2	1	1	1	1	1	1	1	2	1	1	1	1	2	1	2	2	1	2	1	1	1	1	1	1	1	1	1	2	1
37	2	1	2	1	1	2	1	2	1	2	1	2	2	1	1	1	1	1	1	1	2	1	1	1	1	2	1	2	2	1	2	1	1	1	1	1	1	1	1	1	2	1
38	2	1	2	1	1	2	1	2	1	2	1	2	2	1	1	1	1	1	1	1	2	1	1	1	1	2	1	2	2	1	2	1	1	1	1	1	1	1	1	1	2	1
39	2	1	2	1	1	2	1	2	1	2	1	2	2	1	1	1	1	1	1	1	2	1	1	1	1	2	1	2	2	1	2	1	1	1	1	1	1	1	1	1	2	1
40	2	1	2	1	1	2	1	2	1	2	1	2	2	1	1	1	1	1	1	1	2	1	1	1	1	2	1	2	2	1	2	1	1	1	1	1	1	1	1	1	2	1
41	2	1	2	1	1	2	1	2	1	2	1	2	2	1	1	1	1	1	1	1	2	1	1	1	1	2	1	2	2	1	2	1	1	1	1	1	1	1	1	1	2	1
42	1	1	2	1	1	2	1	2	1	2	1	2	2	1	1	1	1	1	1	1	2	1	1	1	1	2	1	2	2	1	2	1	1	1	1	1	1	1	1	1	2	1
43	2	1	2	1	1	2	1	2	1	2	1	2	2	1	1	1	1	1	1	1	2	1	1	1	1	2	1	2	2	1	2	1	1	1	1	1	1	1	1	1	2	1
44	1	1	2	1	1	2	1	2	1	2	1	2	2	1	1	1	1	1	1	1	2	1	1	1	1	2	1	2	2	1	2	1	1	1	1	1	1	1	1	1	2	1
45	2	1	2	1	1	2	1	2	1	2	1	2	2	1	1	1	1	1	1	1	2	1	1	1	1	2	1	2	2	1	2	1	1	1	1	1	1	1	1	1	2	1
46	1	1	1	1	1	1	1	1	1	1	1	1	1	1	1	1	1	1	1	1	1	1	1	1	1	1	1	1	1	1	1	1	1	1	1	1	1	1	1	1	1	1
47	2	1	2	1	1	2	1	2	1	2	1	2	2	1	1	1	1	1	1	1	2	1	1	1	1	2	1	2	2	1	2	1	1	1	1	1	1	1	1	1	2	1
48	2	1	2	1	1	2	1	2	1	2	1	2	2	1	1	1	1	1	1	1	2	1	1	1	1	2	1	2	2	1	2	1	1	1	1	1	1	1	1	1	2	1
49	2	1	2	1	1	2	1	2	1	2	1	2	2	1	1	1	1	1	1	1	2	1	1	1	1	2	1	2	2	1	2	1	1	1	1	1	1	1	1	1	2	1
50	2	1	2	1	1	2	1	2	1	2	1	2	2	1	1	1	1	1	1	1	2	1	1	1	1	2	1	2	2	1	2	1	1	1	1	1	1	1	1	1	2	1
51	2	1	2	1	1	2	1	2	1	2	1	2	2	1	1	1	1	1	1	1	2	1	1	1	1	2	1	2	2	1	2	1	1	1	1	1	1	1	1	1	2	1
52	1	1	1	1	1	1	1	1	1	1	1	1	1	1	1	1	1	1	1	1	1	1	1	1	1	1	1	1	1	1	1	1	1	1	1	1	1	1	1	1	1	1
53	1	1	2	1	1	2	1	2	1	1	1	2	2	1	1	1	1	1	1	1	2	1	1	1	1	2	1	2	2	1	2	1	1	1	1	1	1	1	1	1	2	1
54	2	1	2	1	1	2	1	2	1	2	1	2	2	1	1	1	1	1	1	1	2	1	1	1	1	2	1	2	2	1	2	1	1	1	1	1	1	1	1	1	2	1
55	1	1	2	2	2	2	2	2	1	2	2	2	2	2	2	1	1	1	2	2	2	1	2	1	1	2	2	2	2	1	2	2	1	2	2	2	1	1	2	1	2	2
56	2	1	2	1	1	2	1	2	1	2	1	2	2	1	1	1	1	1	1	1	2	1	1	1	1	2	1	2	2	1	2	1	1	1	1	1	1	1	1	1	2	1
57	2	1	2	1	1	2	1	2	1	2	1	2	2	1	1	1	1	1	1	1	2	1	1	1	1	2	1	2	2	1	2	1	1	1	1	1	1	1	1	1	2	1
58	2	1	2	1	1	2	1	2	1	2	1	2	2	1	1	1	1	1	1	1	2	1	1	1	1	2	1	2	2	1	2	1	1	1	1	1	1	1	1	1	2	1
59	1	1	1	1	1	1	1	1	1	1	1	1	1	1	1	1	1	1	1	1	1	1	1	1	1	1	1	1	1	1	1	1	1	1	1	1	1	1	1	1	1	1
60	1	1	1	1	1	1	1	1	1	1	1	1	1	1	1	1	1	1	1	1	1	1	1	1	1	1	1	1	1	1	1	1	1	1	1	1	1	1	1	1	1	1
61	1	1	2	2	2	2	2	2	1	2	2	2	2	2	2	1	1	1	2	2	2	1	2	1	1	2	2	2	2	1	2	2	1	2	2	2	1	1	2	1	2	2
62	1	1	2	1	1	2	1	2	1	2	1	2	2	1	1	1	1	1	1	1	2	1	1	1	1	2	1	2	2	1	2	1	1	1	1	1	1	1	1	1	2	1
63	1	1	2	1	1	2	1	2	1	2	1	2	2	1	1	1	1	1	1	1	2	1	1	1	1	2	1	2	2	1	2	1	1	1	1	1	1	1	1	1	2	1
64	1	1	2	2	2	2	2	2	1	2	2	2	2	2	2	1	1	1	2	2	2	1	2	1	1	2	2	2	2	1	2	2	1	2	2	2	1	1	2	1	2	2
65	1	1	2	2	2	2	2	2	1	1	2	2	2	2	2	1	1	1	2	2	2	1	2	1	1	2	2	2	2	1	2	2	1	2	2	2	1	1	2	1	2	2
66	1	1	2	1	1	2	1	2	1	1	1	2	2	1	1	1	1	1	1	1	2	1	1	1	1	2	1	2	2	1	2	1	1	1	1	1	1	1	1	1	2	1
67	2	1	2	2	2	2	2	2	1	2	2	2	2	2	2	1	1	1	2	2	2	1	2	2	1	2	2	2	2	1	2	2	1	2	2	2	1	1	2	1	2	2
68	2	1	2	1	1	2	1	2	1	2	1	2	2	1	1	1	1	1	1	1	2	1	1	1	1	2	1	2	2	1	2	1	1	1	1	1	1	1	1	1	2	1
69	1	1	2	2	2	2	2	2	1	1	2	1	2	2	2	1	1	1	2	2	1	1	2	1	1	2	2	1	2	1	2	2	1	2	2	2	1	1	2	1	1	2
70	1	1	2	1	1	2	1	2	1	2	1	2	2	1	1	1	1	1	1	1	2	1	1	1	1	2	1	2	2	1	2	1	1	1	1	1	1	1	1	1	2	1
71	1	1	2	2	2	2	2	2	1	1	2	1	2	2	2	1	1	1	2	2	1	1	2	1	1	2	2	1	2	1	2	2	1	2	2	2	1	1	2	1	1	2
72	1	1	2	2	2	2	2	2	1	1	2	1	2	2	2	1	1	1	2	2	1	1	2	1	1	2	2	1	2	1	2	2	1	2	2	2	1	1	2	1	1	2
73	1	1	2	2	2	2	2	2	1	1	2	1	2	2	2	1	1	1	2	2	1	1	2	1	1	2	2	1	2	1	2	2	1	2	2	2	1	1	2	1	1	2
74	2	1	2	1	1	2	1	2	1	2	1	2	2	1	1	1	1	1	1	1	2	1	1	1	1	2	1	2	2	1	2	1	1	1	1	1	1	1	1	1	2	1
75	1	1	2	2	2	2	2	2	1	2	2	2	2	2	2	1	1	1	2	2	2	1	2	1	1	2	2	2	2	1	2	2	1	2	2	2	1	1	2	1	2	2
76	1	1	2	2	2	2	2	2	1	1	2	1	2	2	2	1	1	1	2	2	1	1	2	1	1	2	2	1	2	1	2	2	1	2	2	2	1	1	2	1	1	2
77	1	1	2	1	1	2	1	2	1	2	1	2	2	1	1	1	1	1	1	1	2	1	1	1	1	2	1	2	2	1	2	1	1	1	1	1	1	1	1	1	2	1
78	1	1	2	2	2	2	2	2	1	2	2	2	2	2	2	1	1	1	2	2	2	1	2	1	1	2	2	2	2	1	2	2	1	2	2	2	1	1	2	1	2	2
79	2	1	2	1	1	2	1	2	1	2	1	2	2	1	1	1	1	1	1	1	2	1	1	1	1	2	1	2	2	1	2	1	1	1	1	1	1	1	1	1	2	1
80	1	1	2	1	1	2	1	2	1	2	1	2	2	1	1	2	1	1	1	1	2	1	1	1	2	2	1	2	2	1	2	1	1	1	1	1	1	1	1	1	2	1
81	2	1	2	1	1	2	1	2	1	2	1	2	2	1	1	2	1	1	1	1	2	1	1	1	2	2	1	2	2	1	2	1	1	1	1	1	1	1	1	1	2	1
82	2	1	2	1	1	2	1	2	1	2	1	2	2	1	1	1	1	1	1	1	2	1	1	1	1	2	1	2	2	1	2	1	1	1	1	1	1	1	1	1	2	1
83	1	1	2	2	2	2	2	2	1	1	2	1	2	2	2	1	1	1	2	2	1	1	2	1	1	2	2	1	2	1	2	2	1	2	2	2	1	1	2	1	1	2
84	1	1	1	1	1	1	1	1	1	1	1	1	1	1	1	1	1	1	1	1	1	1	1	1	1	1	1	1	1	1	1	1	1	1	1	1	1	1	1	1	1	1
85	1	1	1	1	1	1	1	1	1	1	1	1	1	1	1	1	1	1	1	1	1	1	1	1	1	1	1	1	1	1	1	1	1	1	1	1	1	1	1	1	1	1
86	2	1	2	1	1	2	1	2	1	2	1	2	2	1	1	1	1	1	1	1	2	1	1	1	1	2	1	2	2	1	2	1	1	1	1	1	1	1	1	1	2	1
87	1	1	1	1	1	1	1	1	1	1	1	1	1	1	1	1	1	1	1	1	1	1	1	1	1	1	1	1	1	1	1	1	1	1	1	1	1	1	1	1	1	1
88	2	1	2	1	1	2	1	2	1	2	1	2	2	1	1	1	1	1	1	1	2	1	1	1	1	2	1	2	2	1	2	1	1	1	1	1	1	1	1	1	2	1
89	2	1	2	1	1	2	1	2	1	2	1	2	2	1	1	1	1	1	1	1	2	1	1	1	1	2	1	2	2	1	2	1	1	1	1	1	1	1	1	1	2	1
90	2	1	2	1	1	2	1	2	1	2	1	2	2	1	1	1	1	1	1	1	2	1	1	1	1	2	1	2	2	1	2	1	1	1	1	1	1	1	1	1	2	1
91	2	1	2	1	1	2	1	2	1	2	1	2	2	1	1	1	1	1	1	1	2	1	1	1	1	2	1	2	2	1	2	1	1	1	1	1	1	1	1	1	2	1
92	2	1	2	1	1	2	1	2	1	2	1	2	2	1	1	1	1	1	1	1	2	1	1	1	1	2	1	2	2	1	2	1	1	1	1	1	1	1	1	1	2	1
93	2	1	2	2	2	2	2	2	1	2	2	2	2	2	2	1	1	1	2	2	2	1	2	1	1	2	2	2	2	1	2	2	1	2	2	2	1	1	2	1	2	2
94	1	1	2	2	2	2	2	2	1	1	2	1	2	2	2	1	1	1	2	2	1	1	2	1	1	2	2	1	2	1	2	2	1	2	2	2	1	1	2	1	1	2
95	2	1	2	1	1	2	1	2	1	2	1	2	2	1	1	1	1	1	1	1	2	1	1	1	1	2	1	2	2	1	2	1	1	1	1	1	1	1	1	1	2	1
96	2	1	2	1	1	2	1	2	1	2	1	2	2	1	1	1	1	1	1	1	2	1	1	1	1	2	1	2	2	1	2	1	1	1	1	1	1	1	1	1	2	1
97	1	1	2	2	2	2	2	2	1	1	2	1	2	2	2	1	1	1	2	2	1	1	2	1	1	2	2	1	2	1	2	2	1	2	2	2	1	1	2	1	1	2
98	2	1	2	1	1	2	1	2	1	2	1	2	2	1	1	1	1	1	1	1	2	1	1	1	1	2	1	2	2	1	2	1	1	1	1	1	1	1	1	1	2	1
99	1	1	2	1	1	2	1	2	1	2	1	2	2	1	1	1	1	1	1	1	2	1	1	1	1	2	1	2	2	1	2	1	1	1	1	1	2	1	1	1	2	1
100	1	1	2	1	1	2	1	2	1	2	1	2	2	1	1	1	1	1	1	1	2	1	1	1	1	2	1	2	2	1	2	1	1	1	1	1	2	1	1	1	2	1
