0	1	2	1	1	1	1	1	1	1	1	1	1	1	1	1	1	1	1	1	1	1	1	1	1	1	1	1	1	1	1	1	1	1	1	1	1	1	1	1	1	1	1	1	1	1	1	1	1	1
1	1	2	1	1	1	1	1	2	1	1	2	2	1	1	1	1	1	1	1	1	1	1	1	1	2	1	2	1	2	1	1	2	2	1	1	2	1	2	1	2	2	1	1	2	1	1	1	1	1
2	1	2	1	1	1	1	1	1	1	1	1	1	1	1	1	1	1	1	1	1	1	1	1	1	2	1	1	1	1	1	1	1	2	1	1	1	1	1	1	1	1	1	1	1	1	1	1	1	1
3	1	2	1	1	1	1	1	2	1	1	2	2	1	1	1	1	1	1	1	1	1	1	1	1	1	1	2	1	2	1	1	2	1	1	1	2	1	2	1	2	2	1	1	2	1	1	1	1	1
4	1	2	1	1	1	1	2	2	1	1	1	2	1	1	1	1	1	2	1	1	2	1	1	1	2	1	2	1	2	2	2	2	1	2	2	2	2	2	1	2	2	1	2	2	2	2	1	2	1
5	1	1	1	1	1	1	1	2	1	1	1	1	2	2	1	2	1	1	2	1	1	1	2	2	2	1	2	2	2	1	1	2	1	2	1	2	1	2	1	2	1	2	2	1	1	1	1	2	1
6	1	2	1	1	1	1	1	1	1	2	2	2	1	1	2	1	2	2	1	2	1	1	1	1	2	1	2	1	2	2	2	2	1	2	1	2	1	2	1	2	2	1	2	2	2	2	1	2	1
7	1	1	1	1	1	1	1	1	1	1	1	2	1	1	1	1	1	2	1	1	2	1	1	1	2	1	2	1	2	2	2	2	1	2	1	2	2	2	1	2	2	1	2	2	2	2	1	2	1
8	1	1	1	1	1	1	1	1	1	1	1	1	1	1	1	1	1	1	1	1	1	1	1	1	1	1	1	1	1	1	1	1	1	1	1	1	1	1	1	1	1	1	1	1	1	1	1	1	1
9	1	2	1	1	1	1	2	2	1	1	1	2	1	1	1	1	1	2	1	1	2	1	1	1	2	1	2	1	2	2	2	2	1	2	1	2	2	2	1	2	2	1	2	2	2	2	1	2	1
10	1	2	1	1	1	1	2	2	1	1	1	2	1	1	1	1	1	2	1	1	2	1	1	1	2	1	2	1	2	2	2	2	1	2	2	2	2	2	1	2	2	1	2	2	2	2	1	2	1
11	1	2	1	1	1	2	2	2	2	2	2	2	1	2	1	1	2	2	1	2	2	1	1	1	2	1	2	1	2	2	2	2	1	2	2	2	2	2	1	2	2	1	2	2	2	2	1	2	1
12	1	2	1	1	1	1	1	2	1	1	1	1	2	2	1	1	2	2	1	2	1	2	1	1	2	1	2	1	2	1	2	2	1	2	1	2	1	2	1	2	2	1	2	2	2	2	1	2	2
13	1	2	1	1	1	1	1	2	1	1	1	1	2	2	1	1	2	2	1	2	1	2	1	1	2	1	2	1	2	1	2	2	1	2	1	2	1	2	1	2	2	1	2	2	2	2	1	2	2
14	1	1	1	1	1	1	1	1	1	1	1	1	1	1	1	1	1	1	1	1	1	1	1	1	1	1	1	1	1	1	1	1	1	1	1	1	1	1	1	1	1	1	1	1	1	1	1	1	1
15	1	2	1	1	1	1	1	2	1	1	1	1	2	2	1	1	2	2	1	2	1	2	1	1	2	1	2	1	2	1	2	2	1	2	1	2	1	2	1	2	2	1	2	2	2	2	1	2	2
16	1	1	1	1	1	1	1	1	1	1	1	1	1	1	1	1	1	1	1	1	1	1	1	1	1	1	1	1	1	1	1	1	1	1	1	1	1	1	1	1	1	1	1	1	1	1	1	1	1
17	1	1	1	1	1	1	1	1	1	1	1	1	1	1	1	1	1	1	1	1	1	1	1	1	1	1	1	1	1	1	1	1	1	1	1	1	1	1	1	1	1	1	1	1	1	1	1	1	1
18	1	1	1	1	1	1	1	1	1	1	1	1	1	1	1	1	1	1	1	1	1	1	1	1	1	1	1	1	1	1	1	1	1	1	1	1	1	1	1	1	1	1	1	1	1	1	1	1	1
19	1	2	1	1	1	1	1	2	1	1	1	1	2	2	1	1	2	2	1	2	1	2	1	1	2	1	2	1	2	1	2	2	1	2	1	2	1	2	1	2	2	1	2	2	2	2	1	2	2
20	1	2	1	1	1	1	2	2	1	1	1	2	1	1	1	1	1	2	1	1	2	1	1	1	2	1	2	1	2	2	2	2	1	2	1	2	1	1	1	1	1	1	1	1	1	1	1	1	1
21	1	2	1	1	1	1	2	2	1	1	1	2	2	2	1	1	2	2	1	2	2	2	1	1	2	1	2	1	2	2	2	2	1	2	1	2	2	2	1	2	2	1	2	2	2	2	1	2	2
22	1	2	1	1	1	1	2	2	2	1	1	2	1	1	1	1	1	2	1	1	2	1	1	1	2	1	2	1	2	2	2	2	1	2	2	2	2	2	1	2	2	1	2	2	2	2	1	2	1
23	1	2	1	1	1	1	2	2	2	1	1	2	1	1	1	1	1	2	1	1	2	1	1	1	2	1	2	1	2	2	2	2	1	2	2	2	2	2	1	2	2	1	2	2	2	2	1	2	1
24	1	2	1	1	1	1	2	2	1	1	1	2	2	2	1	1	2	2	1	2	2	2	1	1	2	1	2	1	2	2	2	2	1	2	1	2	2	2	1	2	2	1	2	2	2	2	1	2	2
25	1	1	1	1	1	1	1	1	1	1	1	1	1	1	1	1	1	1	1	1	1	1	1	1	1	1	1	1	1	1	1	1	1	1	1	2	1	2	1	1	1	1	1	1	1	1	1	1	1
26	1	1	1	1	1	1	1	1	1	1	1	1	1	1	1	1	1	1	1	1	1	1	1	1	1	1	1	1	1	1	1	1	1	1	1	2	1	2	1	1	1	1	2	1	1	1	1	1	1
27	1	2	1	1	1	1	1	2	1	1	1	1	2	2	1	1	2	2	1	2	1	2	1	1	2	1	2	1	2	1	2	2	1	2	1	2	1	2	1	2	2	1	2	2	2	2	1	2	2
28	1	2	1	1	1	1	1	2	1	1	1	1	2	2	1	1	2	2	1	2	1	2	1	1	2	1	2	1	2	1	2	2	1	2	1	2	1	2	1	1	1	1	2	2	2	2	1	2	2
29	1	2	1	1	1	1	2	2	1	1	1	2	1	1	1	1	1	2	1	1	2	1	1	1	2	1	2	1	2	2	2	2	1	2	1	2	2	2	1	2	2	1	2	2	2	2	1	2	1
30	1	1	1	1	1	1	1	1	1	1	1	1	1	1	1	1	1	1	1	1	1	1	1	1	1	1	1	1	1	1	1	1	1	1	1	1	1	1	1	1	1	1	1	1	1	1	1	1	1
31	1	2	1	1	1	1	2	2	1	1	1	2	2	2	1	1	2	2	1	2	2	2	1	1	2	1	2	1	2	2	2	2	1	2	1	2	2	2	1	2	2	1	2	2	2	2	1	2	2
32	1	1	1	1	1	1	1	1	1	1	1	1	1	1	1	1	1	1	1	1	1	1	1	1	1	1	1	1	1	1	1	1	1	1	1	1	1	1	1	1	1	1	1	1	1	1	1	1	1
33	1	1	1	1	1	1	1	1	1	1	1	1	1	1	1	1	1	1	1	1	1	1	1	1	1	1	1	1	1	1	1	1	1	1	1	1	1	1	1	1	1	1	1	1	1	1	1	1	1
34	1	2	1	1	1	1	1	1	1	1	1	1	1	1	1	1	1	1	1	1	1	1	1	1	1	1	1	1	1	1	1	1	1	1	1	1	1	1	1	1	1	1	1	1	1	1	1	1	1
35	1	2	2	2	1	1	1	2	1	2	2	2	1	1	1	1	1	2	1	1	2	1	1	1	2	1	2	1	2	2	2	2	1	2	1	2	1	2	1	2	2	1	2	2	2	2	1	2	1
36	1	1	1	1	1	1	1	1	1	1	1	1	1	1	1	1	1	1	1	1	1	1	1	1	1	1	1	1	1	1	1	1	1	1	1	1	1	1	1	1	1	1	1	1	1	1	1	1	1
37	1	2	1	1	1	1	2	2	1	1	1	2	2	2	1	1	2	2	1	2	2	2	1	1	2	1	2	1	2	2	2	2	1	2	1	2	2	2	1	2	2	1	2	2	2	2	1	2	2
38	1	2	1	1	1	1	1	2	1	1	1	1	2	2	1	1	2	2	1	2	1	2	1	1	2	1	2	1	2	1	2	2	1	2	1	2	1	2	1	2	2	1	2	2	2	2	1	2	2
39	1	1	1	1	1	1	1	1	1	1	1	1	1	1	1	1	1	1	1	1	1	1	1	1	1	1	1	1	1	1	1	1	1	1	1	1	1	1	1	1	1	1	1	1	1	1	1	1	1
40	1	2	1	1	1	1	1	2	1	1	1	1	2	2	1	1	2	2	1	2	1	2	1	1	2	1	2	1	2	1	2	2	1	2	1	2	1	2	1	2	2	1	2	2	2	2	1	2	2
41	1	2	1	1	1	1	2	2	1	1	1	2	1	1	1	1	1	2	1	1	2	1	1	1	2	1	2	1	2	2	2	2	1	2	1	2	2	2	1	2	2	1	2	2	2	2	1	2	1
42	1	2	1	1	1	2	2	1	1	2	2	2	1	1	2	1	2	2	1	2	1	1	1	1	2	1	2	1	2	2	2	2	1	2	1	2	1	2	1	2	2	1	2	2	2	2	1	2	1
43	1	2	1	1	1	1	2	2	1	2	2	2	1	1	2	1	2	2	1	2	2	1	1	1	2	1	2	1	2	2	2	2	1	2	1	2	2	2	1	2	2	1	2	2	2	2	1	2	1
44	1	1	1	1	1	1	1	1	1	1	1	1	1	1	1	1	1	1	1	1	1	1	1	1	1	1	1	1	1	1	1	1	1	1	1	1	1	1	1	1	1	1	1	1	1	1	1	1	1
45	1	1	1	1	1	1	1	2	1	1	1	1	2	2	1	2	1	1	2	1	1	1	2	2	2	1	2	2	2	1	1	2	1	2	1	2	1	2	1	2	1	2	2	1	1	1	1	1	1
46	1	1	1	1	1	1	1	1	1	1	1	1	1	1	1	1	1	1	1	1	1	1	1	1	1	1	1	1	1	1	1	1	1	1	1	1	1	1	1	1	1	1	1	1	1	1	1	1	1
47	1	1	1	1	1	1	1	1	1	1	1	1	1	1	1	1	1	1	1	1	1	1	1	1	1	1	1	1	1	1	1	1	1	1	1	1	1	1	1	1	1	1	1	1	1	1	1	1	1
48	1	1	1	1	1	1	1	1	1	1	1	1	1	1	1	1	1	1	1	1	1	1	1	1	1	1	1	1	1	1	1	1	1	1	1	1	1	1	1	1	1	1	1	1	1	1	1	1	1
49	1	1	1	1	1	1	1	1	1	1	1	1	1	1	1	1	1	1	1	1	1	1	1	1	1	1	1	1	1	1	1	1	1	1	1	1	1	1	1	1	1	1	1	1	1	1	1	1	1
50	1	2	1	1	1	1	2	2	1	1	1	2	1	1	1	1	1	2	1	1	2	1	1	1	2	1	2	1	2	2	2	2	1	2	1	2	2	2	1	2	2	1	2	2	2	2	1	2	1
51	1	2	1	1	1	1	1	2	1	1	1	1	2	2	1	1	2	2	1	2	1	2	1	1	2	1	2	1	2	1	2	2	1	2	1	2	1	2	1	2	2	1	2	2	2	2	1	2	2
52	1	2	1	1	1	2	2	1	1	2	2	2	1	2	1	1	2	2	1	2	1	1	1	1	2	1	2	1	2	2	2	2	2	2	1	2	1	2	1	2	2	1	2	2	2	2	1	2	1
53	1	2	1	1	1	1	1	2	1	1	2	2	1	1	1	1	1	1	1	1	1	1	1	1	1	1	2	1	2	1	1	2	1	1	1	2	1	2	1	2	2	1	1	2	1	1	1	1	1
54	1	2	1	1	1	1	1	2	1	1	1	1	2	2	1	1	2	2	1	2	1	2	1	1	2	1	2	1	2	1	2	2	1	2	1	2	1	2	1	1	1	1	2	2	2	2	1	2	2
55	1	2	1	1	1	1	1	2	1	1	1	1	2	2	1	1	2	2	1	2	1	2	1	1	2	1	2	1	2	1	2	2	1	2	1	2	1	2	1	1	1	1	2	2	2	2	1	2	2
56	1	2	1	1	1	1	1	2	1	1	2	2	1	1	1	1	1	1	1	1	1	1	1	1	1	1	2	1	2	1	1	2	1	1	1	2	1	2	1	2	2	1	1	2	1	1	1	1	1
57	1	2	1	1	1	2	2	2	1	2	2	2	1	1	2	1	2	2	1	2	2	1	1	1	2	1	2	1	2	2	2	2	1	2	1	2	2	2	1	2	2	1	2	2	2	2	1	2	1
58	1	2	1	1	1	1	2	2	1	1	1	2	1	1	1	1	1	2	1	1	2	1	1	1	2	1	2	1	2	2	2	2	1	2	1	2	2	2	1	2	2	1	2	2	2	2	1	2	1
59	1	2	1	1	1	1	1	1	1	1	1	1	1	1	1	1	1	1	1	1	1	1	1	1	1	1	1	1	1	1	1	1	2	1	1	1	1	1	1	1	1	1	1	1	1	1	1	1	1
60	1	2	1	1	1	1	2	2	1	1	1	2	1	1	1	1	1	2	1	1	2	1	1	1	2	1	2	1	2	2	2	2	1	2	1	2	2	2	1	2	2	1	2	2	2	2	1	2	1
61	1	2	1	1	2	1	2	2	1	1	2	2	1	1	1	1	1	2	1	1	2	1	1	1	2	1	2	1	2	2	2	2	1	2	2	2	2	2	1	2	2	1	2	2	2	2	1	2	1
62	1	2	2	2	1	1	1	2	1	1	2	2	1	1	1	1	1	1	1	1	1	1	1	1	1	1	2	1	2	1	1	2	1	1	1	2	1	2	1	2	2	1	1	2	1	1	1	1	1
63	1	2	2	2	2	1	1	2	1	1	2	2	1	1	1	1	1	1	1	1	1	1	1	1	1	1	2	1	2	1	1	2	1	1	1	2	1	2	1	2	2	1	1	2	1	1	1	1	1
64	1	2	2	2	1	1	2	2	1	1	2	2	1	1	1	1	1	2	1	1	2	1	1	1	2	1	2	1	2	2	2	2	1	2	2	2	2	2	1	2	2	1	2	2	2	2	1	2	1
65	1	2	1	1	1	2	2	2	1	2	2	2	1	2	1	1	2	2	1	2	2	1	1	1	2	1	2	1	2	2	2	2	1	2	1	2	2	2	1	2	2	1	2	2	2	2	1	2	1
66	1	2	1	1	1	2	2	2	1	2	2	2	1	1	2	1	2	2	1	2	2	1	1	1	2	1	2	1	2	2	2	2	1	2	1	2	2	2	1	2	2	1	2	2	2	2	1	2	1
67	2	2	1	1	1	2	2	1	1	2	2	2	1	1	2	1	2	2	1	2	1	1	1	1	2	1	2	1	2	2	2	2	1	2	1	2	1	2	1	2	2	1	2	2	2	2	1	2	1
68	1	2	1	1	1	2	2	2	1	2	2	2	1	1	2	1	2	2	1	2	2	1	1	1	2	1	2	1	2	2	2	2	1	2	1	2	2	2	1	2	2	1	2	2	2	2	1	2	1
69	1	2	1	1	1	1	1	2	1	1	1	1	2	2	1	1	2	2	1	2	1	2	1	1	2	1	2	1	2	1	2	2	1	2	1	2	1	2	1	1	1	1	2	2	2	2	1	2	2
70	1	2	2	2	1	1	1	2	1	1	2	2	1	1	1	1	1	1	1	1	1	1	1	1	1	1	2	1	2	1	1	2	1	1	1	2	1	2	1	2	2	1	1	2	1	1	1	1	1
71	1	2	2	2	1	2	2	2	1	2	2	2	1	2	1	1	2	2	1	2	1	1	1	1	2	1	2	1	2	2	2	2	1	2	1	2	1	2	1	2	2	1	2	2	2	2	1	2	1
72	1	2	2	2	1	2	2	2	1	2	2	2	1	2	1	1	2	2	1	2	1	1	1	1	2	1	2	1	2	2	2	2	1	2	1	2	1	2	1	2	2	1	2	2	2	2	1	2	1
73	1	2	2	2	1	2	2	2	1	2	2	2	1	2	1	1	2	2	1	2	1	1	1	1	2	1	2	1	2	2	2	2	1	2	1	2	1	2	1	2	2	1	2	2	2	2	1	2	1
74	1	2	1	1	1	1	1	2	1	1	1	1	2	2	1	1	2	2	1	2	1	2	1	1	2	1	2	1	2	1	2	2	1	2	1	2	1	2	1	1	1	1	2	2	2	2	1	2	2
75	1	2	1	1	1	2	2	2	1	2	2	2	2	2	1	1	2	2	1	2	1	2	1	1	2	1	2	1	2	2	2	2	1	2	1	2	1	2	1	2	2	1	2	2	2	2	1	2	2
76	1	2	1	1	1	2	2	1	1	2	2	2	1	2	1	1	2	2	1	2	1	1	1	1	2	1	2	1	2	2	2	2	1	2	1	2	1	2	1	2	2	1	2	2	2	2	1	2	1
77	1	1	1	1	1	1	1	1	1	1	1	1	1	1	1	1	1	1	1	1	1	1	1	1	1	1	1	1	1	1	1	1	1	1	1	2	1	2	1	1	1	1	1	1	1	1	1	1	1
78	1	2	1	1	1	2	2	1	1	2	2	2	1	2	1	1	2	2	1	2	1	1	1	1	2	1	2	1	2	2	2	2	1	2	1	2	1	2	1	2	2	1	2	2	2	2	1	2	1
79	1	1	1	1	1	1	1	1	1	1	1	1	1	1	1	1	1	1	1	1	1	1	1	1	1	1	1	1	1	1	1	1	1	1	1	1	1	1	1	1	1	1	1	1	1	1	1	1	1
80	1	1	1	1	1	1	1	1	1	1	1	1	1	1	1	1	1	1	1	1	1	1	1	1	1	1	1	1	1	1	1	1	1	1	1	1	1	1	1	1	1	1	1	1	1	1	1	1	1
81	1	1	1	1	1	1	1	1	1	1	1	1	1	1	1	1	1	1	1	1	1	1	1	1	1	1	1	1	1	1	1	1	1	1	1	1	1	1	1	1	1	1	1	1	1	1	1	1	1
82	1	1	1	1	1	1	1	1	1	1	1	1	1	1	1	1	1	1	1	1	1	1	1	1	1	1	1	1	1	1	1	1	1	1	1	1	1	1	1	1	1	1	1	1	1	1	1	1	1
83	1	2	1	1	1	1	2	2	1	1	1	2	1	1	1	1	1	2	1	1	2	1	1	1	2	1	2	1	2	2	2	2	1	2	2	2	2	2	1	2	2	1	2	2	2	2	1	2	1
84	1	2	1	1	1	1	1	2	1	1	1	2	1	1	1	1	1	2	1	1	2	1	1	1	2	1	2	1	2	2	2	2	1	2	1	2	2	2	1	2	2	1	2	2	2	2	1	2	1
85	1	2	1	1	1	1	1	2	1	1	1	2	1	1	1	1	1	2	1	1	2	1	1	1	2	1	2	1	2	2	2	2	1	2	1	2	2	2	1	2	2	1	2	2	2	2	1	2	1
86	1	2	1	1	1	1	1	2	1	1	1	2	1	1	1	1	1	2	1	1	2	1	1	1	2	1	2	1	2	2	2	2	1	2	1	2	2	2	1	2	2	1	2	2	2	2	1	2	1
87	1	1	1	1	1	1	1	1	1	1	1	1	1	1	1	1	1	1	1	1	1	1	1	1	1	1	1	1	1	1	1	1	1	1	1	1	1	1	1	1	1	1	1	1	1	1	1	1	1
88	1	2	1	1	1	1	1	2	1	1	1	1	2	2	1	1	2	2	1	2	1	2	1	1	2	1	2	1	2	1	2	2	1	2	1	2	1	2	1	1	1	1	2	2	2	2	1	2	2
89	1	2	1	1	1	1	2	2	1	1	1	2	1	1	1	1	1	2	1	1	2	1	1	1	2	1	2	1	2	2	2	2	1	2	1	2	2	2	1	2	2	1	2	2	2	2	1	2	1
90	1	1	1	1	1	1	1	1	1	1	1	1	1	1	1	1	1	1	1	1	1	1	1	1	1	1	1	1	1	1	1	1	1	1	1	1	1	1	1	1	1	1	1	1	1	1	1	1	1
91	1	1	1	1	1	1	1	1	1	1	1	1	1	1	1	1	1	1	1	1	1	1	1	1	1	1	1	1	1	1	1	1	1	1	1	1	1	1	1	1	1	1	1	1	1	1	1	1	1
92	1	2	1	1	1	1	1	2	1	1	2	2	1	1	1	1	1	1	1	1	1	1	1	1	1	1	2	1	2	1	1	2	1	1	1	2	1	2	1	2	2	1	1	2	1	1	1	1	1
93	1	2	1	1	1	1	1	2	1	1	1	2	1	1	1	1	1	2	1	1	2	1	1	1	2	1	2	1	2	2	2	2	1	2	1	2	2	2	1	2	2	1	2	2	2	2	1	2	1
94	1	2	1	1	1	1	2	2	1	1	1	2	1	1	1	1	1	2	1	1	2	1	1	1	2	1	2	1	2	2	2	2	1	2	2	2	2	2	1	2	2	1	2	2	2	2	1	2	1
95	1	2	1	1	1	1	1	2	1	1	1	2	2	2	1	1	2	2	1	2	2	2	1	1	2	1	2	1	2	2	2	2	1	2	1	2	2	2	1	2	2	1	2	2	2	2	1	2	2
96	1	1	1	1	1	1	1	1	1	1	1	1	1	1	1	1	1	1	1	1	1	1	1	1	1	1	1	1	1	1	1	1	1	1	1	1	1	1	1	1	1	1	1	1	1	1	1	1	1
97	1	2	1	1	1	1	1	2	1	1	1	2	1	1	1	1	1	2	1	1	2	1	1	1	2	1	2	1	2	2	2	2	1	2	1	2	2	2	1	2	2	1	2	2	2	2	1	2	1
98	1	2	1	1	1	2	2	2	1	2	2	2	1	1	2	1	2	2	1	2	2	1	1	1	2	1	2	1	2	2	2	2	1	2	1	2	2	2	1	2	2	1	2	2	2	2	1	2	1
99	1	2	1	1	1	1	2	2	1	1	1	2	1	1	1	1	1	2	1	1	2	1	1	1	2	1	2	1	2	2	2	2	1	2	1	2	1	2	1	1	1	1	1	1	1	1	1	1	1
100	1	2	1	1	1	1	2	2	1	1	1	2	1	1	1	1	1	2	1	1	2	1	1	1	2	1	2	1	2	2	2	2	1	2	1	2	1	1	1	1	1	1	1	1	1	1	1	1	1
