0	1	1	1	1	1	1	1	1	1	1	1	1	1	1	1	1	1	1	1	1	1	1	1	1	1	1	1	1	1	1	1	1	1	1	1	1	1	1	1	1	1	1	1	1
1	1	1	1	1	1	1	1	1	1	1	1	1	1	1	1	1	1	1	1	1	1	1	1	1	1	1	1	1	1	1	1	1	1	1	1	1	1	1	1	1	1	1	1	1
2	1	1	1	1	1	1	1	1	1	1	1	1	1	1	1	1	1	1	1	1	1	1	1	1	1	1	1	1	1	1	1	1	1	1	1	1	1	1	1	1	1	1	1	1
3	1	1	1	1	1	1	1	1	1	1	1	1	1	1	1	1	1	1	1	1	1	1	1	1	1	1	1	1	1	1	1	1	1	1	1	1	1	1	1	1	1	1	1	1
4	2	2	1	2	1	1	1	1	2	2	1	1	1	2	1	1	1	1	1	1	1	1	1	1	1	1	1	1	1	1	1	1	1	1	1	1	1	1	1	1	1	1	1	1
5	1	1	1	1	2	1	1	1	1	1	1	1	1	1	1	2	1	1	2	1	1	2	1	1	1	1	1	1	1	1	1	1	1	1	1	1	1	1	1	1	1	1	1	1
6	2	2	2	2	1	1	2	1	1	1	1	1	1	1	2	1	1	2	2	1	2	1	1	1	1	1	1	1	1	1	1	1	1	1	1	1	1	1	1	2	1	2	1	2
7	2	2	1	2	1	1	1	2	1	1	1	2	2	2	2	1	2	1	1	2	1	2	2	2	1	2	2	2	2	2	1	2	1	2	2	2	1	1	2	1	2	1	2	1
8	1	1	1	1	1	1	1	1	1	1	1	1	1	1	1	1	1	1	1	1	1	1	1	1	1	1	1	1	1	1	1	1	1	1	1	1	1	1	1	2	1	2	1	1
9	2	2	1	2	1	1	1	2	1	1	1	2	2	2	2	1	2	2	2	2	1	2	2	2	1	2	2	2	2	2	1	2	1	2	2	2	1	1	2	1	2	1	2	2
10	2	2	1	2	1	1	1	2	2	2	1	2	2	2	2	1	2	1	1	2	1	2	2	2	1	2	2	2	2	2	1	2	1	2	2	2	1	1	2	1	2	1	2	1
11	2	2	1	2	2	1	1	1	2	2	1	1	1	2	1	2	1	1	2	1	1	2	1	1	1	1	1	1	1	1	1	1	1	1	1	1	1	1	1	1	1	1	1	1
12	2	2	2	2	1	1	2	1	1	1	1	1	1	1	2	1	1	2	2	1	1	1	1	1	1	1	1	1	1	1	1	1	1	1	1	1	1	1	1	1	1	1	1	2
13	1	1	1	1	1	2	1	1	1	1	1	1	1	2	1	1	2	1	1	2	1	2	2	1	1	1	2	2	2	2	1	2	1	2	1	2	1	1	2	1	2	1	2	1
14	1	1	1	1	1	1	1	1	1	1	1	1	1	1	1	1	1	1	1	1	1	1	1	1	1	1	1	1	1	1	1	1	1	1	1	1	1	1	1	1	1	1	1	1
15	1	1	1	1	1	2	1	1	1	1	1	1	1	2	1	1	2	1	1	2	1	2	2	1	1	1	2	2	2	2	1	2	1	2	1	2	1	1	2	1	2	1	2	1
16	1	1	1	1	1	1	1	1	1	1	1	1	1	1	1	1	1	1	1	1	1	1	1	1	1	1	1	1	1	1	1	1	1	1	1	1	1	1	1	2	1	2	1	1
17	1	1	1	1	1	1	1	1	1	1	1	1	1	1	1	1	1	1	1	1	1	1	1	1	1	1	1	1	1	1	1	1	1	1	1	1	1	1	1	2	1	2	1	1
18	1	1	1	1	1	1	1	1	1	1	1	1	1	1	1	1	1	1	1	1	1	1	1	1	1	1	1	1	1	1	1	1	1	1	1	1	1	1	1	2	1	2	1	1
19	1	1	1	1	1	2	1	1	1	1	1	1	1	2	1	1	2	1	1	2	1	2	2	1	1	1	2	2	2	2	1	2	1	2	1	2	1	1	2	2	2	2	2	1
20	2	2	1	2	1	1	1	2	1	1	1	2	2	2	2	1	2	1	1	2	1	2	2	2	1	2	2	2	2	2	1	2	2	2	2	2	1	1	2	1	2	1	2	1
21	2	2	1	2	1	2	1	2	1	1	1	1	1	2	2	1	2	1	1	2	1	2	2	2	2	2	2	2	2	2	1	2	1	2	2	2	1	1	2	1	2	1	2	1
22	2	2	1	2	2	1	1	2	1	1	1	2	2	2	2	2	2	1	2	2	1	2	2	2	1	2	2	2	2	2	1	2	1	2	2	2	1	1	2	1	2	1	2	1
23	2	2	1	2	2	1	1	2	1	1	1	1	1	2	2	2	2	1	2	2	1	2	2	2	2	2	2	2	2	2	1	2	1	2	2	2	1	1	2	1	2	1	2	1
24	2	2	1	2	1	2	1	2	1	1	1	2	2	2	2	1	2	1	1	2	1	2	2	2	1	2	2	2	2	2	1	2	1	2	2	2	1	1	2	1	2	1	2	1
25	1	1	1	1	1	1	1	1	1	1	1	1	1	1	1	1	1	1	1	1	1	1	1	1	1	1	1	1	1	1	1	1	1	1	1	1	1	1	1	1	1	1	1	1
26	1	1	1	1	1	1	1	1	1	1	1	1	1	1	1	1	1	1	1	1	1	1	1	1	1	1	1	1	1	1	1	1	1	1	1	1	1	1	1	1	1	1	1	1
27	1	1	1	1	1	2	1	1	1	1	1	1	1	2	1	1	2	1	1	2	1	2	2	1	1	1	2	2	2	2	1	2	1	2	1	2	1	1	2	1	2	1	2	1
28	2	1	1	1	1	2	1	1	1	1	1	1	1	2	1	1	2	1	1	2	1	2	2	1	1	1	2	2	2	2	1	2	1	2	1	2	1	1	2	1	2	1	2	1
29	2	2	1	2	1	1	1	2	1	1	1	2	2	2	2	1	2	1	1	2	1	2	2	2	2	2	2	2	2	2	1	2	1	2	2	2	1	1	2	1	2	1	2	1
30	1	1	1	1	1	1	1	1	1	1	1	1	1	1	1	1	1	1	1	1	1	1	1	1	1	1	1	1	1	1	1	1	1	1	1	1	1	1	1	1	1	1	1	1
31	2	2	1	2	1	2	1	2	1	1	1	2	2	2	2	1	2	1	1	2	1	2	2	2	2	2	2	2	2	2	1	2	1	2	2	2	1	1	2	1	2	1	2	1
32	1	1	1	1	1	1	1	1	1	1	1	1	1	1	1	1	1	1	1	1	1	1	1	1	1	1	1	1	1	1	1	1	1	1	1	1	1	1	1	1	1	1	1	1
33	2	2	2	2	1	1	2	1	1	1	1	1	1	1	2	1	1	2	2	1	2	1	1	1	1	1	1	1	1	1	1	1	1	1	1	1	1	1	1	1	1	1	1	2
34	2	2	2	2	1	1	2	1	1	1	1	1	1	1	2	1	1	2	2	1	2	1	1	1	1	1	1	1	1	1	1	1	1	1	1	1	1	1	1	1	1	1	1	2
35	2	2	2	2	1	1	2	2	1	1	1	2	2	2	2	1	2	2	2	2	2	2	2	2	1	1	2	2	2	2	1	2	1	2	1	2	1	1	2	1	2	1	2	2
36	1	1	1	1	1	1	1	1	1	1	1	1	1	1	1	1	1	1	1	1	1	1	1	1	1	1	1	1	1	1	1	1	1	1	1	1	1	1	1	1	1	1	1	1
37	2	2	1	2	1	2	1	2	1	1	1	2	2	2	2	1	2	1	1	2	1	2	2	2	1	2	2	2	2	2	1	2	1	2	2	2	1	1	2	1	2	1	2	1
38	1	1	1	1	1	2	1	1	1	1	1	1	1	2	1	1	2	1	1	2	1	2	2	1	1	1	2	2	2	2	1	2	1	2	1	2	1	1	2	1	2	1	2	1
39	1	1	1	1	1	1	1	1	1	1	1	1	1	1	1	1	1	1	1	1	1	1	1	1	1	1	1	1	1	1	1	1	1	1	1	1	1	1	1	1	1	1	1	1
40	2	1	1	1	1	2	1	1	1	1	1	1	1	2	1	1	2	1	1	2	1	2	2	1	1	1	2	2	2	2	1	2	1	2	1	2	1	1	2	1	2	1	2	1
41	2	2	1	2	1	1	1	2	1	1	1	2	2	2	2	1	2	1	1	2	1	2	2	2	1	2	2	2	2	2	1	2	1	2	2	2	1	1	2	1	2	1	2	1
42	1	1	1	1	1	1	1	1	1	1	1	1	1	1	1	1	1	1	1	1	1	1	1	1	1	1	1	1	1	1	1	1	1	1	1	1	1	1	1	2	1	2	1	1
43	2	2	1	2	1	1	1	2	1	1	1	2	2	2	2	1	2	1	1	2	1	2	2	2	2	2	2	2	2	2	1	2	1	2	2	2	1	1	2	2	2	2	2	1
44	1	1	1	1	1	1	1	1	1	1	1	1	1	1	1	1	1	1	1	1	1	1	1	1	1	1	1	1	1	1	1	1	1	1	1	1	1	1	1	1	1	1	1	1
45	1	1	1	1	2	1	1	1	1	1	1	1	1	2	1	2	1	1	2	1	1	2	1	1	1	1	1	1	1	1	1	1	1	1	1	1	1	1	1	2	1	2	1	1
46	1	1	1	1	1	1	1	1	1	1	1	1	1	1	1	1	1	1	1	1	1	1	1	1	1	1	1	1	1	1	1	1	1	1	1	1	1	1	1	1	1	1	1	1
47	1	1	1	1	1	1	1	1	1	1	1	1	1	1	1	1	1	1	1	1	1	1	1	1	1	1	1	1	1	1	1	1	1	1	1	1	1	1	1	2	1	2	1	1
48	1	1	1	1	1	1	1	1	1	1	1	1	1	1	1	1	1	1	1	1	1	1	1	1	1	1	1	1	1	1	1	1	1	1	1	1	1	1	1	2	1	2	1	1
49	1	1	1	1	1	1	1	1	1	1	1	1	1	1	1	1	1	1	1	1	1	1	1	1	1	1	1	1	1	1	1	1	1	1	1	1	1	1	1	2	1	2	1	1
50	2	2	1	2	1	1	1	2	1	1	1	2	2	2	2	1	2	1	1	2	1	2	2	2	1	2	2	2	2	2	1	2	1	2	2	2	1	1	2	1	2	1	2	1
51	1	1	1	1	1	2	1	1	1	1	1	1	1	2	1	1	2	1	1	2	1	2	2	1	1	1	2	2	2	2	1	2	1	2	1	2	1	1	2	1	2	1	2	1
52	2	2	1	2	1	1	1	1	2	2	1	1	1	2	1	1	1	1	1	1	1	1	1	1	1	1	1	1	1	1	1	1	1	1	1	1	1	1	1	1	1	1	1	1
53	2	2	2	2	1	1	2	1	1	1	1	1	1	1	2	1	1	2	2	1	1	1	1	1	1	1	1	1	1	1	1	1	1	1	1	1	1	1	1	1	1	1	1	2
54	1	1	1	1	1	2	1	1	1	1	1	1	1	2	1	1	2	1	1	2	1	2	2	1	1	1	2	2	2	2	1	2	1	2	1	2	1	1	2	2	2	2	2	1
55	1	1	1	1	1	2	1	1	1	1	1	1	1	2	1	1	2	1	1	2	1	2	2	1	1	1	2	2	2	2	1	2	1	2	1	2	1	1	2	1	2	1	2	1
56	2	2	2	2	1	1	2	1	1	1	1	1	1	1	2	1	1	2	2	1	1	1	1	1	1	1	1	1	1	1	1	1	1	1	1	1	1	1	1	1	1	1	1	2
57	2	2	1	2	1	1	1	2	1	1	1	2	2	2	2	1	2	1	1	2	1	2	2	2	1	1	2	2	2	2	1	2	1	2	2	2	1	1	2	2	2	2	2	1
58	2	2	1	2	1	1	1	2	1	1	1	2	2	2	2	1	2	1	1	2	1	2	2	2	1	2	2	2	2	2	2	2	1	2	2	2	1	1	2	1	2	1	2	1
59	1	1	1	1	1	1	1	1	1	1	1	1	1	1	1	1	1	1	1	1	1	1	1	1	1	1	1	1	1	1	1	1	1	1	1	1	1	1	1	1	1	1	1	1
60	2	2	1	2	1	1	1	2	1	1	1	2	2	2	2	1	2	1	1	2	1	2	2	2	1	2	2	2	2	2	1	2	1	2	2	2	1	1	2	1	2	1	2	1
61	2	2	2	2	2	1	2	1	1	1	1	1	1	1	2	2	1	2	2	1	1	2	1	1	1	1	1	1	1	1	1	1	1	1	1	1	1	1	1	1	1	1	1	2
62	2	2	2	2	1	1	2	1	1	1	1	1	1	1	2	1	1	2	2	1	1	1	1	1	1	1	1	1	1	1	1	1	1	1	1	1	2	1	1	1	1	1	1	2
63	2	2	2	2	1	1	2	1	1	1	1	1	1	1	2	1	1	2	2	1	1	1	1	1	1	1	1	1	1	1	1	1	1	1	1	1	2	1	1	1	1	1	1	2
64	2	2	2	2	2	1	2	1	1	1	1	1	1	1	2	2	1	2	2	1	1	2	1	1	1	1	1	1	1	1	1	1	1	1	1	1	2	1	1	1	1	1	1	2
65	2	2	1	2	1	1	1	2	2	2	1	2	2	2	2	1	2	1	1	2	1	2	2	2	1	1	2	2	2	2	1	2	1	2	2	2	1	2	2	1	2	1	2	1
66	2	2	1	2	1	1	1	2	1	1	1	2	2	2	2	1	2	1	1	2	1	2	2	2	1	1	2	2	2	2	1	2	1	2	2	2	1	1	2	1	2	2	2	1
67	1	1	1	1	1	1	1	1	1	1	1	1	1	1	1	1	1	1	1	1	1	1	1	1	1	1	1	1	1	1	1	1	1	1	1	1	1	1	1	2	1	2	1	1
68	2	2	1	2	1	1	1	2	1	1	1	2	2	2	2	1	2	1	1	2	1	2	2	2	1	2	2	2	2	2	1	2	1	2	2	2	1	1	2	2	2	2	2	1
69	1	1	1	1	1	2	1	1	1	1	1	1	1	2	1	1	2	1	1	2	1	2	2	1	1	1	2	2	2	2	1	2	1	2	1	2	1	1	2	1	2	1	2	1
70	2	2	2	2	1	1	2	1	1	1	1	1	1	1	2	1	1	2	2	1	1	1	1	1	1	1	1	1	1	1	1	1	1	1	1	1	2	1	1	1	1	1	1	2
71	2	2	2	2	1	1	2	1	2	2	1	1	1	2	2	1	1	2	2	1	1	1	1	1	1	1	1	1	1	1	1	1	1	1	1	1	2	1	1	1	1	1	1	2
72	2	2	2	2	1	1	2	1	2	2	1	1	1	2	2	1	1	2	2	1	1	1	1	1	1	1	1	1	1	1	1	1	1	1	1	1	2	1	1	1	1	1	1	2
73	2	2	2	2	1	1	2	1	2	2	1	1	1	2	2	1	1	2	2	1	1	1	1	1	1	1	1	1	1	1	1	1	1	1	1	1	2	1	1	1	1	1	1	2
74	2	2	2	2	1	2	2	1	1	1	1	1	1	2	2	1	2	2	2	2	2	2	2	1	1	1	2	2	2	2	1	2	1	2	1	2	1	1	2	1	2	1	2	2
75	2	2	1	2	1	2	1	1	2	2	1	1	1	2	1	1	2	1	1	2	1	2	2	1	1	1	2	2	2	2	1	2	1	2	1	2	1	2	2	1	2	1	2	1
76	2	2	1	2	1	1	1	1	2	2	1	1	1	2	1	1	1	1	1	1	1	1	1	1	1	1	1	1	1	1	1	1	1	1	1	1	1	1	1	1	1	1	1	1
77	1	1	1	1	1	1	1	1	1	1	1	1	1	1	1	1	1	1	1	1	1	1	1	1	1	1	1	1	1	1	1	1	1	1	1	1	1	1	1	1	1	1	1	1
78	2	2	1	2	1	1	1	1	2	2	1	1	1	2	1	1	1	1	1	1	1	1	1	1	1	1	1	1	1	1	1	1	1	1	1	1	1	1	1	1	1	1	1	1
79	1	1	1	1	1	1	1	1	1	1	1	1	1	1	1	1	1	1	1	1	1	1	1	1	1	1	1	1	1	1	1	1	1	1	1	1	1	1	1	1	1	1	1	1
80	1	1	1	1	1	1	1	1	1	1	1	1	1	1	1	1	1	1	1	1	1	1	1	1	1	1	1	1	1	1	1	1	1	1	1	1	1	1	1	1	1	1	1	1
81	1	1	1	1	1	1	1	1	1	1	1	1	1	1	1	1	1	1	1	1	1	1	1	1	1	1	1	1	1	1	1	1	1	1	1	1	1	1	1	1	1	1	1	1
82	1	1	1	1	1	1	1	1	1	1	1	1	1	1	1	1	1	1	1	1	1	1	1	1	1	1	1	1	1	1	1	1	1	1	1	1	1	1	1	1	1	1	1	1
83	2	2	1	2	1	1	1	1	2	2	1	1	1	2	1	1	1	1	1	1	1	1	1	1	1	1	1	1	1	1	1	1	1	1	1	1	1	1	1	1	1	1	1	1
84	2	2	1	2	1	1	1	1	1	1	1	2	2	2	2	1	2	1	1	2	1	2	2	2	1	2	2	2	2	2	1	2	1	2	2	2	1	1	2	1	2	1	2	1
85	2	2	1	2	1	1	1	1	1	1	1	2	2	2	2	1	2	1	1	2	1	2	2	2	1	2	2	2	2	2	1	2	1	2	2	2	1	1	2	1	2	1	2	1
86	2	2	1	2	1	1	1	1	1	1	1	2	2	2	2	1	2	1	1	2	1	2	2	2	1	2	2	2	2	2	1	2	1	2	2	2	1	1	2	1	2	1	2	1
87	1	1	1	1	1	1	1	1	1	1	1	1	1	1	1	1	1	1	1	1	1	1	1	1	1	1	1	1	1	1	1	1	1	1	1	1	1	1	1	1	1	1	1	1
88	2	2	2	2	1	2	2	1	1	1	1	1	1	2	2	1	2	2	2	2	2	2	2	1	1	1	2	2	2	2	1	2	1	2	1	2	1	1	2	1	2	1	2	2
89	2	2	2	2	1	1	2	2	1	1	1	2	2	2	2	1	2	2	2	2	2	2	2	2	1	2	2	2	2	2	1	2	1	2	2	2	1	1	2	1	2	1	2	2
90	2	2	2	2	1	1	2	1	1	1	1	1	1	1	2	1	1	2	2	1	2	1	1	1	1	1	1	1	1	1	1	1	1	1	1	1	1	1	1	1	1	1	1	2
91	2	2	2	2	1	1	2	1	1	1	1	1	1	1	2	1	1	2	2	1	2	1	1	1	1	1	1	1	1	1	1	1	1	1	1	1	1	1	1	1	1	1	1	2
92	2	2	2	2	1	1	2	1	1	1	1	1	1	1	2	1	1	2	2	1	1	1	1	1	1	1	1	1	1	1	1	1	1	1	1	1	1	1	1	2	1	2	1	2
93	2	2	1	2	1	1	1	1	1	1	1	2	2	2	2	1	2	1	1	2	1	2	2	2	1	2	2	2	2	2	1	2	1	2	2	2	1	1	2	1	2	1	2	1
94	2	2	1	2	1	1	1	1	2	2	2	1	1	2	1	1	1	1	1	1	1	1	1	1	1	1	1	1	1	1	1	1	1	1	1	1	1	1	1	1	1	1	1	1
95	2	2	1	2	1	2	1	1	1	1	1	2	2	2	2	1	2	1	1	2	1	2	2	2	1	2	2	2	2	2	1	2	1	2	2	2	1	1	2	1	2	1	2	1
96	2	2	2	2	1	1	2	1	1	1	1	1	1	1	2	1	1	2	2	1	2	1	1	1	1	1	1	1	1	1	1	1	1	1	1	1	1	1	1	1	1	1	1	2
97	2	2	1	2	1	1	1	1	1	1	1	2	2	2	2	1	2	1	1	2	1	2	2	2	1	2	2	2	2	2	1	2	1	2	2	2	1	1	2	1	2	1	2	1
98	2	2	1	2	1	1	1	1	2	2	1	2	2	2	2	1	2	1	1	2	1	2	2	2	1	2	2	2	2	2	1	2	1	2	2	2	1	1	2	1	2	1	2	1
99	2	2	1	2	1	1	1	2	1	1	1	1	1	2	2	1	2	1	1	2	1	2	2	2	1	2	2	2	2	2	1	2	2	2	2	2	1	1	2	1	2	1	2	1
100	2	2	1	2	1	1	1	2	1	1	1	1	1	2	2	1	2	1	1	2	1	2	2	2	1	2	2	2	2	2	1	2	2	2	2	2	1	1	2	1	2	1	2	1
