0	1	1	1	1	2	1	1	1	2	1	1	1	2	2	2	1	2	2	1	1	2	1	1	1	1	1	2	1	1	1	2	1	1	2	2	2	2	1	2	1	1	2	1	2
1	1	2	1	1	2	1	1	1	2	1	1	1	2	2	2	2	2	2	1	1	2	1	1	1	1	2	2	1	1	1	2	1	2	2	2	2	2	1	2	1	1	2	1	2
2	1	2	1	1	2	1	1	1	2	1	1	1	2	2	2	2	2	2	1	1	2	1	1	1	1	2	2	1	1	1	2	1	2	2	2	2	2	1	2	1	1	2	1	2
3	1	1	1	1	2	1	1	1	2	1	1	1	2	2	2	2	2	2	1	1	2	1	1	1	1	1	2	1	1	1	2	1	1	2	2	2	2	1	2	1	1	2	1	2
4	1	1	1	1	2	1	1	1	2	1	1	1	2	2	2	2	2	2	1	1	2	1	1	1	1	1	2	1	1	1	2	1	1	2	2	2	2	1	2	1	1	2	1	2
5	1	1	1	1	2	1	1	1	2	1	1	1	2	2	2	1	2	2	1	1	2	1	1	1	1	1	2	1	1	1	2	1	1	2	2	2	2	1	2	1	1	2	1	2
6	1	1	1	1	2	1	1	1	2	1	1	1	2	2	2	2	2	2	1	1	2	1	1	1	1	1	2	1	1	1	2	1	1	2	2	2	2	2	2	1	1	2	1	2
7	1	1	1	1	2	1	1	1	2	1	1	1	2	2	2	2	2	2	1	1	2	1	1	1	1	1	2	1	1	1	2	1	1	2	2	2	2	1	2	1	1	2	1	2
8	1	1	1	1	2	1	1	1	2	1	1	1	2	2	2	2	2	2	1	1	2	1	1	1	1	2	2	1	1	1	2	1	1	2	2	2	2	1	2	1	1	2	1	2
9	1	2	1	1	2	1	1	1	2	1	1	1	2	2	2	2	2	2	1	1	2	1	1	1	1	2	2	1	1	1	2	1	2	2	2	2	2	1	2	1	1	2	2	2
10	1	1	1	1	2	1	1	1	2	1	1	1	2	2	2	2	2	2	2	1	2	1	1	1	1	2	2	1	1	1	2	1	1	2	2	2	2	1	2	1	1	2	1	2
11	1	1	1	1	1	1	1	1	1	1	1	1	1	2	2	2	1	1	2	1	2	1	1	1	1	2	1	1	1	1	2	1	1	1	1	1	1	1	1	1	1	1	1	1
12	1	2	1	1	2	1	1	1	2	1	2	1	2	2	2	2	1	1	1	2	2	1	2	2	1	2	2	1	1	1	2	1	2	2	1	2	2	1	2	1	1	2	1	2
13	1	2	1	1	2	1	1	1	2	1	1	1	2	2	2	2	2	2	1	1	2	1	1	1	1	2	2	1	1	1	2	1	1	2	2	2	2	1	2	1	1	2	1	2
14	1	1	1	1	2	1	1	1	2	1	1	1	2	2	2	2	2	2	1	1	2	1	1	1	1	1	2	1	1	1	2	1	1	2	2	2	2	1	2	1	1	2	1	2
15	1	2	1	1	1	1	1	1	2	1	1	1	2	2	2	2	1	1	1	1	1	1	1	1	1	2	1	1	1	1	2	1	1	1	1	1	1	1	1	1	1	1	1	1
16	1	1	1	1	2	1	1	1	2	1	1	1	2	2	2	1	2	2	1	1	2	1	1	1	1	1	2	1	1	1	2	1	1	2	2	2	2	1	2	1	1	2	1	2
17	1	1	1	1	2	1	1	1	2	1	1	1	2	2	2	1	2	2	1	1	2	1	1	1	1	1	2	1	1	1	2	1	1	2	2	2	2	1	2	1	1	2	1	2
18	1	1	1	1	2	1	1	1	2	1	1	1	2	2	2	1	2	2	1	1	2	1	1	1	1	1	2	1	1	1	2	1	1	2	2	2	2	1	2	1	1	2	1	2
19	1	2	1	1	2	1	1	1	2	1	1	1	2	2	2	2	2	2	1	1	2	1	1	1	1	2	2	1	1	1	2	1	1	2	2	2	2	1	2	1	1	2	1	2
20	1	1	1	1	1	2	1	1	1	1	2	1	1	1	2	1	1	1	1	2	2	1	2	2	1	1	2	1	1	1	2	1	2	2	1	2	2	1	2	1	1	2	1	1
21	1	2	1	1	2	1	1	2	2	1	1	1	2	2	2	2	1	1	1	1	1	1	1	1	1	2	1	1	1	1	2	1	1	1	1	1	1	1	1	1	1	1	1	1
22	2	1	1	1	1	1	1	1	1	1	2	1	1	1	2	1	1	1	1	2	2	1	2	2	1	1	2	1	2	1	2	1	2	2	1	2	2	1	2	1	1	2	1	1
23	1	2	1	1	2	1	1	1	2	1	1	1	2	2	2	2	1	1	1	1	1	1	1	1	1	2	1	1	1	1	2	1	1	1	1	1	1	1	1	1	1	1	1	1
24	2	2	1	1	2	1	1	2	2	1	2	1	2	2	2	2	1	1	1	2	2	1	2	2	1	2	2	1	2	1	2	1	2	2	1	2	2	1	2	1	1	2	1	1
25	1	1	1	1	2	1	1	1	2	1	1	1	2	2	2	1	2	2	1	1	2	1	1	1	1	1	2	1	1	1	2	1	1	2	2	2	2	1	2	1	1	2	1	2
26	1	1	1	1	2	1	1	1	2	1	1	1	2	2	2	1	2	2	1	1	2	1	1	1	1	1	2	1	1	1	2	1	1	2	2	2	2	1	2	1	1	2	1	2
27	1	2	1	1	2	1	1	1	2	1	1	1	2	2	2	2	2	2	1	1	2	1	1	1	1	2	2	1	1	1	2	1	1	2	2	2	2	1	2	1	1	2	2	2
28	1	2	1	1	2	1	1	2	2	1	1	1	2	2	2	2	1	1	1	1	1	1	1	1	1	2	1	1	1	1	2	2	2	2	1	1	1	1	2	1	1	2	1	1
29	1	2	1	1	2	1	1	1	2	2	1	1	2	2	2	2	1	1	1	1	1	1	1	1	1	2	1	1	1	1	2	1	2	2	1	1	1	1	2	1	1	2	1	2
30	1	2	1	1	2	1	1	1	2	2	1	1	2	2	2	2	1	1	1	1	1	1	1	1	1	2	1	1	1	1	2	1	2	2	1	1	1	1	2	1	1	2	1	1
31	1	2	1	1	2	1	1	2	2	1	1	1	2	2	2	2	1	1	1	1	1	1	1	1	1	2	1	1	1	1	2	2	2	2	1	1	1	1	2	1	1	2	1	2
32	1	2	1	1	2	1	1	1	2	1	2	1	2	2	2	2	1	1	1	2	2	1	2	2	1	2	2	1	1	1	2	1	2	2	1	2	2	1	2	1	2	2	1	1
33	1	1	1	1	2	1	1	1	2	1	1	1	2	2	2	2	2	2	1	1	2	1	1	1	1	1	2	1	1	1	2	1	1	2	2	2	2	1	2	1	1	2	1	2
34	1	1	1	1	2	1	1	1	2	1	2	1	2	2	2	2	2	2	1	2	2	1	2	2	1	1	2	1	1	1	2	1	2	2	2	2	2	1	2	1	1	2	1	2
35	1	2	1	1	2	1	1	1	2	1	1	1	2	2	2	2	2	2	1	1	2	1	1	1	1	2	2	1	1	1	2	1	1	2	2	2	2	1	2	1	1	2	1	2
36	1	2	1	1	2	1	1	1	2	1	1	1	2	2	2	2	2	2	1	1	2	1	1	1	1	2	2	1	1	1	2	1	2	2	2	2	2	1	2	1	1	2	1	2
37	2	2	1	1	1	1	1	1	2	1	2	1	2	2	2	2	1	1	1	2	2	1	1	1	1	2	2	1	1	1	2	1	2	2	1	2	2	1	2	1	1	2	1	1
38	1	2	1	1	1	1	1	1	2	1	1	1	2	2	2	2	1	1	1	1	1	1	1	1	1	2	1	1	1	1	2	1	1	1	1	1	1	1	1	1	1	1	1	1
39	1	1	1	1	2	1	1	1	2	1	1	1	2	2	2	2	2	2	1	1	2	1	1	1	1	1	2	1	1	1	2	1	1	2	2	2	2	1	2	1	1	2	1	2
40	1	2	1	1	2	1	1	2	2	1	1	1	2	2	2	2	1	1	1	1	1	1	1	1	1	2	1	1	1	1	2	2	1	1	1	1	1	1	1	1	1	1	1	1
41	1	2	1	1	2	1	1	1	2	2	1	1	2	2	2	2	2	2	1	1	2	1	1	1	1	2	2	1	1	1	2	1	2	2	2	2	2	1	2	1	1	2	1	2
42	1	1	1	1	2	1	1	1	2	1	1	1	2	2	2	2	2	2	1	1	2	1	1	1	1	1	2	1	1	1	2	1	1	2	2	2	2	2	2	1	1	2	1	2
43	1	1	1	1	2	1	1	1	2	1	1	1	2	2	2	1	2	2	1	1	2	1	1	1	1	1	2	1	1	1	2	1	1	2	2	2	2	2	2	1	1	2	1	2
44	1	2	1	1	2	1	1	1	2	2	1	1	2	2	2	2	1	1	1	1	1	1	1	1	1	2	1	1	1	1	2	1	2	2	1	1	1	1	2	1	1	2	1	1
45	1	1	1	1	2	1	1	1	2	1	1	1	2	2	2	2	2	2	1	1	2	1	1	1	1	1	2	1	1	1	2	1	1	2	2	2	2	1	2	1	1	2	1	2
46	1	1	1	1	2	1	1	1	2	2	1	1	2	2	2	2	1	1	1	1	1	1	1	1	1	2	1	1	1	1	2	1	2	2	1	1	1	1	2	1	1	2	1	1
47	1	1	1	1	2	1	1	1	2	2	1	1	2	2	2	2	2	2	1	1	2	1	1	1	1	2	2	1	1	1	2	1	2	2	2	2	2	1	2	1	1	2	1	2
48	1	1	1	1	2	1	1	1	2	2	1	1	2	2	2	2	2	2	1	1	2	1	1	1	1	2	2	1	1	1	2	1	2	2	2	2	2	1	2	1	1	2	1	2
49	1	1	1	1	2	1	1	1	2	2	1	1	2	2	2	2	2	2	1	1	2	1	1	1	1	2	2	1	1	1	2	1	2	2	2	2	2	1	2	1	1	2	1	2
50	1	1	1	1	2	1	1	1	2	1	1	1	2	2	2	2	2	2	1	1	2	1	1	1	1	1	2	1	1	1	2	1	1	2	2	2	2	1	2	1	1	2	2	2
51	1	2	1	1	2	1	1	1	2	1	1	1	2	2	2	2	2	2	1	1	2	1	1	1	1	2	2	1	1	1	2	1	1	2	2	2	2	1	2	1	1	2	1	2
52	1	2	1	1	2	1	1	1	2	1	1	1	2	2	2	2	1	1	2	1	2	1	1	1	2	2	1	1	1	1	2	1	2	2	1	1	1	1	2	1	1	2	1	2
53	1	2	1	1	2	1	1	1	2	1	1	1	2	2	2	2	1	1	2	1	2	1	1	1	1	2	1	1	1	1	2	1	2	2	1	1	1	1	2	1	1	2	1	1
54	1	2	1	1	2	1	1	2	2	1	1	1	2	2	2	2	2	2	1	1	2	1	1	1	1	2	2	1	1	1	2	1	1	2	2	2	2	1	2	1	1	2	1	2
55	1	2	1	1	2	1	1	2	2	1	1	1	2	2	2	2	2	2	1	1	2	1	1	1	1	2	2	1	1	1	2	1	1	2	2	2	2	1	2	1	1	2	1	2
56	1	1	1	1	2	1	1	1	2	1	1	1	2	2	2	1	2	2	1	1	2	1	1	1	1	1	2	1	1	1	2	1	1	2	2	2	2	1	2	1	1	2	1	2
57	1	1	1	1	2	1	1	1	2	1	1	1	2	2	2	2	2	2	1	1	2	1	1	1	1	1	2	1	1	1	2	1	1	2	2	2	2	1	2	1	1	2	1	2
58	1	2	1	1	2	1	1	1	2	1	1	1	2	2	2	2	2	2	1	1	2	1	1	1	1	2	2	1	1	1	2	1	2	2	2	2	2	1	2	1	1	2	1	2
59	1	2	1	1	2	1	1	1	2	1	1	1	2	2	2	2	1	1	1	1	1	1	1	1	2	2	1	1	1	1	2	1	2	2	1	1	1	1	2	1	1	2	1	2
60	1	2	1	1	2	1	1	1	2	1	1	1	2	2	2	2	1	1	1	1	1	1	1	1	1	2	1	1	1	1	2	1	2	2	1	1	1	1	2	1	2	2	1	1
61	1	2	1	1	2	1	1	1	2	1	1	1	2	2	2	2	1	1	1	1	1	1	1	1	1	2	1	1	1	1	2	1	2	2	1	1	1	1	2	1	2	2	1	1
62	1	1	1	1	1	1	1	1	1	1	1	1	1	1	1	1	1	1	1	1	1	1	1	1	1	1	1	1	1	1	1	1	1	1	1	1	1	1	1	1	1	1	1	1
63	1	2	1	1	2	1	1	1	2	1	1	1	2	2	2	2	1	1	1	1	1	1	1	1	1	2	1	1	1	1	2	1	2	2	1	1	1	1	2	1	2	2	1	1
64	1	2	1	1	2	1	1	1	2	1	1	1	2	2	2	2	1	1	1	1	1	1	1	1	1	2	1	1	1	1	2	1	2	2	1	1	1	1	2	1	1	2	1	1
65	1	1	1	1	2	1	1	1	2	1	1	1	2	2	2	2	2	2	2	1	2	1	1	1	1	2	2	1	1	1	2	1	1	2	2	2	2	1	2	1	1	2	1	2
66	1	1	1	1	2	1	1	1	2	1	1	1	2	2	2	2	2	2	1	1	2	1	1	1	1	1	2	1	1	1	2	1	1	2	2	2	2	1	2	1	1	2	1	2
67	1	1	1	1	2	1	1	1	2	1	1	1	2	2	2	2	2	2	1	1	2	1	1	1	1	1	2	1	1	1	2	1	1	2	2	2	2	1	2	1	1	2	1	2
68	1	2	1	1	2	1	1	1	2	1	1	1	2	2	2	2	2	2	1	1	2	1	1	1	1	2	2	1	1	1	2	1	2	2	2	2	2	1	2	1	1	2	1	2
69	1	2	1	1	2	1	1	2	2	1	1	1	2	2	2	2	1	1	1	1	1	2	1	1	1	2	1	1	1	1	2	1	2	2	1	1	1	1	2	1	2	2	1	1
70	1	1	1	1	2	1	1	1	2	2	1	1	2	2	2	2	1	1	1	1	1	1	1	1	1	2	1	1	1	1	2	1	2	2	1	1	1	1	2	1	1	2	1	1
71	1	1	1	1	1	1	1	1	1	1	1	1	1	2	2	2	1	1	2	1	2	1	1	1	1	2	1	1	1	1	2	1	1	1	1	1	1	1	1	1	1	1	1	1
72	1	1	1	1	1	1	1	1	1	1	1	1	1	2	2	2	1	1	2	1	2	1	1	1	1	2	1	1	1	1	2	1	1	1	1	1	1	1	1	1	1	1	1	1
73	1	1	1	1	1	1	1	1	1	1	1	1	1	2	2	2	1	1	2	1	2	1	1	1	1	2	1	1	1	1	2	1	1	1	1	1	1	1	1	1	1	1	1	1
74	1	2	1	1	2	1	1	2	2	1	1	1	2	2	2	2	2	2	1	1	2	1	1	1	1	2	2	1	1	1	2	1	1	2	2	2	2	1	2	1	1	2	1	2
75	1	2	1	1	2	1	1	2	2	1	1	1	2	2	2	2	1	1	2	1	2	1	1	1	1	2	1	1	1	1	2	1	1	1	1	1	1	1	1	1	1	1	1	1
76	1	1	1	1	2	1	1	1	2	2	1	1	2	2	2	2	1	1	2	1	2	1	1	1	1	2	1	1	1	1	2	1	2	2	1	1	1	1	2	1	1	2	1	1
77	1	1	1	1	2	1	1	1	2	1	1	1	2	2	2	1	2	2	1	1	2	1	1	1	1	1	2	1	1	1	2	1	1	2	2	2	2	1	2	1	1	2	2	2
78	1	1	1	1	2	1	1	1	2	1	1	1	2	2	2	2	2	2	2	1	2	1	1	1	1	2	2	1	1	1	2	1	1	2	2	2	2	1	2	1	1	2	1	2
79	1	1	1	1	2	1	1	1	2	2	1	1	2	2	2	2	2	2	1	1	2	1	1	1	1	2	2	1	1	1	2	1	2	2	2	2	2	1	2	1	1	2	1	2
80	1	1	1	1	2	1	1	1	2	1	1	1	2	2	2	2	2	2	1	1	2	1	1	1	1	1	2	1	1	1	2	1	1	2	2	2	2	1	2	1	1	2	2	2
81	1	1	1	1	2	1	1	1	2	1	1	1	2	2	2	2	2	2	1	1	2	1	1	1	1	1	2	1	1	1	2	1	1	2	2	2	2	1	2	1	1	2	1	2
82	1	1	1	1	2	1	1	1	2	1	1	1	2	2	2	2	2	2	1	1	2	1	1	1	1	1	2	1	1	1	2	1	1	2	2	2	2	1	2	1	1	2	2	2
83	1	1	1	1	2	1	1	1	2	1	1	1	2	2	2	2	2	2	2	1	2	1	1	1	1	2	2	1	1	1	2	1	1	2	2	2	2	1	2	1	1	2	1	2
84	1	2	1	1	2	1	1	1	2	1	1	1	2	2	2	2	2	2	1	1	2	1	1	1	1	2	2	1	1	1	2	1	2	2	2	2	2	1	2	1	1	2	2	2
85	1	2	1	1	2	1	1	1	2	2	1	1	2	2	2	2	1	1	1	1	1	1	1	1	1	2	1	1	1	1	2	1	2	2	1	1	1	1	2	1	1	2	2	1
86	1	2	1	1	2	1	1	1	2	1	1	1	2	2	2	2	2	2	1	1	2	1	1	1	1	2	2	1	1	1	2	1	2	2	2	2	2	1	2	1	1	2	2	2
87	1	1	1	1	2	1	1	1	2	2	1	1	2	2	2	2	2	2	1	1	2	1	1	1	1	2	2	1	1	1	2	1	2	2	2	2	2	1	2	1	1	2	1	2
88	1	2	1	1	2	1	1	2	2	1	1	1	2	2	2	2	2	2	1	1	2	1	1	1	1	2	2	1	1	1	2	1	1	2	2	2	2	1	2	1	1	2	1	2
89	1	1	1	1	2	1	1	1	2	1	1	1	2	2	2	2	2	2	1	1	2	1	1	1	1	1	2	1	1	1	2	1	1	2	2	2	2	1	2	1	1	2	1	2
90	1	1	1	1	2	1	1	1	2	2	1	1	2	2	2	2	2	2	1	1	2	1	1	1	1	2	2	1	1	1	2	1	2	2	2	2	2	1	2	1	1	2	1	2
91	1	1	1	1	2	1	1	1	2	1	1	1	2	2	2	2	2	2	1	1	2	1	1	1	1	1	2	1	1	1	2	1	1	2	2	2	2	1	2	1	1	2	1	2
92	1	1	1	1	2	1	1	1	2	1	2	1	2	2	2	1	2	2	1	2	2	1	1	1	1	1	2	1	1	1	2	1	2	2	2	2	2	1	2	1	1	2	1	2
93	1	2	1	1	2	1	1	1	2	1	1	1	2	2	2	2	2	2	1	1	2	1	1	1	1	2	2	1	1	1	2	1	2	2	2	2	2	1	2	1	1	2	1	2
94	1	1	1	1	2	1	1	1	2	1	1	1	2	2	2	2	2	2	2	1	2	1	1	1	1	2	2	1	1	1	2	1	1	2	2	2	2	1	2	1	1	2	1	2
95	1	2	1	1	2	1	1	1	2	1	1	1	2	2	2	2	1	1	1	1	1	1	1	1	1	2	1	1	1	1	2	1	2	2	1	1	1	1	2	1	1	2	1	1
96	1	1	1	1	2	1	1	1	2	1	1	1	2	2	2	2	2	2	1	1	2	1	1	1	1	1	2	1	1	1	2	1	1	2	2	2	2	1	2	1	1	2	1	2
97	1	2	1	1	2	1	1	1	2	1	1	1	2	2	2	2	2	2	1	1	2	1	1	1	1	2	2	1	1	1	2	1	2	2	2	2	2	1	2	1	1	2	2	2
98	1	2	1	1	2	1	1	1	2	1	2	1	2	2	2	2	1	1	1	2	2	1	2	2	1	2	2	2	1	1	2	1	2	2	1	2	2	1	2	1	1	2	1	1
99	1	1	1	1	2	1	1	1	2	1	2	1	2	2	2	1	2	2	1	2	2	1	2	2	1	1	2	1	1	1	2	1	2	2	2	2	2	1	2	1	1	2	1	2
100	1	1	1	1	2	1	1	1	2	1	2	1	2	2	2	2	2	2	1	2	2	1	2	2	1	1	2	1	1	1	2	1	2	2	2	2	2	1	2	1	1	2	1	2
