Individual,PC,score
1,1,0.5421862977961905
1,2,-1.0775719056370552
1,3,-0.8913873142359282
2,1,0.5798395176588791
2,2,-1.0080011251368122
2,3,-0.5171704385027235
3,1,0.3625588500763068
3,2,-1.1320676602968298
3,3,-0.7359460578042603
4,1,0.5503045787634302
4,2,-1.0723116598583498
4,3,-0.6834852211940268
5,1,0.5652867062704605
5,2,-1.1740346146510856
5,3,-0.012058616714473884
6,1,1.111168877024443
6,2,0.35742033822991864
6,3,0.5688246313728507
7,1,-2.3284649838980704
7,2,-0.20741207466177436
7,3,-0.38285838569270336
8,1,0.5939115844966603
8,2,-0.9158253153320626
8,3,-0.6316359895557351
9,1,-1.9216553100095124
9,2,-0.4080389075958817
9,3,-0.5123598705973901
10,1,1.0006742304788712
10,2,0.4467110519165327
10,3,0.06358648664205624
11,1,-2.0171394517939247
11,2,-0.7134604214770487
11,3,0.4144599105619668
12,1,0.973787794835841
12,2,0.7115488598693755
12,3,0.02619873095085241
13,1,0.5983780793738074
13,2,-2.467027542916924
13,3,1.9514767255043572
14,1,1.1886319704248764
14,2,0.5611384484460532
14,3,0.12250924349990855
15,1,0.41151535597648353
15,2,-2.344374706378943
15,3,1.7674879274182709
16,1,1.0526426208113098
16,2,0.5528445428978904
16,3,-0.11832907082839722
17,1,-1.62732064128907
17,2,1.1348154222984348
17,3,0.018027662071100386
18,1,-1.8681748986358349
18,2,1.2470779889667258
18,3,0.37814605211486657
19,1,-2.288467654549226
19,2,-0.33260984403164956
19,3,-0.6595692347623345
20,1,0.919547634721896
20,2,0.5404302048909068
20,3,-0.1745624766071151
21,1,0.552211320700675
21,2,-2.264288727177478
21,3,1.3050804474029347
22,1,-1.002582317858345
22,2,1.2526649204619713
22,3,0.3185673551500179
23,1,-2.1644137136676806
23,2,-0.39656372793416234
23,3,-0.5755220508378401
24,1,-2.248509116945944
24,2,-0.12636442198820907
24,3,-0.3142867808109719
25,1,0.5107298918257921
25,2,-0.9086683848935487
25,3,-0.842158323345026
26,1,0.7463281955529266
26,2,-1.1875962572094112
26,3,-0.44336032060649905
27,1,-2.4001149309021503
27,2,-1.0447956913975185
27,3,0.8584838781520076
28,1,-2.1789491619755355
28,2,-0.14417447723947166
28,3,-0.3921593849203112
29,1,0.6171345859250128
29,2,-1.0822781997709394
29,3,-0.4470947909341451
30,1,-2.003929886005834
30,2,1.1045290573360886
30,3,0.29641851041322137
31,1,0.8587797142995941
31,2,0.7206507255354864
31,3,-0.009430421173708866
32,1,-2.154697599164862
32,2,-0.3257761752615313
32,3,-0.43217962670501336
33,1,0.9359139032012537
33,2,0.4324098989749021
33,3,-0.0647024450528783
34,1,0.9137146976128736
34,2,0.42455320180004275
34,3,-0.05402839895441017
35,1,0.9533904855538622
35,2,0.41718342888983273
35,3,0.14088808642849365
36,1,0.6497384693269564
36,2,-1.1419166042497615
36,3,-0.06956712831211605
37,1,0.6500771109956852
37,2,-1.0201526386388093
37,3,-0.8192127139508463
38,1,0.6175736527917339
38,2,-0.9028104933742959
38,3,-0.7554336333758964
39,1,0.6220086756882113
39,2,-0.8700244283759256
39,3,-0.8310262669032833
40,1,1.0262640572873891
40,2,0.5956901833596181
40,3,0.08440069303458674
41,1,0.40803477871866123
41,2,-0.8211795939315628
41,3,-0.7486840931148752
42,1,-1.9035567345181963
42,2,1.3167431423366798
42,3,0.2207372772871559
43,1,1.2005114480030288
43,2,0.6700137586651516
43,3,-0.19113807143925807
44,1,-1.6556858579028786
44,2,1.1578307433530992
44,3,0.3918009907377772
45,1,-2.2613448393192073
45,2,-0.17965678960866902
45,3,-0.43012619799259005
46,1,0.45545921294270025
46,2,-0.8955677123192624
46,3,-0.6522913308051302
47,1,0.6182880511211195
47,2,-0.9367571103610292
47,3,-0.880029605155993
48,1,0.45040507867815177
48,2,-1.1017625772887358
48,3,-0.6953473657345032
49,1,-2.2423841622465424
49,2,-1.0425944027974525
49,3,0.8983421490628651
50,1,-2.2457908412465986
50,2,-0.29300267691575804
50,3,-0.4337126277983835
51,1,1.1432958396020552
51,2,0.424779045181503
51,3,-0.053960198213247074
52,1,1.0617776286000875
52,2,0.7584592494692622
52,3,-0.0018730150798174161
53,1,-1.8195415880226242
53,2,1.178208696403025
53,3,0.3712826582654769
54,1,-1.5288876526670205
54,2,1.0139512943779068
54,3,0.3039956874453383
55,1,0.8959672205001808
55,2,0.49786856174904093
55,3,0.08511237598545038
56,1,1.0234726931951204
56,2,0.6200082417334516
56,3,0.3241808188237726
57,1,-1.5619066002480266
57,2,1.5224418072647352
57,3,0.32298748836952984
58,1,-1.9980788785091679
58,2,-0.5584672609942998
58,3,0.1457762202419575
59,1,1.1414884892824824
59,2,0.7107260702362271
59,3,0.009434322189762917
60,1,0.9665978026597899
60,2,0.17133157078325653
60,3,0.5482988126558989
61,1,0.9110648771189492
61,2,0.2978420688034282
61,3,0.7298168463811445
62,1,0.980534989382833
62,2,0.45198432808437156
62,3,0.03633774034651069
63,1,-2.18022726593597
63,2,-1.1204148979981239
63,3,1.587999461972089
64,1,0.3796615099927945
64,2,-1.1925426740032083
64,3,-0.1527212067212742
65,1,1.1799447613680332
65,2,0.4841915718882149
65,3,0.6236941679060353
66,1,1.1257105644455399
66,2,0.5239893488521772
66,3,0.8444187498642647
67,1,0.9178856928164232
67,2,0.5029876078498519
67,3,-0.2882804455430411
68,1,-1.9279391307945177
68,2,1.2726784073339616
68,3,0.17360908356697896
69,1,0.9145660544014048
69,2,0.5278516782928829
69,3,0.053907626928244724
70,1,0.4404588186580003
70,2,-0.9098156666498837
70,3,-0.7757940806870554
71,1,0.9697311788327513
71,2,0.5084095718123213
71,3,0.08610963600817664
72,1,1.0144680121928633
72,2,0.5084729352236298
72,3,-0.11662729468118127
73,1,0.9089584587120922
73,2,0.3239399287485468
73,3,0.10281595211326404
74,1,1.2537264212333463
74,2,0.5229668796298788
74,3,0.05780125112891774
75,1,-2.177768820157323
75,2,-0.37456308778905834
75,3,-0.49720618230246333
76,1,-2.1716976395222582
76,2,-0.39080663817695155
76,3,-0.5548810620294881
77,1,0.9483576783570263
77,2,0.5591142431952576
77,3,0.12067620631884025
78,1,-2.2263115589011115
78,2,-0.2253697289512978
78,3,-0.38628337038955585
79,1,-1.7611740115351637
79,2,1.2870813143434656
79,3,0.22418691873387478
80,1,0.9279350427469774
80,2,0.5950550660857632
80,3,-0.09363526760466769
81,1,0.956072723557087
81,2,0.5960833245976433
81,3,0.08530266553095425
82,1,0.9526576850246846
82,2,0.5935689238814211
82,3,0.06745387088248683
83,1,1.0063360635103806
83,2,0.6083976854570804
83,3,0.03406326076225276
84,1,0.9192830059976648
84,2,0.40802305393946403
84,3,0.6114249875875338
85,1,0.8861747222119382
85,2,0.4175676289432261
85,3,0.19387034416639817
86,1,1.1744727270648032
86,2,0.6753762737858066
86,3,0.01770889975742791
87,1,0.9303776311956842
87,2,0.45165078326037233
87,3,0.13806964724721008
88,1,1.145345634452073
88,2,0.6408917548307116
88,3,-0.09919138571752285
89,1,-2.0550447311839752
89,2,-0.2565118687581926
89,3,-0.31362263060758233
90,1,1.0526975838159005
90,2,0.6354295142173064
90,3,-0.052137904214440166
91,1,0.6720160656143238
91,2,-0.8024899255523102
91,3,-0.9884755478756593
92,1,0.6100003839103603
92,2,-1.001597512531412
92,3,-0.8401395950119251
93,1,0.8575551233042363
93,2,0.4697055893274891
93,3,0.04360109149489153
94,1,0.5407355351062137
94,2,-2.2730746830785935
94,3,2.1137089597466234
95,1,0.8062551169661711
95,2,0.6337804211762729
95,3,-0.12017935464505777
96,1,1.0157863136588152
96,2,0.5228847548948037
96,3,-0.08828677625121614
97,1,0.6537274277993735
97,2,0.6172115175446502
97,3,-0.08392236211311753
98,1,1.1614854270531134
98,2,0.23864871151706116
98,3,0.4521406085291535
99,1,-1.783929974539913
99,2,1.2499477046039333
99,3,0.30548239812160327
100,1,0.9089098528924296
100,2,0.46184211209054404
100,3,0.2993354125757522
101,1,1.1131997677773888
101,2,0.5147156535526319
101,3,-0.031968995346041564
