Individual,PC,score
1,1,-2.937499946711596
2,1,-3.0002810429506623
3,1,-2.9640849751582836
4,1,-3.0025157746777946
5,1,0.26151823464904017
6,1,0.4261022389578338
7,1,0.46114980910587916
8,1,0.3850414731691903
9,1,0.584267818290398
10,1,0.5763589088774427
11,1,0.3667521664188906
12,1,0.42870719272356084
13,1,-2.9670447597131027
14,1,-2.5586983615346326
15,1,0.6298899160835494
16,1,0.4099434288724655
17,1,0.4473826229053733
18,1,0.41080914918126615
19,1,0.5357617722469635
20,1,0.44193274991314757
21,1,0.31526010783790864
22,1,0.3464897636921953
23,1,0.43416199921516974
24,1,-2.944731839012654
25,1,-2.8569206447996662
26,1,0.540384422406314
27,1,0.47902714091001175
28,1,0.4161653510500756
29,1,0.8025061091958247
30,1,0.7132946935896733
31,1,-3.015415777468736
32,1,0.33431283561285774
33,1,0.3280493522650773
34,1,0.6406719729721713
35,1,0.49865773450264667
36,1,0.40542450723072526
37,1,0.30307030854060135
38,1,0.15530768321983277
39,1,-2.928038764361185
40,1,0.37227428925467376
41,1,0.5956713453656143
42,1,0.5150546736778602
43,1,0.446646625681704
44,1,0.5056505957372923
45,1,0.2747794252787361
46,1,0.3824360096208758
47,1,0.4767881464421255
48,1,0.30814140138904644
49,1,0.5967568907054166
50,1,0.43895225674622235
51,1,0.5001368288651564
52,1,0.34150425732516193
53,1,-2.184467187388775
54,1,0.47891519748595107
55,1,0.5345179635151397
56,1,0.4734740889258317
57,1,0.30183286347524596
58,1,0.3512893857752316
59,1,0.3021108312764416
60,1,0.5326209795488094
61,1,0.5157189429698756
62,1,0.45154469140258385
63,1,-2.8328491909799465
64,1,-2.7805996240477766
65,1,-2.8206855684698713
66,1,0.3302558359405553
67,1,0.8378188280246643
68,1,0.21516226194847493
69,1,0.4657698168746176
70,1,0.4880101945871595
71,1,0.40293475610506363
72,1,0.5554072869313942
73,1,0.35050096419460597
74,1,0.5756906809218368
75,1,0.654181166688237
76,1,0.41457310110524387
77,1,0.4725775043980838
78,1,0.6563820292725466
79,1,0.26127527752926916
80,1,0.482196008212494
81,1,0.485107959817132
82,1,0.6529800009829001
83,1,0.605715458549931
84,1,0.434109014513438
85,1,0.5063070858831273
86,1,0.3726548169703686
87,1,0.6030657615931957
88,1,0.31386186702362723
89,1,0.40196081287612095
90,1,0.5631152150251942
91,1,0.3622155269935425
92,1,0.49448936556779544
93,1,0.3976887234848002
94,1,0.5901136494067429
95,1,0.4315883884449599
96,1,0.2806871791082982
97,1,0.2750104996181249
98,1,0.5902399659838373
99,1,0.38580386062280975
100,1,0.46339829609718014
101,1,0.6457651418762214
