Individual,PC,score
1,1,0.00739359237565158
1,2,0.041313179551976935
2,1,-0.9659081183186915
2,2,-0.03347510211870342
3,1,-0.970387253502936
3,2,-0.0417927193276764
4,1,-0.9601618032239884
4,2,0.18814107012264142
5,1,0.02562431340349983
5,2,0.04618041133201713
6,1,-0.08439960598844225
6,2,0.016910561392047965
7,1,0.15378351036224086
7,2,0.10971285148300905
8,1,0.058045181756902216
8,2,-0.07696312625312703
9,1,0.015416803765322827
9,2,-0.05710825118394758
10,1,0.11458259569538284
10,2,0.048036072662076774
11,1,0.12482643384010383
11,2,-0.09368033035220817
12,1,0.021944417985319094
12,2,-0.0993810173538533
13,1,-1.2096660756494158
13,2,-0.035661009181569434
14,1,0.11247065562946895
14,2,-0.04543757397629164
15,1,0.3283970044425077
15,2,0.05767212173968759
16,1,0.28067634326788493
16,2,-0.8287431719042359
17,1,0.013855185507110252
17,2,-0.04455939951387352
18,1,0.3084826942053619
18,2,0.171026081257558
19,1,0.2566580177651806
19,2,-0.8249511874963342
20,1,0.14350048187701203
20,2,-1.0264891053972744
21,1,0.15236441782666207
21,2,0.05953217783470393
22,1,0.3296290405521652
22,2,0.03384439496430298
23,1,0.18139802773711233
23,2,0.16216281640803049
24,1,-0.6875714506867486
24,2,-0.17230071372771064
25,1,-0.7265741734801867
25,2,0.0996782276435192
26,1,0.01772104897361067
26,2,0.07226472461311892
27,1,0.1413115596390442
27,2,0.1807561707421735
28,1,0.1378135559717638
28,2,0.111052089631822
29,1,0.17519415235682523
29,2,0.20315937699039457
30,1,0.0890327486445487
30,2,-0.07657291252436109
31,1,-0.6623818335055043
31,2,-0.08042872798167913
32,1,-0.008151501192108503
32,2,-0.11880057048612828
33,1,0.101178654661625
33,2,0.09739961842628822
34,1,0.05642610542823871
34,2,-0.13898736929218772
35,1,-0.05494812938313068
35,2,0.24201866753645335
36,1,-0.007912912481466075
36,2,-0.12844802323727064
37,1,0.17897246159846492
37,2,0.010818518506674795
38,1,-0.0063403299854096346
38,2,-0.13856355016132854
39,1,-0.8884303121075378
39,2,-0.14704460926671356
40,1,-0.09960868376049965
40,2,-0.08092445220320044
41,1,0.1484969439979007
41,2,0.10836279443947726
42,1,0.11491293646639372
42,2,-0.15384043602538616
43,1,0.17221530488829875
43,2,0.04522263191110192
44,1,0.229023089794949
44,2,0.18050215329715258
45,1,0.211240541368925
45,2,-0.08255847280000425
46,1,0.1518283780288757
46,2,0.2029564605499191
47,1,-0.07325449808059904
47,2,0.2142382646505665
48,1,0.22185913765829596
48,2,0.21130498420233804
49,1,0.2800465028786967
49,2,-0.07615864205163962
50,1,0.1132859121050201
50,2,0.043407348448094976
51,1,0.09890901846104948
51,2,0.12590524298477188
52,1,0.3096549651124203
52,2,0.06342904874106584
53,1,-0.8645179083160336
53,2,0.08275713854118534
54,1,0.25975083752432837
54,2,-0.009536191010208474
55,1,-0.03081847234891
55,2,-0.07785642631353458
56,1,0.2638498188196696
56,2,0.2034225140159466
57,1,0.03153488231315587
57,2,-0.09233698437736629
58,1,0.02526507954969866
58,2,0.11805144975484876
59,1,0.2336662310518089
59,2,0.2318005977158086
60,1,0.04894701656786366
60,2,-0.0428230839377461
61,1,0.21890073467472337
61,2,-0.12203345502112273
62,1,0.005409678410114528
62,2,-0.1551181020444251
63,1,-0.9958430293635716
63,2,0.1682138882666247
64,1,-1.3602377867356665
64,2,0.04646406752325403
65,1,-1.2131438005983652
65,2,0.012980410382555815
66,1,0.27767664527945063
66,2,0.007276774836085732
67,1,0.2907236644330575
67,2,0.0723673985861921
68,1,0.20276157599517255
68,2,-0.14062278442874387
69,1,0.17380792784570973
69,2,0.06031328798812622
70,1,0.14695281802861526
70,2,0.07598652257468483
71,1,-0.05247514645612363
71,2,0.256020746443199
72,1,0.18511640004150556
72,2,0.024845885486611347
73,1,0.20202228000297362
73,2,0.10456168750858436
74,1,0.03195537759515509
74,2,0.10885323660719788
75,1,-0.007061638486679594
75,2,-0.04838205390968419
76,1,0.20646062568704457
76,2,0.25236242353562743
77,1,0.27206469847531406
77,2,-0.015032792846546374
78,1,-0.10312768054679519
78,2,-1.128152880025662
79,1,0.09418468458516524
79,2,0.018507669159531608
80,1,0.10009988850970832
80,2,0.23790162874422718
81,1,0.1827929350892797
81,2,0.22116471628707007
82,1,0.28923535101910114
82,2,-0.06247493718549253
83,1,0.01113963444185821
83,2,-0.006158671285904449
84,1,0.2882920991291577
84,2,0.06421250287064119
85,1,0.1029266575011502
85,2,0.25626473833719565
86,1,0.21953718729179683
86,2,0.12856507903879127
87,1,0.28642727828777326
87,2,0.22233222083619827
88,1,-0.08441980017711091
88,2,0.0034721791897445193
89,1,0.3036777072090995
89,2,-0.018160424885298152
90,1,0.10329372458109391
90,2,0.03434411476128306
91,1,-0.05999541696190799
91,2,-0.11410037050105666
92,1,0.25931592118286717
92,2,-0.034815322603448606
93,1,0.34299590280845565
93,2,0.0016891788690543495
94,1,0.30719186178869834
94,2,-0.010788190234331196
95,1,0.08462906305019888
95,2,0.18498653491303596
96,1,0.3677054645270197
96,2,-0.13062293518727422
97,1,-0.03396207967409221
97,2,0.03321755995506645
98,1,0.10519444832519481
98,2,0.07599900616139839
99,1,5.00141613746741e-4
99,2,0.03937198795155901
100,1,0.06592761154322974
100,2,0.21677738057494017
101,1,0.04119385020213059
101,2,0.09979349013530404
