Individual,PC,score
1,1,-0.3921560518842709
1,2,-0.18887141878742073
2,1,1.8823882095183808
2,2,-0.87380373533515
3,1,1.624594782717591
3,2,-0.8693244650746191
4,1,1.4965777554264472
4,2,-0.6374889788379232
5,1,0.9247212391580153
5,2,1.1018553501973047
6,1,0.7165957184929992
6,2,0.2860819006961956
7,1,-0.5719572068296183
7,2,-0.013121296441687908
8,1,-0.261475425516104
8,2,-0.2006381218313486
9,1,-0.3744975891149419
9,2,-0.1614433034384041
10,1,-0.42739302287552267
10,2,-0.18449554895094175
11,1,-0.5481735439518529
11,2,-0.2855459319098268
12,1,0.5138703188656477
12,2,1.0009980692310028
13,1,1.657335213800264
13,2,-0.36139854457388293
14,1,-0.12855776975475236
14,2,0.03228934948586987
15,1,-0.45441600349545597
15,2,-0.09239672613612822
16,1,0.5326862165333323
16,2,0.2904401354063924
17,1,-0.4495681367165281
17,2,-0.07133441628724195
18,1,0.3429290719831701
18,2,0.35138238480471884
19,1,-0.22053673765525034
19,2,-0.19607694964190814
20,1,0.03096824943072344
20,2,-0.20366683390765258
21,1,0.493181301453302
21,2,1.1188311059642426
22,1,0.3914806843608255
22,2,1.0165484283186481
23,1,-0.34665727802033147
23,2,-0.06666625479560948
24,1,2.030263299958778
24,2,-0.558759442976071
25,1,1.6724460414419966
25,2,-0.7520778252595435
26,1,-0.3400174915871344
26,2,-0.0577291223690748
27,1,-0.23699571574032674
27,2,-0.2582397972273596
28,1,-0.44342384325091466
28,2,-0.13073668688191792
29,1,-0.5060132961721748
29,2,-0.08102060735178561
30,1,-0.4299090175709421
30,2,-0.04658935557748745
31,1,-0.130726634915268
31,2,-0.4366646071543352
32,1,-0.17176570716512304
32,2,-0.10430548798696625
33,1,-0.4614492108000291
33,2,-0.20277170931503619
34,1,-0.5299641714672331
34,2,-0.015206830449255434
35,1,-0.32709856437823437
35,2,-0.09022484671338322
36,1,-0.22751549683464312
36,2,0.05050855961784579
37,1,-0.3883883860239017
37,2,-0.27000827721017534
38,1,0.2966714930237602
38,2,1.0124732349548322
39,1,1.5523288494465577
39,2,-0.9293620482037097
40,1,-0.5097827773184367
40,2,-0.13019807131820624
41,1,-0.3677203065936173
41,2,-0.0763593713163031
42,1,0.5016825029229062
42,2,1.1455841335456156
43,1,0.5079916005606341
43,2,1.1044984735451946
44,1,-0.5880898603538206
44,2,-0.2512194201065411
45,1,-0.2611588432070068
45,2,-0.0561370157301336
46,1,0.1788884653789864
46,2,0.4266316159266197
47,1,-0.39270010474936684
47,2,-0.33455025495418206
48,1,-0.30557666671170924
48,2,-0.0444444390667867
49,1,-0.4319953113821845
49,2,-0.17678649619877973
50,1,-0.4158053061904904
50,2,-0.158985169985875
51,1,-0.4447340012562278
51,2,-0.1794935196050413
52,1,-0.41530474474258733
52,2,-0.04405252944040199
53,1,0.5091395823030849
53,2,1.0620018359020253
54,1,-0.4101550061954547
54,2,-0.11127091974518319
55,1,0.17464093842384937
55,2,0.9571360104257874
56,1,-0.3707327263335708
56,2,0.03144392211475364
57,1,-0.31001397409903675
57,2,-0.18415392443422823
58,1,-0.22126275293215006
58,2,-0.17340788925382702
59,1,-0.34024888079473925
59,2,0.012493156676579126
60,1,-0.34500927046677415
60,2,-0.18642635293596674
61,1,-0.2374372725840108
61,2,0.012554852024614259
62,1,0.3825088271408954
62,2,0.8241018802662677
63,1,1.7713476816741844
63,2,-0.40143829424555344
64,1,1.3406103576224517
64,2,-0.5445704164132757
65,1,1.8985824018155644
65,2,0.5312785973453525
66,1,1.500918428102596
66,2,-0.44154360697603456
67,1,0.18432768314205103
67,2,0.3819552277908703
68,1,-0.418523568557652
68,2,-0.14346942772417906
69,1,-0.3123684956710104
69,2,-0.041383459493414425
70,1,0.3745466398268089
70,2,1.206517405171352
71,1,-0.28182330878209766
71,2,-0.12869779018046804
72,1,-0.3826759893463312
72,2,-0.15910454052162384
73,1,-0.12849535750850974
73,2,-0.10083427839772459
74,1,-0.47766567645931907
74,2,-0.10969377659251907
75,1,-0.4026839764746653
75,2,-0.17259259994490742
76,1,-0.5330992351461282
76,2,-0.08847524157119883
77,1,-0.6786815336312706
77,2,-0.11668149474208978
78,1,0.010573838628659248
78,2,0.1071622506385254
79,1,-0.5178786220766851
79,2,-0.10225369174753902
80,1,-0.3818061285965931
80,2,-0.09148879544659767
81,1,-0.4275069420770188
81,2,-0.13282723714678096
82,1,-0.26249259824413085
82,2,-0.17841610944431682
83,1,-0.322669347896803
83,2,-0.3667393116980747
84,1,-0.44916473836248993
84,2,-0.44307445096002046
85,1,-0.10901862720438028
85,2,-0.28914792992345795
86,1,-0.3315252371698798
86,2,0.07239250980726837
87,1,-0.4214281438293872
87,2,-0.13534314542090117
88,1,-0.0800411664196217
88,2,-0.4381022402597199
89,1,-0.1955457210944569
89,2,0.01566278252123892
90,1,-0.27389449988948017
90,2,0.03326548616916876
91,1,-0.3041122844689702
91,2,0.11569822637202605
92,1,-0.594169400810062
92,2,-0.008660807598516288
93,1,-0.20237840760255202
93,2,0.0065488961779222804
94,1,-0.5182533556778232
94,2,-0.12760518515572652
95,1,0.4138365541166756
95,2,1.1607363764114007
96,1,-0.27894140540797296
96,2,-0.14086734161549858
97,1,-0.39864210094819563
97,2,-0.07436783603578552
98,1,-0.3050962567420434
98,2,0.17436219711154322
99,1,-0.4385179697907627
99,2,0.05121309350826985
100,1,-0.4273094224257709
100,2,-0.07722258115415141
101,1,-0.3158403213273423
101,2,-0.19259131300207855
