Individual,PC,score
1,1,-3.759048858561391
2,1,1.195925354683393
3,1,0.8791204949429215
4,1,0.868681399701401
5,1,-3.7085620199582663
6,1,-3.8066027184948674
7,1,1.0675155868424662
8,1,0.9057778698146923
9,1,0.9203206068044543
10,1,1.1239015202952025
11,1,1.0742945525039858
12,1,0.9574716380561834
13,1,0.8240937601148135
14,1,0.893486657863119
15,1,1.003814069143617
16,1,-3.7360346601795418
17,1,0.8012706786873375
18,1,0.8767502689127847
19,1,1.1397988713877902
20,1,-4.005759240458097
21,1,-4.040685291305274
22,1,0.702998550436727
23,1,0.7688285404536022
24,1,1.1373682314764682
25,1,1.1362204742167656
26,1,1.0050494193275346
27,1,-4.0178716571373085
28,1,0.7998609590988781
29,1,0.8561319636023312
30,1,1.0434811957820114
31,1,1.0817810334166005
32,1,0.8241258664200868
33,1,0.9272404373113144
34,1,1.1437708570009133
35,1,0.778222839860523
36,1,0.925268821178611
37,1,1.0646178866771925
38,1,0.9350698905263364
39,1,-4.103166062427838
40,1,0.9110154271830533
41,1,0.8419682637203997
42,1,1.100732057258866
43,1,0.9413553342716535
44,1,0.8178271362100631
45,1,0.9245053211758164
46,1,0.8382801676718058
47,1,0.9255716508429995
48,1,1.2530968090715144
49,1,0.9989878956318581
50,1,-3.7338593969906135
51,1,1.0219926829983326
52,1,1.0740715440727748
53,1,-3.916717315944307
54,1,0.732473204599558
55,1,0.8920657118251176
56,1,0.8791396487608606
57,1,1.2866231809400006
58,1,0.669893343714954
59,1,0.9319572866925245
60,1,0.9101897163398209
61,1,1.1587770963458577
62,1,0.9711821125194273
63,1,0.9402379142356698
64,1,0.8136295209719232
65,1,0.9657498164933103
66,1,-3.8077040132977014
67,1,-3.9665804022186664
68,1,1.0265177668979228
69,1,-3.79038990188764
70,1,0.9784810943347729
71,1,0.8705384795566453
72,1,1.0319262139425813
73,1,0.9198186167835424
74,1,0.8787084877972156
75,1,0.965226475102371
76,1,0.9628891477719471
77,1,-3.726641435704185
78,1,0.9007209956145107
79,1,1.0003427788134656
80,1,-3.8123684948035033
81,1,0.8801841550307349
82,1,0.9101137511958851
83,1,0.9146869154474143
84,1,-3.9003621034091416
85,1,0.9691426634859726
86,1,0.9648263751299407
87,1,0.8966134424633039
88,1,0.8767859328049038
89,1,0.9960681217404999
90,1,0.8700296249323664
91,1,-3.709973780253722
92,1,-3.6746758124429393
93,1,1.0921208090283272
94,1,0.8804398127442928
95,1,1.1144171253425905
96,1,-4.017082030982248
97,1,0.889981885625053
98,1,-3.9924463359743316
99,1,1.1793176667105145
100,1,0.8599492184266773
101,1,0.9331008356199084
