Individual,PC,score
1,1,-1.5191090751235792
1,2,-1.0947988813800533
1,3,0.2140830615133854
1,4,-0.396917742398674
2,1,-2.238395313237445
2,2,0.9405757002923387
2,3,0.5645463801023296
2,4,0.5378498471669408
3,1,-2.301430944871823
3,2,0.853597483231963
3,3,0.2623657004786262
3,4,-0.088681930373673
4,1,-2.2531365199268745
4,2,0.9889454732784233
4,3,0.5257707150982653
4,4,-0.17793410240230698
5,1,-1.067458336676177
5,2,-0.9984989921319631
5,3,-0.5900703099435084
5,4,0.6660050351825326
6,1,-0.9897426726953763
6,2,-1.240715565752668
6,3,-0.4664316918164953
6,4,0.7530261677562181
7,1,-0.19659966861290698
7,2,1.9028224332801207
7,3,-0.8349287710963849
7,4,0.12542313315117662
8,1,0.6350014386486884
8,2,-0.059463807432068166
8,3,-0.8938633630889873
8,4,0.6469913240945941
9,1,-2.527550629349833
9,2,0.8641196197222274
9,3,0.365672889612152
9,4,-0.2307072848322884
10,1,-2.517616755649046
10,2,0.8191546575373123
10,3,0.33142396163857957
10,4,-0.4472971787141154
11,1,-0.3309872102555132
11,2,2.1341499727046567
11,3,-0.5986710259008805
11,4,-0.09350185108726522
12,1,1.585548889344571
12,2,0.23928012090603895
12,3,0.4547874084015769
12,4,0.4863663092791899
13,1,-1.3260609446664358
13,2,-0.8918218366449058
13,3,-0.652836652350393
13,4,0.6245062474413834
14,1,1.2005313388650911
14,2,-0.2583497803515588
14,3,0.798370942973096
14,4,-1.1158008173515943
15,1,-2.127379676010716
15,2,1.2206264306606618
15,3,0.4255806794487099
15,4,0.6326202620514283
16,1,-1.0586632966297576
16,2,-1.0567994124420785
16,3,0.46042122710258526
16,4,1.02617987997551
17,1,-1.2356894930059397
17,2,-1.01561011592907
17,3,0.4245498487494093
17,4,1.3275344453328355
18,1,-1.198549882777659
18,2,-0.9994140752841119
18,3,0.600908022550435
18,4,1.1185630913848468
19,1,-1.0417920305711945
19,2,-0.9229918327178103
19,3,0.6955095708972544
19,4,1.0785588250783276
20,1,-1.114831279602973
20,2,-0.9231261413853287
20,3,0.15150928960101495
20,4,1.0662157277513296
21,1,-1.8933570242497706
21,2,1.3303196193854188
21,3,0.49904851246394466
21,4,0.21107917801925036
22,1,0.40520735126921775
22,2,-0.15687539789660931
22,3,-1.0896059368748043
22,4,-0.6977677927480948
23,1,-0.12891821915865048
23,2,2.025145340944938
23,3,-0.7620482297849098
23,4,0.08445116124599963
24,1,-0.14350982656461364
24,2,1.9269096555228797
24,3,-0.9221024756860021
24,4,-2.0487142759923702e-4
25,1,-2.2395568739368614
25,2,1.3612133128566826
25,3,0.43160653256009557
25,4,0.29576670856214754
26,1,1.247807396849389
26,2,-0.130955636641746
26,3,0.7638507907691466
26,4,0.2381221346109767
27,1,0.5679143205952305
27,2,-0.01659275719717547
27,3,-0.7271721568200559
27,4,0.597561697486408
28,1,1.6078681934859689
28,2,0.08541440321339305
28,3,0.3825267833324453
28,4,0.6435361297924673
29,1,1.4365406329918238
29,2,-0.09411947497619437
29,3,0.45389659534891985
29,4,0.3770568270696636
30,1,-1.3674570357172753
30,2,-0.9005694902766292
30,3,0.21622890692649716
30,4,-0.44674022461870627
31,1,0.3028921167240306
31,2,2.1051135882441776
31,3,0.9735615927771134
31,4,-0.31600222103649267
32,1,0.4702120836618014
32,2,-0.276082478259935
32,3,-1.0408249593394012
32,4,-0.7681605679689737
33,1,1.555697301326984
33,2,0.13684646983041643
33,3,0.6347322356462491
33,4,0.5050406953935264
34,1,0.5651612022501491
34,2,-0.13594291524299237
34,3,-1.036889144613641
34,4,-0.6048082405894515
35,1,0.7997782258469571
35,2,0.013979418448664826
35,3,-0.799135402792166
35,4,0.6369318397320087
36,1,0.39098850262323637
36,2,0.021100344923398608
36,3,-1.3799290396642685
36,4,0.43767791296905956
37,1,0.5761169857171026
37,2,-5.011327926264674e-4
37,3,-0.8099084815396924
37,4,-0.9492635710863537
38,1,1.1286791456551495
38,2,-0.04091831479678427
38,3,0.5580931791315794
38,4,0.20839747928782246
39,1,-2.086975618626624
39,2,1.283323417093698
39,3,0.4431607482421331
39,4,0.5653054471476245
40,1,1.3462477182429813
40,2,0.017778969765625367
40,3,0.8761470621221924
40,4,-0.07244547501001249
41,1,-0.2348462362922424
41,2,1.8936175211238828
41,3,-0.9100388764639001
41,4,0.06397212958843876
42,1,1.5268931658054197
42,2,0.10897246096497555
42,3,0.3978367927979754
42,4,0.45379544522884574
43,1,0.981537468014065
43,2,-0.37041219947506876
43,3,0.5718726511758292
43,4,-1.2368864640175783
44,1,1.0033842140847495
44,2,-0.35741403714779746
44,3,0.7776444032175105
44,4,-1.22839300524593
45,1,0.32831306235511
45,2,-0.08437385582775675
45,3,-0.8685339975032501
45,4,-0.6519346167058959
46,1,0.5590965494406049
46,2,-0.3292955825549927
46,3,-1.5256573538927587
46,4,0.29449372693425674
47,1,0.3721928467548619
47,2,-0.08789488280820376
47,3,-0.8460561196435229
47,4,-0.8505613976191814
48,1,0.6693815561103239
48,2,-0.21499540200546977
48,3,-0.8831509450100812
48,4,0.46761486050636863
49,1,0.584319127168688
49,2,0.0676760244686922
49,3,-0.8936747116818928
49,4,0.52424387343551
50,1,-1.1833606111587933
50,2,-1.3555837628318153
50,3,-0.5461034487391306
50,4,0.19402956285278675
51,1,1.09329762678089
51,2,-0.3849115165719361
51,3,0.5279816135555795
51,4,-1.0468967942868233
52,1,0.529266084315433
52,2,-0.26499680974121487
52,3,-1.1070896379366835
52,4,-0.870695738376328
53,1,0.25460722118652757
53,2,-0.16177804284010536
53,3,-0.9226644162222312
53,4,-0.6406478023651869
54,1,1.420133727339228
54,2,-0.03234690501186858
54,3,0.8030835984167767
54,4,0.3879533512910971
55,1,1.7686920658012057
55,2,-0.23047939067771894
55,3,0.5996532723056058
55,4,0.31319301776868685
56,1,0.45825255026234596
56,2,-0.11123187695719519
56,3,-0.7469032294001843
56,4,-0.7113582434923503
57,1,1.7976996057761534
57,2,-0.033401230101974475
57,3,0.671753562885519
57,4,0.5539416926926313
58,1,0.17973968748278057
58,2,1.8986455577104806
58,3,0.9999425653470195
58,4,-0.3757089963584517
59,1,-2.2081228897682013
59,2,0.9379078914559793
59,3,0.3755878268718195
59,4,-0.33707919708090345
60,1,1.0042551698054245
60,2,-0.17148276724022277
60,3,0.4885694620987259
60,4,-1.2028974518858322
61,1,1.052867643043128
61,2,-0.1522293676504194
61,3,0.6217789307743362
61,4,-0.9797338159530867
62,1,1.414988448702813
62,2,0.1366539190441112
62,3,0.18446228464074405
62,4,0.195057142330836
63,1,0.5624206568393959
63,2,-0.16585711206365839
63,3,-1.7759329945317273
63,4,0.5069781414437229
64,1,0.4637157614825394
64,2,-0.1726430651926449
64,3,-1.628764904705668
64,4,0.386734235407186
65,1,1.0636624570749367
65,2,-0.3353098230516564
65,3,0.061374605125222116
65,4,0.1629025577371611
66,1,-1.246477152839262
66,2,-1.1578841250314613
66,3,-0.7999703259534575
66,4,-0.3483449592999635
67,1,-2.2768189848574867
67,2,0.9206411255826025
67,3,0.6537434036146595
67,4,-0.2374777468567719
68,1,-1.2688214625967924
68,2,-0.8151290008383326
68,3,0.2076868641400737
68,4,-0.2456786006100291
69,1,-1.606303207180756
69,2,-0.9204103894908572
69,3,0.015887343512012833
69,4,-0.2902361644585435
70,1,-1.4467238791055559
70,2,-1.0976832699038888
70,3,0.28438288826442537
70,4,-0.5754857755179494
71,1,0.766544576878534
71,2,-0.07606636917817133
71,3,-0.971840026008959
71,4,-0.9277032192639362
72,1,1.7561669669172328
72,2,-0.0063919577095232155
72,3,0.6459035139121294
72,4,0.3058563583906204
73,1,0.8778795201049392
73,2,-0.13310405366494021
73,3,-0.8871791931380347
73,4,0.7146808986658304
74,1,-1.5750921819926598
74,2,-0.928877147843956
74,3,0.09066674569652382
74,4,-0.3619191003386728
75,1,1.5620843920330334
75,2,0.07014756858835998
75,3,0.6337564361628472
75,4,0.43001158908780823
76,1,1.6121213243506465
76,2,0.08443955988940649
76,3,0.5478398744649815
76,4,0.6521006320085382
77,1,1.0253324043362633
77,2,-0.04906379948603333
77,3,0.6037511895109035
77,4,-1.1449292521374772
78,1,0.5915689132239886
78,2,0.10894970622154197
78,3,-0.7438247074251294
78,4,0.7124669322766511
79,1,1.6888304108799612
79,2,0.17722254432068846
79,3,0.526318252716412
79,4,0.4297540159235557
80,1,1.3783528365854323
80,2,0.11932063808543167
80,3,0.7767135176141396
80,4,0.3431566402496002
81,1,-0.36346304154597814
81,2,2.2213697210668
81,3,-0.8640779119098609
81,4,0.13303881501865647
82,1,0.8719116126906893
82,2,-0.031065676040888078
82,3,0.5193071394841263
82,4,-0.9387769189935657
83,1,1.565195352363396
83,2,0.1595824532745525
83,3,0.5202666508224439
83,4,0.5591076450587297
84,1,0.998278630390062
84,2,-0.08642772325148684
84,3,0.5150982584338627
84,4,-1.0177938042735781
85,1,-1.42017814252463
85,2,-1.0244210562997467
85,3,0.17603391780727276
85,4,-0.3387577976310554
86,1,-1.5330010902234075
86,2,-0.8345952204725036
86,3,0.09834863605666473
86,4,-0.41986625630894014
87,1,-1.361650383316324
87,2,-1.0119782693851362
87,3,0.2494741910350835
87,4,-0.5048705722938907
88,1,-1.252227283452829
88,2,-1.150357232117791
88,3,0.23613452835500479
88,4,-0.2754157399650116
89,1,0.2655605234851265
89,2,-0.18665884502740465
89,3,-1.002426407545374
89,4,-0.698870072687912
90,1,-1.506447510692711
90,2,-1.0512997543034452
90,3,0.06299530407142653
90,4,-0.4239042677557652
91,1,-1.4465170212230514
91,2,-1.028301904944696
91,3,0.27471711113103275
91,4,-0.28978546745829714
92,1,-1.341478570655209
92,2,-0.7408515685266754
92,3,0.18555229518392818
92,4,-0.4184425006513557
93,1,0.7923735187637974
93,2,-0.3086132163102651
93,3,0.7234117839462364
93,4,-0.7570107975453177
94,1,1.7004056547225461
94,2,0.20287903664688933
94,3,0.4126005848836507
94,4,0.4737589341791672
95,1,-2.0369479283234915
95,2,0.8079462664097221
95,3,0.5724892052709538
95,4,-0.2817092391692989
96,1,1.5445996909817925
96,2,0.014249136163862794
96,3,0.46746171271874903
96,4,0.3526204980620227
97,1,0.6986020934632368
97,2,-0.16871887210031034
97,3,-0.8548399778552664
97,4,0.46848093726204626
98,1,1.495436816573415
98,2,-0.15834887490656127
98,3,0.5263493509370952
98,4,0.2723706889180112
99,1,-1.1799031011733019
99,2,-1.1029466784836066
99,3,0.41481148034746707
99,4,1.0928140260868369
100,1,1.6019960322238234
100,2,-0.09103595320442098
100,3,0.4811995321174877
100,4,0.27389491654806153
101,1,1.6889981961468152
101,2,0.19037906494510654
101,3,0.37035090796672127
101,4,0.42621487633356214
