Individual,PC,score
1,1,0.6352696571331803
1,2,0.9990062664085209
1,3,-0.08150913278568338
1,4,0.31969147671986337
1,5,-0.19865337642888992
1,6,0.30367222344873557
2,1,0.7125504929828012
2,2,0.5281687701537137
2,3,-0.1957719799748825
2,4,0.6801870842202895
2,5,-0.5374758831587302
2,6,0.5619513612295768
3,1,0.4294927957748864
3,2,0.6186703187181205
3,3,-0.36622460207643487
3,4,0.6801100571527658
3,5,-0.49110640995233107
3,6,0.5517951399003904
4,1,0.7100508058574967
4,2,0.6947771950802241
4,3,-0.40018328284380117
4,4,0.5905643245795247
4,5,-0.6790815326415023
4,6,0.6769626693619102
5,1,0.6892427848555225
5,2,0.3926241082461797
5,3,-1.8082095424332056
5,4,-0.9615004841928758
5,5,0.06952143295340613
5,6,-0.09711430900326415
6,1,0.6901093635794254
6,2,-1.4244843561224068
6,3,-0.994196036193672
6,4,-0.41256690423816844
6,5,0.38669973705596533
6,6,0.3232461556491508
7,1,-1.8999748813133246
7,2,0.6232526603029868
7,3,-0.15088966987648605
7,4,0.36943667133219726
7,5,0.33757983185299145
7,6,-0.02794776656335802
8,1,0.9131949139410863
8,2,0.5566490888977466
8,3,-0.226814347950091
8,4,0.4782804222387763
8,5,-0.23036739126911937
8,6,0.24293301487132396
9,1,0.057398623353373444
9,2,0.6192109244237843
9,3,-0.04581339408581903
9,4,0.41028685997158454
9,5,0.9416975759755656
9,6,-0.6501904902725466
10,1,0.6606126148679754
10,2,-0.9841765469070338
10,3,0.33165186871746216
10,4,0.17404780893554356
10,5,-0.0697067657804987
10,6,0.25630355292456036
11,1,0.2954277250701646
11,2,0.6954172961639398
11,3,0.019710388230973264
11,4,0.45903042319141046
11,5,0.9502144013716536
11,6,-0.41504092544874993
12,1,0.4591187657311439
12,2,0.1747180043185493
12,3,0.4480206993454461
12,4,0.003653620901755512
12,5,-0.18272678625107985
12,6,0.24826543997315711
13,1,0.7044031226262089
13,2,-1.2897096517704831
13,3,-2.2227500666612294
13,4,0.5897653626741354
13,5,-0.03234332749205989
13,6,-0.3350281036215088
14,1,0.6680537482028864
14,2,0.1759403581411814
14,3,0.2706329341216969
14,4,-0.07438320362481295
14,5,0.08482142591063273
14,6,-0.044735912014437974
15,1,0.1846854192925967
15,2,-0.7778771015232075
15,3,-0.4830509308412983
15,4,1.4909362112977602
15,5,-0.702034192019656
15,6,-1.2820690643231667
16,1,0.7910923856489254
16,2,0.5569945286910871
16,3,0.4452194960170467
16,4,-1.0173174116355799
16,5,-0.42008843897588316
16,6,-0.8765156865435807
17,1,-1.7630206637497954
17,2,-0.6903549487586603
17,3,0.4125280185023325
17,4,-0.20358652383474024
17,5,-0.018208469213683832
17,6,0.07724888666084385
18,1,-0.8032080493616264
18,2,-0.8030309900282784
18,3,0.34352887854514064
18,4,-0.09303201859503596
18,5,-0.007603118516651098
18,6,-0.3199598827386958
19,1,-1.8739373928886995
19,2,1.07407082427117
19,3,-0.1902794737585291
19,4,-1.0184768463943386
19,5,-0.5410311726433455
19,6,-0.6394246799528163
20,1,0.8115778075406517
20,2,0.7512191619515952
20,3,0.2751608093927837
20,4,-0.9903057618796369
20,5,-0.7159058358754595
20,6,-0.4725912393866447
21,1,0.36713214635554475
21,2,0.7191523807438867
21,3,-0.21919086227330517
21,4,0.39908166217856644
21,5,-0.177771796951754
21,6,0.14882231910094507
22,1,-1.8565675086988551
22,2,-0.9137983720025398
22,3,0.41519033911444014
22,4,-0.015503451952440845
22,5,0.3662831472615784
22,6,0.13271305420946647
23,1,-1.6523481027240954
23,2,0.9257939116016902
23,3,-0.2958410527260009
23,4,0.16191456425576972
23,5,-0.2541860619291447
23,6,0.5757825314851677
24,1,-1.893307407236102
24,2,0.7037188455143655
24,3,-0.4056662066893027
24,4,0.1611492274684034
24,5,0.020646909468997526
24,6,0.43977129710280966
25,1,0.5805559795015875
25,2,0.8249085454689633
25,3,-0.4132870072766902
25,4,0.5484847442792453
25,5,-0.1433942249262627
25,6,0.4724342564968246
26,1,0.5641236704989584
26,2,0.4965785121833214
26,3,-0.04731205064784846
26,4,0.2872961020729961
26,5,0.06540506785883295
26,6,0.22712770858185938
27,1,-1.8350318716868377
27,2,0.7896860501750278
27,3,-0.2574109756004192
27,4,0.09640136327012575
27,5,0.1511725147995635
27,6,0.25194937775721
28,1,-1.9465770619358091
28,2,0.8067384366871143
28,3,-0.16342836220843532
28,4,0.2271602802743483
28,5,0.2737662969734648
28,6,0.39104487347971123
29,1,0.44714903314126464
29,2,0.6531811262853098
29,3,-0.08110130973128755
29,4,0.3234380773103547
29,5,0.7697266774605617
29,6,-0.23006172061611474
30,1,-2.1133362675351153
30,2,-1.00347959053229
30,3,0.2173939139777709
30,4,-0.09207405064937324
30,5,0.15421430811277348
30,6,0.23202699938897525
31,1,0.8154686987361074
31,2,0.32790334568695634
31,3,0.3135976325361508
31,4,0.05125885060315562
31,5,0.6454289002697414
31,6,-0.3961613009196069
32,1,-1.8138398478118518
32,2,1.0208824361282915
32,3,-0.3808718235238317
32,4,-0.5209089087500766
32,5,-0.2744701492792008
32,6,-0.19359575628525078
33,1,0.8181200057090732
33,2,0.1692689699193237
33,3,0.3986242522793998
33,4,-0.11610046763579013
33,5,0.0720066018382159
33,6,0.2650663278387295
34,1,0.5891689686993078
34,2,-1.0318614210062416
34,3,0.5887689305852414
34,4,0.2686097781795094
34,5,-0.3314920856449426
34,6,0.1593938919383725
35,1,0.6634957191226437
35,2,0.2847044107135652
35,3,0.3722233572604302
35,4,-0.03601385564010668
35,5,0.14174341511369656
35,6,0.3157524756285491
36,1,0.7643999813098729
36,2,0.10874084548591362
36,3,-1.6148212075720034
36,4,-0.36452459555739886
36,5,0.3049030277863391
36,6,0.4608676290809827
37,1,0.7113790593945851
37,2,0.8406828978699831
37,3,-0.3497230163372642
37,4,0.5872294773527322
37,5,-0.35004403516555277
37,6,0.34437089634864454
38,1,0.6628377544357501
38,2,0.834044251532863
38,3,0.16786472097083105
38,4,0.3792315437652529
38,5,0.7296856779086237
38,6,-0.361663045658157
39,1,0.4597372066962755
39,2,0.5756047515628452
39,3,-0.2072544959940356
39,4,0.4971187278750832
39,5,-0.05150765573052012
39,6,0.43619554958354445
40,1,0.7557973154973495
40,2,0.4899656025524353
40,3,0.33040700105017473
40,4,0.16016623780326542
40,5,0.8268264108339336
40,6,-0.37201635180015086
41,1,0.33587637074901133
41,2,0.6560862791286075
41,3,0.10056826568805953
41,4,0.3285794011273947
41,5,0.02936313409250775
41,6,-0.05823848286942417
42,1,-1.8998325340238114
42,2,-0.8173351655226451
42,3,0.5455870478388238
42,4,-0.023395668952418226
42,5,1.262868570263635e-4
42,6,0.16527470260516333
43,1,0.5495535720858823
43,2,-0.8194126908082728
43,3,0.7039036829919691
43,4,0.08415235422095445
43,5,-0.2303457705736125
43,6,0.13744958705819268
44,1,-1.873171891863481
44,2,-0.6045129576090227
44,3,0.6357899800343236
44,4,-0.3374193088703291
44,5,-0.021921630622920053
44,6,0.06363060395454417
45,1,-1.7489341257023328
45,2,0.8791192528972084
45,3,-0.14069892343009371
45,4,-0.4100422408178286
45,5,-0.1710981576208972
45,6,-0.23122448734390919
46,1,0.5992207519663464
46,2,0.6983998096409187
46,3,-0.17798864324374405
46,4,0.3921317294516711
46,5,-0.0768967701663856
46,6,0.09501124655800389
47,1,0.6237724462551193
47,2,0.641442291381357
47,3,-0.10746036208191362
47,4,0.14133927715353528
47,5,-0.21427338266329624
47,6,0.23178487530161102
48,1,0.597118973666007
48,2,0.6479423851230849
48,3,-0.20574390601202994
48,4,0.4254271347035033
48,5,-0.43172623123681086
48,6,0.19150957718926548
49,1,-2.127693483360199
49,2,-0.4757778797117793
49,3,-0.5542696515221895
49,4,0.8993751175043818
49,5,-0.39115500357537153
49,6,-0.684709439182014
50,1,-1.5746077198495798
50,2,0.8259254626338983
50,3,-0.057839739890059305
50,4,0.17270675867989027
50,5,0.14712849308157364
50,6,0.22105197412951638
51,1,0.25307647191245214
51,2,-0.8100369418016238
51,3,0.6128121360930291
51,4,-0.014180253219854923
51,5,-0.16656066229390984
51,6,0.07638309423684925
52,1,0.7774507870918651
52,2,0.4391165275543637
52,3,0.40090797518512944
52,4,-0.25602632493286853
52,5,0.21729271187648982
52,6,0.0585445220775391
53,1,-1.8272237842149228
53,2,-0.7216618138613268
53,3,0.6071379878293407
53,4,-0.1234594328815041
53,5,0.24716254708436586
53,6,0.282893465262879
54,1,0.6866764959106049
54,2,0.39055931336759914
54,3,0.39265843914557763
54,4,0.25691022022433124
54,5,1.2403887344004227
54,6,-0.587231132669482
55,1,0.8024156134374317
55,2,0.46394085867662066
55,3,0.398740215062496
55,4,-0.11732222937912419
55,5,0.014805008532532731
55,6,0.16125219047801237
56,1,0.4322529616012278
56,2,-0.8700987884167979
56,3,0.6800707377157618
56,4,0.2838249256224488
56,5,-0.3707071659845986
56,6,-0.20555115995391696
57,1,-1.9511849588126604
57,2,-0.8393424710083658
57,3,0.5712265562829248
57,4,-0.005193827518197743
57,5,-0.06733112600053838
57,6,-0.14168265900544671
58,1,0.3252884649397797
58,2,0.6000191698918074
58,3,-0.20967773247719212
58,4,0.3704482035226991
58,5,1.0505783372720354
58,6,-0.5826246813980107
59,1,0.8435181567995957
59,2,0.15676665208762566
59,3,0.2602268722897522
59,4,-0.18866886793022722
59,5,0.22895605200940813
59,6,0.41970744714211633
60,1,0.6197101472233167
60,2,-1.1701796912900433
60,3,-0.2581537610301749
60,4,-0.2764943632455492
60,5,-0.14465813060195437
60,6,0.15983711900785558
61,1,0.5612786444727514
61,2,-1.4610907008054301
61,3,-0.3672312775083201
61,4,-0.2901760360561469
61,5,0.17023245104711815
61,6,-0.04731824641848118
62,1,0.859375078685629
62,2,0.48869729958479513
62,3,0.21491522332039723
62,4,-0.818544202841325
62,5,-0.1740936762863578
62,6,-0.3413873786152346
63,1,-1.7622150710290165
63,2,-1.2857744509225908
63,3,-1.8366042995103908
63,4,0.031160864958216142
63,5,0.09414422673239141
63,6,-0.08009198978335315
64,1,0.818388691210285
64,2,0.26362786104364844
64,3,-1.7515278495441744
64,4,-0.9067910766236836
64,5,0.1650280380914365
64,6,-0.02122795848323755
65,1,0.7614215414552614
65,2,-1.3562221177146814
65,3,-1.115453726475514
65,4,-0.7045013070664895
65,5,0.24333706305692224
65,6,0.36557157929125744
66,1,0.47080256635544854
66,2,-1.3871943781891203
66,3,-0.9191887894176151
66,4,-0.7859971265713296
66,5,0.43613780436825306
66,6,0.20758564483907582
67,1,0.5966941551932805
67,2,0.2393252784532482
67,3,0.5004177112711268
67,4,-0.23483133142453055
67,5,0.2258884035036168
67,6,0.25066784808898274
68,1,-1.6832310716774592
68,2,-0.8264263092057332
68,3,0.43282224194594543
68,4,-0.09792166933648043
68,5,0.26561184864302806
68,6,0.21647810396152983
69,1,0.6748703404673102
69,2,-1.0283517125149726
69,3,0.6936028805176292
69,4,0.2485323651671743
69,5,-0.14731868812926963
69,6,-0.25688397678186925
70,1,0.7537208719816206
70,2,1.0166595797457112
70,3,0.03961608652004522
70,4,-0.2092783723801501
70,5,-0.6422343753627999
70,6,-0.34387823560906744
71,1,0.6724914984934325
71,2,0.543847051756982
71,3,0.22657315340573544
71,4,-0.3639619762549899
71,5,-0.0535364137289179
71,6,-0.2581835869092862
72,1,0.9251314146593276
72,2,0.18003981936243665
72,3,0.3461602468785171
72,4,-0.49512019595576706
72,5,-0.43371270214662666
72,6,-0.24634448677864998
73,1,0.6235859665377643
73,2,0.45391242984526436
73,3,0.46313910067211916
73,4,-0.6635674946255425
73,5,-0.4475051384565865
73,6,-0.2158288099971165
74,1,0.4218440991723971
74,2,-1.026416856760178
74,3,0.5716722145140074
74,4,0.10656042487700843
74,5,-0.04969525614938599
74,6,0.03258124357095582
75,1,-1.8202477518891198
75,2,0.7319502141313505
75,3,-0.06497240025559388
75,4,-0.2776522100744769
75,5,-0.20151518751357705
75,6,-0.3476518938430283
76,1,-1.635148159895377
76,2,0.8323519741859223
76,3,-0.332565416305582
76,4,0.05612248004590562
76,5,0.027301621669186725
76,6,0.03498785185366163
77,1,0.8974907544265788
77,2,0.4278588847673657
77,3,0.3786002917911884
77,4,-0.11571493175267966
77,5,-0.1547504780073098
77,6,0.4881644657188295
78,1,-1.732913287362675
78,2,1.0213116638053437
78,3,-0.12541634616733888
78,4,-0.7437537106779261
78,5,-0.7164185128493743
78,6,-0.44300264791911326
79,1,-1.8341115388362628
79,2,-0.7739704029844425
79,3,0.48158051366101
79,4,0.1961397610790841
79,5,0.08054170251733704
79,6,0.12230050330123639
80,1,0.47348311675398613
80,2,-1.0152069479922996
80,3,0.6795383816709945
80,4,0.20979955316295937
80,5,-0.1517686546711018
80,6,0.18295450165865823
81,1,0.5741216657185576
81,2,0.390526348246246
81,3,0.47216615073855067
81,4,-0.13424025618835067
81,5,0.08155773575073004
81,6,0.05429211500217764
82,1,0.4977657372882694
82,2,-0.6530031160585875
82,3,0.551687385857344
82,4,0.18571306616409977
82,5,-0.18097548557110732
82,6,0.07502515017413496
83,1,0.6411178813491071
83,2,0.46587188996184153
83,3,0.2397447780092744
83,4,-0.6235414373400595
83,5,-0.26750750572492427
83,6,-0.3672188124323327
84,1,0.705591681485364
84,2,-1.3907602381451165
84,3,-0.2519434569546774
84,4,-0.06335694470806509
84,5,-0.04983099712345031
84,6,-0.009120731437249832
85,1,0.6146741183638953
85,2,0.23594245241415257
85,3,0.4327202847511298
85,4,-0.013754370760646523
85,5,0.6597161074888064
85,6,-0.2715664425877922
86,1,0.7082512354297281
86,2,0.5453887044662186
86,3,0.3991603626914737
86,4,-0.04552888349225047
86,5,0.8355294270138273
86,6,-0.1657650680691244
87,1,0.6284646178070102
87,2,-1.0939335718146463
87,3,0.5251735835217431
87,4,-0.049624180171312454
87,5,-0.3391542280668899
87,6,-0.1500563797699574
88,1,0.5903747089585802
88,2,-0.8767720313922258
88,3,0.7197596679028893
88,4,-0.07714778892606199
88,5,-0.01898436603292499
88,6,-0.17710984281924
89,1,-1.5923630217997737
89,2,0.7714564489771862
89,3,-0.1820301478702197
89,4,0.23229336348623908
89,5,0.07405281274620261
89,6,0.4343760889635486
90,1,0.6038574335615493
90,2,0.3931978865790779
90,3,0.13708045263697685
90,4,-0.31941434271615077
90,5,0.13773735044882385
90,6,0.09360327415425458
91,1,0.5213666728123728
91,2,0.7493918990930765
91,3,-0.16784435008290158
91,4,0.36682277547612296
91,5,-0.07184949958296526
91,6,0.1069107600328607
92,1,0.6049754400184811
92,2,0.7049902286138644
92,3,-0.11614563751577574
92,4,0.34662181489554494
92,5,-0.16388548187378985
92,6,0.29525539522772226
93,1,0.699437140155184
93,2,-1.234725696752546
93,3,0.6256712941974999
93,4,0.1510675637771871
93,5,-0.04083558204073018
93,6,0.037242770522269
94,1,0.49217260687735986
94,2,-1.1119049243361454
94,3,-1.3239254939346379
94,4,1.0509074144237514
94,5,-0.6826427625904025
94,6,-1.2812237461059022
95,1,0.6950597894561102
95,2,-0.8624994402516202
95,3,0.4628202812487055
95,4,0.16424719402967794
95,5,-0.1679733322568819
95,6,0.10100569215789293
96,1,0.7500529365597487
96,2,0.264270460517711
96,3,0.5638533791930214
96,4,-0.07921685629421939
96,5,-0.03957957965551861
96,6,-0.019622393442432474
97,1,0.9304179860826279
97,2,0.42996040624898063
97,3,0.0845232119869223
97,4,-0.6698239492568212
97,5,-0.3103480552691538
97,6,-0.19014253067296835
98,1,0.6881417665280313
98,2,-1.5843783076213913
98,3,-1.0572926752643936
98,4,-0.7548288597726013
98,5,0.3441191744645703
98,6,0.5857610588341831
99,1,-2.0249001549383054
99,2,-0.6599941719874943
99,3,0.3510294969994663
99,4,0.0024711361786786696
99,5,0.11100056034832406
99,6,-0.12488878596377057
100,1,0.46387642810680135
100,2,0.05520863310980132
100,3,0.5221549651501864
100,4,-0.0955898905995378
100,5,0.18001614813953612
100,6,0.359534117275629
101,1,0.5610512445779564
101,2,-0.9616234890437293
101,3,0.5492389386976839
101,4,0.20449054435899958
101,5,-0.39810844176641375
101,6,0.15956602033760314
