Individual,PC,score
1,1,-1.918550801237032
2,1,0.5679367409892085
3,1,0.26926365217945125
4,1,0.24866690845371064
5,1,-1.695852986449393
6,1,-1.7813517801556962
7,1,0.16458422205907974
8,1,0.3712518981368138
9,1,0.4398569931739836
10,1,0.5639580958779015
11,1,0.49457123551361415
12,1,0.29745737400904415
13,1,0.34713467015516736
14,1,0.405824688725204
15,1,0.30431228217598516
16,1,-1.646274376350562
17,1,0.18768071576173345
18,1,0.26957112583729764
19,1,0.5139109483386186
20,1,-1.9040246768525009
21,1,-1.928120248534957
22,1,0.3979536210265298
23,1,0.3691154843140258
24,1,0.4917107560394698
25,1,0.40328838196739325
26,1,0.4777128392981908
27,1,-1.796998988571654
28,1,0.22497149168243957
29,1,0.3906531709596037
30,1,0.5789511337062464
31,1,0.4484972637826905
32,1,0.5533620238078831
33,1,0.34153432903058273
34,1,0.40445501368642556
35,1,0.5008700192805255
36,1,0.345181349045831
37,1,0.3811014358721349
38,1,0.39851654171953543
39,1,-0.9178103444712891
40,1,0.44177952323717196
41,1,0.5308755993154466
42,1,0.37904881517908845
43,1,0.4395022731672689
44,1,0.5170178535237979
45,1,0.5158212854331184
46,1,0.3159445003098697
47,1,0.3979414751709663
48,1,0.4916155765832419
49,1,0.4831904331845931
50,1,-1.9062912610807305
51,1,0.5154776967613063
52,1,0.16792581847711827
53,1,-1.7040499927089445
54,1,0.33691492021450853
55,1,0.45472238910877383
56,1,0.2543125735025071
57,1,0.39242621609738043
58,1,0.41835956039388916
59,1,0.34458341591383523
60,1,0.5020721305855261
61,1,0.6557049827629866
62,1,0.5345418398975083
63,1,0.3869424042896471
64,1,0.7064112024152106
65,1,0.522221598078876
66,1,-1.6863408705580534
67,1,-1.974989729488019
68,1,0.45019353662093176
69,1,-1.994480962769791
70,1,0.2485848391200288
71,1,0.419105771998255
72,1,0.3049375133272586
73,1,0.4196140321650136
74,1,0.42993671024430874
75,1,0.3688239282571913
76,1,0.2691139672124326
77,1,-1.3365203362269942
78,1,0.3593696592025189
79,1,0.39697835184953184
80,1,-0.9877606440237952
81,1,0.3298370299472914
82,1,0.45200148603533297
83,1,0.5220144374923994
84,1,-1.8645225514197286
85,1,0.377701872561249
86,1,0.6157032286157239
87,1,0.3594089409302043
88,1,0.305851500518912
89,1,0.615698674715486
90,1,0.2063033941852064
91,1,-1.6488375288129349
92,1,-1.8181402310424195
93,1,0.39283203324157
94,1,0.542624789994747
95,1,0.6026238246463803
96,1,-1.1070137672276492
97,1,0.5267725884232849
98,1,-1.7405680976701055
99,1,0.47620716802940644
100,1,0.2774323327666007
101,1,0.2296180733410291
