Individual,PC,score
1,1,0.5152264223892633
1,2,-0.4503258934616163
1,3,-0.08150215230582923
1,4,-0.40956940672074377
2,1,0.9750661597517367
2,2,1.6226319323108591
2,3,-0.537941501948728
2,4,0.07432889814000157
3,1,1.1737468265504938
3,2,1.595178714388898
3,3,-0.6710765479630127
3,4,0.2916970779102346
4,1,0.9779659990653123
4,2,1.5765033892092635
4,3,-0.473237870698206
4,4,0.2524673566585988
5,1,0.32006116226117126
5,2,-0.1817236812848671
5,3,0.12858091163504912
5,4,0.4031138048872591
6,1,0.3326052338723038
6,2,-0.1478052707485734
6,3,0.7104037390516303
6,4,1.182650252290746
7,1,-0.7394680304009444
7,2,-0.45832461962764687
7,3,-0.2873268737431805
7,4,-0.15521937370935454
8,1,-0.6957696873219719
8,2,0.44171050355717667
8,3,0.30549925600675343
8,4,-0.6877109481128082
9,1,0.5405201132530508
9,2,-0.4496048470171387
9,3,-0.019473052937449775
9,4,0.43368329055674565
10,1,0.4991333096136141
10,2,-0.29335020931883726
10,3,0.022453455539015517
10,4,-0.5278419788817128
11,1,-0.8276910991742199
11,2,-0.2173984062423431
11,3,0.09669653935047683
11,4,0.9535906170630155
12,1,-0.810257172982399
12,2,-0.1960243914416879
12,3,0.19221067022121718
12,4,0.8618246150344467
13,1,0.616129378879667
13,2,0.5166276597087439
13,3,1.624992603636727
13,4,-0.8386729957537278
14,1,0.7723333899636323
14,2,-0.16422695963183445
14,3,-0.24674711104592953
14,4,-0.02508572976818343
15,1,0.6713644983091694
15,2,-0.33833698624241015
15,3,-0.21780683211212232
15,4,-0.13027875414369783
16,1,0.7016715087103146
16,2,-0.2298983063982439
16,3,1.612055297012523
16,4,0.6561202670178626
17,1,-0.6731265973102213
17,2,0.11670718016727015
17,3,0.23580932711631492
17,4,-0.5031749078926339
18,1,-0.6493507089945194
18,2,-0.2013102712031454
18,3,0.28878385621470937
18,4,0.518912051441234
19,1,-0.706455403521002
19,2,-0.057325098247146065
19,3,0.613481618697707
19,4,-0.2772438116427605
20,1,-0.4336008671317312
20,2,-0.09030018233776767
20,3,1.1237639078453199
20,4,-0.22148110568411464
21,1,0.8037379234526446
21,2,-0.03225109173520784
21,3,0.15363207596483452
21,4,0.17649547453068573
22,1,0.4269485877607077
22,2,1.1389050796823261
22,3,-0.5314209768900043
22,4,0.420048848318673
23,1,-0.8004008342311537
23,2,-0.23227035498173665
23,3,-0.2821287058417812
23,4,-0.09934593561340811
24,1,-0.41447826619153566
24,2,2.3038760275644328
24,3,-0.0020290994602031476
24,4,-0.05010114208125245
25,1,-0.4201950028896919
25,2,2.128628056854941
25,3,-0.13636737945079014
25,4,-0.16543667536414464
26,1,0.7918167452062063
26,2,-0.5409348857644629
26,3,-0.13407769683894474
26,4,-0.2467934631373995
27,1,-0.8528752133979413
27,2,-0.2691721672063755
27,3,-0.1805202984735056
27,4,-0.18792061442997385
28,1,-0.7714981475045775
28,2,-0.04417354509882622
28,3,-0.21153974801927627
28,4,0.03483535450559694
29,1,-0.862038565386192
29,2,0.011037794722941429
29,3,-0.3274927000187819
29,4,0.24557458624124495
30,1,0.5187649658090839
30,2,-0.4964568916253158
30,3,-0.30370953498427977
30,4,-0.16208459475389278
31,1,0.7156763308616667
31,2,-0.40777697035019517
31,3,-0.2890674598652152
31,4,-0.47703039640084216
32,1,-0.7990404313522379
32,2,-0.06092410676221536
32,3,-0.1674088819076787
32,4,0.001642331990108644
33,1,-0.7449238132803125
33,2,-0.2590885450549859
33,3,-0.17123545528175127
33,4,-0.11290909735497696
34,1,-0.7751978462643342
34,2,-0.10538772651679877
34,3,-0.3083525025722499
34,4,0.14942561148054004
35,1,-0.6301823316201636
35,2,0.09657808964000092
35,3,-0.18093125898159756
35,4,0.08875394117940541
36,1,-0.7955736261007094
36,2,0.25738306266143457
36,3,-0.27183526555495663
36,4,-0.02390647119034467
37,1,-0.5504344129751757
37,2,-0.17691089874113358
37,3,-0.29585450137770064
37,4,-0.014992085689499552
38,1,0.8293097984639203
38,2,-0.4447007113992942
38,3,0.279443346696828
38,4,0.8588275894220733
39,1,1.2615210263624772
39,2,1.7065876811799021
39,3,-0.19277153461990676
39,4,0.640976574448965
40,1,0.7875617089643122
40,2,-0.3197698855706298
40,3,-0.21636566273825028
40,4,-0.3282589316749644
41,1,-0.8182365353648637
41,2,0.10825520004993935
41,3,-0.38041452199307946
41,4,-0.14008285863477238
42,1,-0.6357225944763092
42,2,-0.28927350312870087
42,3,-0.09438835475781232
42,4,0.8987310767700757
43,1,0.7187973444645023
43,2,-0.39191445183330814
43,3,0.041240625179454635
43,4,0.3288547944830979
44,1,0.5379589657121501
44,2,-0.2749478051431552
44,3,-0.18430773621431082
44,4,-0.3327799821534436
45,1,-0.6305592727581077
45,2,-0.04587240827739906
45,3,-0.26638903979531686
45,4,-0.014209028909828407
46,1,-0.63548011578576
46,2,0.17140209422417566
46,3,-0.1806802136224692
46,4,-0.09139238951044816
47,1,-0.7265894814439801
47,2,-0.004117748400783179
47,3,-0.22245816767327287
47,4,-0.05590096926564103
48,1,-0.865154673950394
48,2,0.29922926602634387
48,3,0.2057519082426441
48,4,-0.5948135535439583
49,1,-0.7947209923783234
49,2,-0.09321523878569887
49,3,-0.13567202955579624
49,4,0.12691973111393787
50,1,0.5928123379767573
50,2,-0.41804862109871255
50,3,-0.13868154647336012
50,4,-0.4220882433850189
51,1,0.629164296931948
51,2,-0.17279734673130395
51,3,-0.13276891708666705
51,4,-0.30528723432449517
52,1,-0.6846212088971003
52,2,-0.03316615119066814
52,3,-0.212234048706088
52,4,-0.02125126436840346
53,1,-0.9445163382877823
53,2,0.35241654138371903
53,3,0.24297403169553924
53,4,-0.5634012529003365
54,1,0.6536683688484641
54,2,-0.10484321052848361
54,3,0.0460935201818227
54,4,0.0794552542641909
55,1,-0.8024041267140614
55,2,-0.13467998844150753
55,3,0.22883341599527
55,4,0.7094756037750103
56,1,0.7940927906595084
56,2,-0.14359487581134103
56,3,-0.1791915396835356
56,4,-0.21388379448916955
57,1,-0.5865610079878487
57,2,-0.11868813983352317
57,3,-0.16480748349021254
57,4,-0.21651091221488913
58,1,0.6178530250804144
58,2,-0.31470899302386907
58,3,-0.2613227457397639
58,4,-0.17871905646466552
59,1,0.7784924674215843
59,2,-0.3127037743454119
59,3,-0.13396629118167042
59,4,-0.028030489844966363
60,1,0.6192804918725067
60,2,-0.27815316382066757
60,3,-0.12689224999717963
60,4,-0.12082235025853659
61,1,0.7722727382302165
61,2,-0.2204664072152178
61,3,-0.007163116136109164
61,4,-0.25809765639370524
62,1,-0.5765641894271503
62,2,-0.20394227155706762
62,3,0.24774756047540028
62,4,0.49581118425705983
63,1,-1.000473363188846
63,2,0.524148465454166
63,3,1.4857262700028602
63,4,-0.7329573426178618
64,1,-0.9422659106050935
64,2,0.8192365946523896
64,3,1.5510947188631576
64,4,-0.8165879378059859
65,1,0.9224052140773878
65,2,-0.03131063828141677
65,3,1.575320184617089
65,4,0.5313348541175813
66,1,0.7171015692875227
66,2,0.0046577510878285395
66,3,0.9128906469386949
66,4,-0.45240377780257046
67,1,0.8527934909732064
67,2,1.1076261382823174
67,3,-0.47053389755282715
67,4,0.13406654619120098
68,1,-0.6331371765380673
68,2,0.24451360021644536
68,3,-0.16437929707740534
68,4,0.10447938744247039
69,1,0.5708276382855094
69,2,-0.306661746090666
69,3,-0.05446327349699131
69,4,-0.07880886217758468
70,1,0.7337264992582856
70,2,-0.3107310938757153
70,3,-0.39153915664064737
70,4,-0.3995679207664497
71,1,-0.7249420724457947
71,2,0.07130722003413943
71,3,-0.3150581772603605
71,4,0.05419253186126316
72,1,-0.4942507975777674
72,2,-0.14867028992370945
72,3,-0.4118744746978681
72,4,0.04716816790074675
73,1,-0.6255979535026739
73,2,-0.1774811840307758
73,3,-0.008888098793306666
73,4,0.9022559705917931
74,1,0.5488278244261555
74,2,-0.11139896483554776
74,3,0.11861850592748152
74,4,0.4846263645408547
75,1,-0.5085416026096862
75,2,-0.18846660496312745
75,3,-0.4731898742745427
75,4,-0.10707928991821525
76,1,-0.7925820652490443
76,2,-0.31112257790081915
76,3,-0.3404642616862626
76,4,0.06996867099702396
77,1,0.6652747178930544
77,2,-0.1774545837475226
77,3,-0.10390370666395767
77,4,-0.5308082938309765
78,1,-0.4775485881390317
78,2,0.11916743988943601
78,3,1.0313438762726619
78,4,-0.1246767567964697
79,1,-0.8137755972309695
79,2,-0.2621886789185588
79,3,-0.41525365255148294
79,4,-0.052889044970436644
80,1,0.9501232307496041
80,2,-0.1716481628030404
80,3,0.5810214985971544
80,4,0.8267189042823341
81,1,-0.7602014104833067
81,2,-0.2142825100464481
81,3,-0.42780936901982314
81,4,-0.0872433225960702
82,1,-0.6048100501190642
82,2,-0.14030131416844693
82,3,0.027033571001348903
82,4,0.10793556383380437
83,1,-0.6154123894567096
83,2,-0.08364997667861056
83,3,-0.3318810711296738
83,4,0.2020218407101822
84,1,0.8436410337937764
84,2,-0.3622367169150501
84,3,-0.17730074034321092
84,4,3.610083777647607e-4
85,1,0.7858161530098591
85,2,-0.18586695530946756
85,3,-0.11255326883516635
85,4,-0.3748324856261029
86,1,0.9049766649841451
86,2,-0.2746591162468853
86,3,0.5559555116420105
86,4,0.8369302841332925
87,1,0.43783875441973996
87,2,-0.22264201961906252
87,3,-0.22810351330317785
87,4,-0.39508205664643936
88,1,0.7952022648030223
88,2,-0.4958759455807832
88,3,-0.3976286090973421
88,4,-0.3379107475024979
89,1,-0.5638935417031022
89,2,0.02302018181981253
89,3,-0.1272832120106953
89,4,0.20364266579576115
90,1,0.7048687019909844
90,2,-0.1851252862484624
90,3,-0.14903273980847773
90,4,-0.3315232131269685
91,1,0.87394142112193
91,2,-0.394400082704144
91,3,-0.14570223293027526
91,4,-0.15339497006350844
92,1,0.7919202282326911
92,2,-0.12662600914006944
92,3,-0.20928316856642135
92,4,-0.08409522118141213
93,1,0.6610150321585864
93,2,-0.17134099401273664
93,3,0.09574482420164146
93,4,-0.16025231899768266
94,1,0.65588716837605
94,2,-0.16743004028433314
94,3,-0.1486841006512211
94,4,-0.4925855424703656
95,1,0.6795161426319605
95,2,-0.2894912130240795
95,3,-0.12584421240412513
95,4,-0.3616857318416162
96,1,-0.7796575104194231
96,2,-0.3732559399753412
96,3,-0.01619314340088948
96,4,0.16688710151206274
97,1,-0.9106450834426664
97,2,-0.17601501858732235
97,3,-0.1644127528317793
97,4,0.04506612095046567
98,1,-0.6978730758815737
98,2,-0.10562686390065112
98,3,-0.21128185633384092
98,4,-0.10935262743247384
99,1,-0.6134253719070204
99,2,-0.012171947561016866
99,3,-0.2855820126350598
99,4,0.1715541322969929
100,1,-0.6271780032243569
100,2,-0.1521615555539702
100,3,-0.2788939175108875
100,4,-0.09629212675327205
101,1,0.798642492054634
101,2,-0.6061346306638608
101,3,-0.08862087557763722
101,4,-0.291067255728733
