Individual,PC,score
1,1,0.2837712678061799
1,2,0.636548597244296
1,3,-0.02658666869432859
2,1,0.4204303384578648
2,2,0.2558028221526252
2,3,1.223887315900977
3,1,0.4956747969638252
3,2,-0.4292045595740242
3,3,2.7576163320944174
4,1,0.06585488539336594
4,2,-0.5271057970561304
4,3,2.5391889491248496
5,1,1.6180173939462608
5,2,-2.7301713394348415
5,3,1.644433854230664
6,1,1.473116101464782
6,2,-1.6802617016276578
6,3,-1.1523887323301243
7,1,0.2278694269615884
7,2,0.6691739143337199
7,3,-0.17522574795743057
8,1,0.13193885677742095
8,2,0.5886909925371118
8,3,-0.09685930003723989
9,1,-2.2138910628790014
9,2,-0.581765805253599
9,3,-0.4614643310502022
10,1,1.3405501015782078
10,2,-1.8651727416583392
10,3,-0.8277977060088084
11,1,-2.2888063958955813
11,2,-0.735688856387357
11,3,-0.42785261879402675
12,1,-2.378846694510321
12,2,-0.6118112465535699
12,3,-0.38617528295492237
13,1,0.392601763576928
13,2,-0.6619284384092713
13,3,2.497094852672149
14,1,0.32774279214669083
14,2,0.4968890679133145
14,3,-0.14536875200372854
15,1,1.4954769895964395
15,2,-1.9722396389352215
15,3,-1.0268524028411137
16,1,0.057756768977604844
16,2,0.4385551526044123
16,3,-0.04932784103083561
17,1,0.43603793257563606
17,2,0.4945309067209569
17,3,-0.058778690488555045
18,1,0.27541653806710426
18,2,0.7112792915198399
18,3,-0.16448281110473842
19,1,0.17047540053321192
19,2,0.5090209063147555
19,3,-0.06942720471942868
20,1,0.19428081530750782
20,2,0.4273118119667157
20,3,-0.2353077758043029
21,1,-2.1085676634931887
21,2,-0.6942014698043125
21,3,-0.2721495274766822
22,1,0.4666612446932952
22,2,0.5867669938754333
22,3,-0.06545318322622129
23,1,0.11306176471461267
23,2,0.6459168586733725
23,3,-0.08034831580180797
24,1,0.5942393226203376
24,2,0.27041290917340116
24,3,1.1955700147301787
25,1,0.24408871245348923
25,2,0.2212453274412832
25,3,1.1828097864668699
26,1,1.5639538312345873
26,2,-1.9294195853576221
26,3,-0.9668815941489632
27,1,1.526021460928794
27,2,-1.8788742624484385
27,3,-0.8517851171861164
28,1,0.3588623108025468
28,2,0.5002565873691566
28,3,-0.08134859269083168
29,1,0.32670942231896793
29,2,0.5333655863190363
29,3,-0.04383989706990697
30,1,0.17171976943291045
30,2,0.6482827659328192
30,3,-0.24840567513761913
31,1,-0.15376892028479022
31,2,0.5807352017872836
31,3,-0.30341913642371543
32,1,0.3469096960168468
32,2,0.5803613383685039
32,3,-0.17337539392581658
33,1,0.04277848262972469
33,2,0.6968298446872082
33,3,-0.2088737257811821
34,1,0.21603455920542455
34,2,0.6748129259181859
34,3,-0.015667337948702075
35,1,0.2830700115206932
35,2,0.6026014389268981
35,3,-0.20151695109608814
36,1,0.2420153280331004
36,2,0.8394275800294118
36,3,-0.2003878832796355
37,1,0.2514398236807582
37,2,0.7121741870214213
37,3,-0.003161916866066279
38,1,-2.3134471572485045
38,2,-0.5537896721718959
38,3,-0.21267609798804224
39,1,0.3895242964294511
39,2,0.33332722048058205
39,3,1.1947987487335163
40,1,0.1648996536062173
40,2,0.4786725196787986
40,3,-0.09392368025351314
41,1,0.3577536973756116
41,2,0.6295754363205597
41,3,-0.06599841745063036
42,1,-2.2642238536792867
42,2,-0.7161648681860392
42,3,-0.28449504723347047
43,1,-2.2658490413649153
43,2,-0.515621009216296
43,3,-0.33181518243146607
44,1,0.38772296127350697
44,2,0.43658456503830945
44,3,-0.022640463484489712
45,1,0.48108477753065887
45,2,0.6130134810274467
45,3,-0.13318396468501087
46,1,0.19967145075159004
46,2,0.5395177658591571
46,3,0.22123476432243505
47,1,0.2655568781600254
47,2,0.3982240818826117
47,3,0.038199040415670134
48,1,0.3287763845152591
48,2,0.6891758974984932
48,3,-0.30902867505385484
49,1,0.20962307646783096
49,2,0.4795567290924908
49,3,-0.022205264617797295
50,1,0.2753565683828581
50,2,0.5010488372061952
50,3,-0.15711855048163556
51,1,0.17917389057285507
51,2,0.3750659415837818
51,3,-0.031212200757275568
52,1,1.5569991981044147
52,2,-1.7365104637522213
52,3,-0.9710107996092994
53,1,-2.133430243857501
53,2,-0.5270895269792455
53,3,-0.4289239656975037
54,1,0.3578418010302433
54,2,0.5774485185245966
54,3,-0.07662750705745884
55,1,-2.2706532600232285
55,2,-0.4205563248029979
55,3,-0.3225669152303411
56,1,0.23581393628048053
56,2,0.630112941163025
56,3,-9.040751350390968e-4
57,1,0.35703613092777314
57,2,0.7234440425218799
57,3,-0.148710709114773
58,1,1.5383488018882272
58,2,-1.7653961027592748
58,3,-0.984643902992534
59,1,0.4137974589754925
59,2,0.6283558941902914
59,3,-0.23770157160122307
60,1,0.3999699255992305
60,2,0.4951538807870265
60,3,-0.1244696312023698
61,1,0.2781357270742108
61,2,0.6983049991980111
61,3,-0.08536132658265291
62,1,-1.951234302600174
62,2,-0.5022541864634043
62,3,-0.5424867144313584
63,1,0.29871552024000114
63,2,0.2740228374399339
63,3,1.0883469649786974
64,1,0.5676921933630955
64,2,0.20790253989825344
64,3,1.136375962300117
65,1,-2.249619849615275
65,2,-1.6757111660390136
65,3,2.28110604910275
66,1,1.65561889524735
66,2,-2.89713558814891
66,3,1.6676564050375984
67,1,0.2917286032496774
67,2,0.4176773545551902
67,3,0.008462819123369056
68,1,1.5692072489675888
68,2,-1.777716403595094
68,3,-0.8016488211164263
69,1,1.4493622619027648
69,2,-2.042933483759532
69,3,-0.9079446105723297
70,1,-2.4369901412506736
70,2,-1.4805002378352732
70,3,1.016687879109701
71,1,0.33222619927412694
71,2,0.5461772541353894
71,3,-0.08305743492204691
72,1,0.4410812061291842
72,2,0.67298880218611
72,3,-0.04541642237004863
73,1,-2.3726874076129665
73,2,-0.49135610243211614
73,3,-0.4241223502163377
74,1,-2.3571518564722758
74,2,-0.6958060199810768
74,3,-0.43400912056228125
75,1,0.32649826697659745
75,2,0.637966093809841
75,3,-0.15249196618039446
76,1,0.11324119185448488
76,2,0.5910087286912082
76,3,0.06020519832437539
77,1,0.16860145701905496
77,2,0.48962785916217777
77,3,-0.009880634860366909
78,1,0.3466070341120434
78,2,0.5279178801129639
78,3,-0.27118521968505926
79,1,0.261759637557273
79,2,0.5541141254785176
79,3,-0.22495197033745581
80,1,-2.3509299789860143
80,2,-0.49927671757649833
80,3,-0.0896234309221945
81,1,0.3845244205187738
81,2,0.6801488657251558
81,3,-0.050179331107994385
82,1,0.29235565194877267
82,2,0.4262102010192632
82,3,0.058978439367777455
83,1,0.21372777861163766
83,2,0.7697669173415385
83,3,-0.0770253915868727
84,1,1.562081073593456
84,2,-1.6894183863745693
84,3,-1.008760282978913
85,1,0.24719268538630387
85,2,0.3633926814392108
85,3,-0.17697650135232307
86,1,-2.311123256351307
86,2,-0.7441303620312341
86,3,-0.418881149871166
87,1,0.14944015705327804
87,2,0.47333880788435745
87,3,-0.2441649968185085
88,1,0.32240609719665275
88,2,0.563906009933528
88,3,0.025621885314026788
89,1,0.1739534273281108
89,2,0.6573540422413139
89,3,-0.07146836833427858
90,1,0.21427334606700435
90,2,0.664381102348066
90,3,-0.062032318942618334
91,1,0.28230870587168827
91,2,0.6352134998423816
91,3,0.10298835351383223
92,1,0.35442861045172225
92,2,0.4433473593636002
92,3,-0.19543324798478304
93,1,0.21665253140077115
93,2,0.5372511155565195
93,3,0.17929960067661063
94,1,0.09714024073900766
94,2,0.35675717038731464
94,3,-0.03724025643805276
95,1,-2.2085191285674157
95,2,-0.4510711808432997
95,3,-0.6362411061398057
96,1,0.18905888337417903
96,2,0.6060357010397835
96,3,-0.1318781591120087
97,1,0.3132889790819389
97,2,0.5784860209179311
97,3,-0.10336980747699423
98,1,0.2412528721616737
98,2,0.40771395370058383
98,3,-0.06091063038356272
99,1,0.44430406603067
99,2,0.6791781488338963
99,3,-0.1929851694097633
100,1,0.2149549347362301
100,2,0.42487255184360345
100,3,-0.3795058887630835
101,1,0.36239151188467333
101,2,0.7459498596763322
101,3,-0.22096385012402764
