Individual,PC,score
1,1,-1.1568881236037476
1,2,-0.7247311694678599
1,3,-0.6761989885320426
1,4,-0.23321080473997266
1,5,0.42510179100962064
2,1,-1.5787622164918909
2,2,1.4204042456751993
2,3,0.49550532985246426
2,4,0.3013621162414723
2,5,-0.4809157378378491
3,1,-1.9912929160598898
3,2,0.9221559082116482
3,3,-0.7275131094160471
3,4,0.045606709500900365
3,5,-0.09234570939242505
4,1,-1.7696090020081756
4,2,0.9719891040017221
4,3,-0.6685785122364346
4,4,0.08936329573019289
4,5,0.14824248829059908
5,1,-0.1896275279280959
5,2,-0.5760326232533078
5,3,0.9267032047567969
5,4,1.2381557824965315
5,5,-0.3064017680688029
6,1,-0.25869225927078665
6,2,-0.3491783451853935
6,3,0.43362139835364266
6,4,1.6513309829339369
6,5,-0.4463942445870837
7,1,0.6865229390052755
7,2,1.948824668413966
7,3,0.2769074435783902
7,4,-0.12998251298411836
7,5,0.8998395707856035
8,1,1.03983143105244
8,2,-0.07030080861510589
8,3,0.21381146554165342
8,4,-0.28204303664607716
8,5,-0.4236217666995632
9,1,-1.8286976311997074
9,2,1.0418124017953383
9,3,-0.7615744075673397
9,4,0.12420333331671471
9,5,0.2597761204974908
10,1,-1.8158778334179326
10,2,0.858001381000631
10,3,-0.5837588667564905
10,4,0.1722753867272519
10,5,0.14645251779204244
11,1,0.24538628966503354
11,2,1.859514767521906
11,3,0.1894023122203177
11,4,-0.01206849517873213
11,5,-0.39439968210707427
12,1,1.0608224035061498
12,2,0.12367144797498736
12,3,0.21756936907200183
12,4,-0.33876376567285627
12,5,-0.1623871806970547
13,1,-0.5702278795988552
13,2,-0.6054022392397626
13,3,0.7072124685953021
13,4,2.430850728842724
13,5,-0.11412807666637753
14,1,0.024634052912049946
14,2,-0.5560814847898129
14,3,-1.0626951925916424
14,4,-0.5425639835358684
14,5,-0.1439709070577466
15,1,-1.3019431384992315
15,2,1.4342624089179403
15,3,0.3778349662755554
15,4,0.4971964293029137
15,5,-0.28184469105741916
16,1,-1.4314439640102457
16,2,-0.8657399990743238
16,3,2.247987747720771
16,4,-0.7271013552186573
16,5,0.2575561775501103
17,1,-1.5155585977437989
17,2,-1.141593656169825
17,3,2.1753125821959762
17,4,-0.6334079808613621
17,5,0.027789207138895992
18,1,-1.3264652886376358
18,2,-0.9111406203801384
18,3,2.0860635639913543
18,4,-0.5746727702713342
18,5,0.2341424042424815
19,1,-1.3979961280437585
19,2,-1.0216394955411745
19,3,2.240424374558489
19,4,-0.7477379486765426
19,5,-0.005752628347366614
20,1,-1.405830307487067
20,2,-1.0683459279358543
20,3,2.174508031545744
20,4,-0.9099303310291553
20,5,0.19551720214924623
21,1,-1.282077316618559
21,2,1.4949323092927225
21,3,0.3158056468860085
21,4,0.36415084310867263
21,5,-0.20935529040980896
22,1,0.49243650294311536
22,2,-0.39785957511585973
22,3,-0.841858796648738
22,4,-0.08443856638278438
22,5,0.2350184314120804
23,1,0.6996502567594044
23,2,1.7653404302751745
23,3,0.30488757221971136
23,4,-0.3118589783434789
23,5,0.8679119987699765
24,1,0.5451628388146628
24,2,1.9790851174656625
24,3,0.278186609758912
24,4,-0.15510888573601653
24,5,0.9224609138142702
25,1,-1.6043126137089678
25,2,1.6627877968129336
25,3,0.39402948601260346
25,4,0.12941740677708113
25,5,-0.31337904369555947
26,1,0.4195979320149697
26,2,-0.3427117307066365
26,3,0.3099121867736843
26,4,-0.40451241710585273
26,5,-0.7158997814849899
27,1,1.2241677089159344
27,2,0.08126209453963823
27,3,0.6448575376821895
27,4,-0.5595777784543423
27,5,0.4346861697377422
28,1,1.0917702828790703
28,2,0.10066620598686164
28,3,0.33310198367104804
28,4,-0.4585326254581219
28,5,0.5852106329209824
29,1,1.0294507539377684
29,2,0.08557247588708407
29,3,0.24416884031374148
29,4,-0.15934668235335284
29,5,-0.21447232003978012
30,1,-1.1557796634031776
30,2,-0.660189987196379
30,3,-0.4199952190048343
30,4,-0.03280190549754412
30,5,0.21016192235425638
31,1,-0.19403140979082945
31,2,1.5081893756836426
31,3,0.16465461803412187
31,4,0.03302036255782125
31,5,-0.7559147931784271
32,1,0.5456009336129246
32,2,-0.2882852920175935
32,3,-0.722352595327936
32,4,-0.3815613554957843
32,5,0.09463836524638641
33,1,0.8672702802333078
33,2,-0.1051832142653501
33,3,0.1791972828167739
33,4,-0.18353975623446003
33,5,-0.42026155365157986
34,1,0.8075043926822568
34,2,-0.29742434439058646
34,3,-0.44683960115586946
34,4,-0.4515178260287516
34,5,0.544474993831082
35,1,1.0541148338561646
35,2,0.3133909827836386
35,3,0.1747026884775295
35,4,-0.21931463516739463
35,5,0.2310144307938056
36,1,1.208138110175931
36,2,-0.38029210188233337
36,3,0.12838902511741265
36,4,2.0107975701794727
36,5,0.0011596186422872053
37,1,0.7432764424029492
37,2,-0.2612614445066437
37,3,-0.7460858113935115
37,4,-0.42536668018006524
37,5,-0.06672647267187393
38,1,0.5627200551826961
38,2,-0.21376355776824366
38,3,0.41719396140232284
38,4,-0.22899700500685546
38,5,-0.5513303518990229
39,1,-1.6317591731402765
39,2,1.6532895107962355
39,3,0.5463830787608133
39,4,0.2979412812610443
39,5,-0.23791535815981335
40,1,0.5763158242038086
40,2,-0.146136252504238
40,3,0.15823467916756895
40,4,-0.19139668301561097
40,5,-0.4373721722054009
41,1,0.24681247046581758
41,2,1.7400258341106474
41,3,0.04152229610482573
41,4,0.09536628176396392
41,5,-0.10654179121032116
42,1,0.9178798623582783
42,2,0.1552142988791496
42,3,0.3894343575841872
42,4,-0.3681764079667113
42,5,0.42615553048308413
43,1,0.14580654812568422
43,2,-0.5260709945177104
43,3,-0.9645861935511763
43,4,-0.3587245469495611
43,5,-0.3960538098898251
44,1,0.06659679433104229
44,2,-0.4544397657722225
44,3,-1.0811413175958935
44,4,-0.2020882363095615
44,5,-0.3229848566224809
45,1,0.4731234113185531
45,2,-0.27600275067457436
45,3,-0.7838675194487355
45,4,-0.478721711341847
45,5,0.0365352612034994
46,1,1.0628057712845846
46,2,-0.2953334577016656
46,3,0.5357929393764602
46,4,1.017377911852403
46,5,-0.3794348562711581
47,1,0.5344996792274411
47,2,-0.4863896290647342
47,3,-1.09403558606902
47,4,-0.19754857776519552
47,5,-0.09936957887606888
48,1,1.1067288693671704
48,2,0.2380344410861059
48,3,0.0823478040636568
48,4,-0.11055155629921835
48,5,-0.23844459753556124
49,1,0.8270823756509259
49,2,0.020207814603833026
49,3,0.2765991824771323
49,4,-0.3321731664135078
49,5,-0.2252447038924686
50,1,-0.6463076479934453
50,2,-0.9617208646174179
50,3,-0.5906864207293827
50,4,1.417759987602194
50,5,0.3352504517895535
51,1,0.2113176960219909
51,2,-0.27774428684141317
51,3,-0.729226241658797
51,4,-0.202056440047315
51,5,-0.26671013546912803
52,1,0.6193003108987033
52,2,-0.26371996381263435
52,3,-0.7982172152776102
52,4,-0.32373206981076924
52,5,-0.3592868390103181
53,1,0.8224988767569189
53,2,-0.17844023573729276
53,3,-0.9093253507672305
53,4,-0.17929429917874962
53,5,1.1267895961330914
54,1,0.5479746512514417
54,2,-0.23572303494193741
54,3,0.32488657228841245
54,4,-0.1810151511697489
54,5,-0.6774011367879119
55,1,0.9564511144933711
55,2,-0.22055637686870203
55,3,0.21059789178576577
55,4,-0.13542419401122013
55,5,-0.1801789416947978
56,1,0.4019289229100255
56,2,-0.4367409882578773
56,3,-0.8375736752400885
56,4,-0.2416575076816072
56,5,0.09590427020168066
57,1,1.0405467808966606
57,2,0.297189321302149
57,3,0.34323771775964207
57,4,-0.09338052486745738
57,5,0.48517847748706716
58,1,0.006669094797891739
58,2,1.6258827367781008
58,3,0.039760565642708114
58,4,0.050047515985777447
58,5,-0.7135320762733146
59,1,-1.5931831579962308
59,2,0.9644786429512382
59,3,-0.5809695244529005
59,4,0.07363250521549067
59,5,-0.1831077200739717
60,1,0.15614445342325972
60,2,-0.4985642532685695
60,3,-1.0087739232183437
60,4,-0.3714218333127861
60,5,-0.25350928630463193
61,1,0.238557739953551
61,2,-0.7553474400090929
61,3,-0.9650902171301668
61,4,-0.15869594962641526
61,5,-0.2531342210552204
62,1,0.9056515664807515
62,2,0.18068951391341248
62,3,0.41929061388895084
62,4,-0.26460175962162
62,5,-0.28703787350237636
63,1,1.3802584672560845
63,2,-0.17702552805961225
63,3,0.6771876529868683
63,4,1.981063016910895
63,5,1.2075619129661597
64,1,1.0068536356791453
64,2,-0.4391059501312096
64,3,0.46659184486030425
64,4,1.849604240371751
64,5,0.013477046997697577
65,1,0.8231372802067816
65,2,-0.4075737450532124
65,3,0.6514295992045829
65,4,2.0015397028412227
65,5,-0.38551608429046896
66,1,-0.3996224248234425
66,2,-1.124190561309931
66,3,-0.394807089162714
66,4,2.3544220299982648
66,5,0.255686322423721
67,1,-1.8026344958415588
67,2,1.0776633436883536
67,3,-0.825855694130545
67,4,0.061900892193475596
67,5,0.16375456720473347
68,1,-1.4350084022258678
68,2,-1.0940201229232165
68,3,-0.24428394694599584
68,4,-0.07515985627853622
68,5,0.18539337776694537
69,1,-1.1821999665405867
69,2,-0.6475060621785986
69,3,-0.6355391404749465
69,4,0.03793059218819542
69,5,0.349158408509902
70,1,-1.1266378352517297
70,2,-0.8201144474266668
70,3,-0.6260284096135335
70,4,-0.3019672134625424
70,5,0.14610369596868705
71,1,0.6537089647805454
71,2,-0.28985410219229546
71,3,-0.6214431850468586
71,4,-0.29279167203944956
71,5,0.046023497730461244
72,1,0.9442111448025452
72,2,-0.09763679487547408
72,3,0.3815542439158048
72,4,-0.2048288466112808
72,5,-0.1707520086466355
73,1,1.0105277649428852
73,2,0.043602982573090907
73,3,0.17428136755940352
73,4,-0.022515333992862718
73,5,-0.12633606881067425
74,1,-0.9402541246000747
74,2,-0.679610726152135
74,3,-0.5105074037851691
74,4,0.007355412552476457
74,5,0.4344661664271438
75,1,0.9637337985421566
75,2,0.15184466233785326
75,3,0.4236237900131385
75,4,-0.321980739450607
75,5,-0.3604205052413208
76,1,1.1896517287969302
76,2,0.31428843661378714
76,3,0.17775886864688092
76,4,-0.4285513585022627
76,5,0.941367633784915
77,1,0.3831249847331235
77,2,-0.44730826960807624
77,3,-0.8003267096753529
77,4,-0.31572250933939594
77,5,-0.2612777785791174
78,1,0.9997005938218003
78,2,0.1746302751023478
78,3,0.6242420341406605
78,4,-0.2739321798136403
78,5,0.9018820714318233
79,1,1.0575660068270127
79,2,0.25403919014721965
79,3,0.3826108741067151
79,4,-0.09027995743274574
79,5,0.9411589852513337
80,1,0.7218039989579544
80,2,-0.19647982658536703
80,3,0.15482318158692607
80,4,-0.20427504583945155
80,5,-0.6576032669007903
81,1,0.4813198172587652
81,2,1.7803735211763494
81,3,0.2974550985110552
81,4,0.03924648259638165
81,5,-0.2506643898043979
82,1,0.2619186318691119
82,2,-0.2676879534863607
82,3,-0.8307578779980175
82,4,-0.2626286214181393
82,5,-0.29645380638159063
83,1,0.8015320766521395
83,2,0.06407406051701828
83,3,0.24433458312062512
83,4,-0.3203992976516059
83,5,-0.3382349808261796
84,1,0.25169854851149404
84,2,-0.5414836117586024
84,3,-0.8869514904577672
84,4,-0.46211648676726547
84,5,-0.39246340961465964
85,1,-1.1948076169061843
85,2,-0.6775299947107032
85,3,-0.5957078037084546
85,4,0.058852722459030456
85,5,-0.06157680480062788
86,1,-1.1478842235558522
86,2,-0.8334012195177383
86,3,-0.6388311268731287
86,4,0.032423683261355155
86,5,0.19330546548680733
87,1,-1.104158636008669
87,2,-0.9792097655629003
87,3,-0.3831449458684292
87,4,-0.25980862151904677
87,5,0.07541656844405228
88,1,-1.1341562614565344
88,2,-0.9527007591203214
88,3,-0.3786953764598488
88,4,-0.22791022658723556
88,5,0.1110073398319152
89,1,0.5320423512807636
89,2,-0.5622589164896649
89,3,-0.7041411513217023
89,4,-0.27717060551005795
89,5,-0.10151426333332345
90,1,-1.1786295318630047
90,2,-0.6554155906693137
90,3,-0.8646126925009667
90,4,0.04145112076833892
90,5,0.3434447502969055
91,1,-1.2979882573980521
91,2,-0.7997508998561716
91,3,-0.48326388186498753
91,4,-0.21349002305592577
91,5,0.11549525841112708
92,1,-1.332727841709714
92,2,-0.6591780192931315
92,3,-0.6690217948958921
92,4,0.025853375293220692
92,5,0.26427952412294253
93,1,0.02367066357949097
93,2,-0.3326348164360249
93,3,-0.6995944925972086
93,4,-0.16579811277272977
93,5,-0.3399214147727443
94,1,0.9841206441330717
94,2,0.10436767941061172
94,3,0.31058242456602236
94,4,-0.09735354240603658
94,5,0.4111584491650498
95,1,-1.784587130804259
95,2,1.3151915471465268
95,3,-0.5628745173273746
95,4,-0.09882263830692455
95,5,0.3029660815972063
96,1,1.1290025947700586
96,2,0.05595938034850984
96,3,0.3164987132146118
96,4,-0.2782239234886706
96,5,-0.21690788328231958
97,1,0.997956232693612
97,2,-0.1758250037083549
97,3,0.594989329342324
97,4,-0.1726179219282117
97,5,-0.3919935717952449
98,1,0.932422440939234
98,2,-0.01657230720848233
98,3,-0.037578613700716565
98,4,-0.25448358303786445
98,5,-0.25982944289502796
99,1,-1.3769208816888447
99,2,-1.05623899994322
99,3,2.3396183162390907
99,4,-0.8141044041222347
99,5,-0.11339638028599565
100,1,1.1845430912224542
100,2,0.0680467096976342
100,3,0.20448962500284826
100,4,-0.25904102827961567
100,5,-0.06979047502377847
101,1,1.1573247102995428
101,2,-0.07055511907181969
101,3,-0.04719931316265901
101,4,-0.2569072555684456
101,5,-0.11866117842698723
