Individual,PC,score
1,1,-1.454966988388439
1,2,0.35462208345764523
1,3,0.07717440601576768
1,4,-0.44851080007888916
1,5,-0.3741505952496477
2,1,0.6810233293926324
2,2,-1.2961694882437358
2,3,-0.4301442413685199
2,4,0.24952683513781804
2,5,-0.7155549443398211
3,1,-0.4486341380965724
3,2,-1.5708552080699973
3,3,-0.0699466567647651
3,4,0.05577899713863454
3,5,0.1618334156211969
4,1,-0.51862882340364
4,2,-1.7367436267708114
4,3,-0.07418329411560236
4,4,0.26765625678492855
4,5,-0.025511795972459093
5,1,1.1477163953086011
5,2,-0.16753247212125766
5,3,1.3995926527484763
5,4,-0.05665723168166057
5,5,0.05179851393405236
6,1,1.16459381415621
6,2,0.15994424697256773
6,3,1.3283587751896437
6,4,0.4494342404068131
6,5,-0.7226087527692839
7,1,1.1433586505114957
7,2,0.1247140944120869
7,3,-0.07828942752845913
7,4,-0.08893410534680507
7,5,-0.26616089976315666
8,1,0.9427073133452911
8,2,0.3053144420789648
8,3,-0.284442398926877
8,4,-0.2950031556222088
8,5,-0.40533866571935345
9,1,-2.0432745059720263
9,2,-0.943622109283165
9,3,-0.44441517698629496
9,4,0.1610854260470154
9,5,-0.6684326568942043
10,1,-1.1483173344779098
10,2,-1.5924076617553422
10,3,-0.2082921628522538
10,4,0.5429724354894789
10,5,-0.04925119094794175
11,1,0.6952773084380901
11,2,-1.0952212280211282
11,3,-0.5488711170244513
11,4,0.1050352255896855
11,5,-0.3181448933293987
12,1,0.8668912947653618
12,2,0.4171484356456427
12,3,-0.36444735876281187
12,4,0.05429587343513441
12,5,0.3681725800559025
13,1,-0.5101121863084389
13,2,-0.39642118283999067
13,3,1.8650317844478825
13,4,0.6152043651081617
13,5,-0.03182087875563677
14,1,-0.17558794603018862
14,2,0.851039465797136
14,3,-0.4413299910169537
14,4,0.34166075093066034
14,5,-0.03426638863373535
15,1,-1.340439764040893
15,2,-1.9340027326329483
15,3,-0.4475259747810007
15,4,0.4019895568431365
15,5,0.21653974075834048
16,1,-1.7797118191614603
16,2,0.6337760158816979
16,3,0.14547227861599207
16,4,-1.136601479764572
16,5,-0.008344026345576612
17,1,1.023629284202632
17,2,0.15918932533951755
17,3,0.11194757872383482
17,4,-1.5773294308928294
17,5,0.4525255596363888
18,1,0.5540684607574806
18,2,-0.11395981817270365
18,3,0.47851081872909096
18,4,-1.5992762647460943
18,5,0.8492671887044707
19,1,0.6805773331300404
19,2,-0.1987743180300304
19,3,0.5113195959003727
19,4,-1.5453705951070116
19,5,0.7915655538496572
20,1,-1.5714635114566784
20,2,0.7517689055433096
20,3,-0.09308876442271441
20,4,-0.7630198721518079
20,5,-0.31752235355626074
21,1,-1.1452522691828169
21,2,-1.8426842855670258
21,3,-0.29400216912784816
21,4,-0.0886306778633025
21,5,0.59453052262173
22,1,0.9504492054993013
22,2,0.23946643169154166
22,3,0.06752233592323345
22,4,-0.19576504972656147
22,5,-0.10252689217591375
23,1,0.7488768176839589
23,2,-0.8933088389255314
23,3,-0.6785155813846424
23,4,0.3506711328022285
23,5,-0.6078904290226287
24,1,0.7660819149417196
24,2,-1.257692380574486
24,3,-0.49834427131831033
24,4,-0.23816224045842532
24,5,-0.24782934616251154
25,1,0.7747257943171341
25,2,-1.5392899356701613
25,3,-0.5563810364300388
25,4,-0.24486144470563104
25,5,-0.19453458179233377
26,1,-0.5376751798971995
26,2,1.1530333210104498
26,3,-0.6804746560775982
26,4,0.13219839383830373
26,5,-0.34958070936315466
27,1,0.9590684806791298
27,2,-0.07772852473284522
27,3,-0.17547142567763935
27,4,-0.31598856235206424
27,5,-0.19571216937085936
28,1,0.8343623843459745
28,2,0.22172003734049103
28,3,-0.3432901815172716
28,4,0.3044605972868901
28,5,0.5250077298734871
29,1,0.8532775215510903
29,2,0.47833002731052665
29,3,-0.2018946693154962
29,4,0.1559403217683048
29,5,0.4607595294387386
30,1,-1.6823294734600098
30,2,0.47495580402079535
30,3,0.2880213027855398
30,4,-0.26080891355069225
30,5,-0.35256440076070394
31,1,0.8920910820864464
31,2,-1.0037080582331992
31,3,-0.9511548613515235
31,4,0.9127298592427706
31,5,-0.02848366490691178
32,1,0.9851753454120052
32,2,-0.07324235565085484
32,3,-0.300906788404173
32,4,-0.06978228126824373
32,5,-0.43157860979627355
33,1,0.9891071562808482
33,2,0.6995091128903229
33,3,-0.2916641871883095
33,4,0.42705262578145886
33,5,0.38904682926235434
34,1,0.8486575597421014
34,2,0.17252947286996206
34,3,0.1939377778695228
34,4,-0.30708251366213835
34,5,-0.4679830814843414
35,1,0.8469421765666669
35,2,-0.04126181022831906
35,3,-0.04090271781542387
35,4,-0.45094712078330046
35,5,-0.3586847411246831
36,1,1.173024549782468
36,2,-0.020975936768373688
36,3,1.2426301517484744
36,4,0.27178567394486247
36,5,-0.4141977885831253
37,1,0.9582296681046792
37,2,-0.1562631363342777
37,3,-0.09965017556660406
37,4,-0.20540361734082882
37,5,-0.14131051762206992
38,1,-1.8539736937980411
38,2,0.7699337662362448
38,3,-0.12122410803629925
38,4,0.256222075646987
38,5,0.2573568713234529
39,1,-0.4226393163911716
39,2,-1.9407377559680838
39,3,-0.033315835713564244
39,4,-0.27747742304498685
39,5,0.5170482725167457
40,1,-0.6680427126516262
40,2,0.9581472106361846
40,3,-0.7661131049308704
40,4,0.5170763098073904
40,5,-0.17922634444536606
41,1,0.8357606563099067
41,2,-1.4092659598256463
41,3,-0.5841526682802788
41,4,0.4032513075829034
41,5,-0.6311286308475981
42,1,0.9193901324544442
42,2,0.3942499584117575
42,3,-0.24445188922733846
42,4,0.46060409731327995
42,5,0.37017721224035116
43,1,-1.873916611621485
43,2,0.7801027873925829
43,3,-0.1999376413087753
43,4,0.18357846651236634
43,5,0.3635666137677674
44,1,-1.5442031600828112
44,2,0.5920407038382484
44,3,-0.1215415560193959
44,4,0.43552272291458444
44,5,0.3763432531622839
45,1,0.9900513790140921
45,2,0.106818005587607
45,3,-0.04599890085460239
45,4,-0.13099257105286222
45,5,-0.12153159277177546
46,1,1.0628200588727732
46,2,0.32295507599694795
46,3,1.2501222373951355
46,4,0.5674436288641567
46,5,-0.4482142835721655
47,1,1.0649157820253496
47,2,0.2706450032936083
47,3,-0.10764947592055478
47,4,-0.36006361207147114
47,5,-0.40527073159104243
48,1,0.8604567188535821
48,2,0.16707721428617558
48,3,-0.11667256827239104
48,4,-0.2741872885328865
48,5,-0.25467569214423613
49,1,0.7850316476760656
49,2,0.19469960118391985
49,3,0.0318918060120994
49,4,-0.17790279055542535
49,5,-0.27507767980007053
50,1,-0.6944499741014047
50,2,-0.278471341449094
50,3,2.134739874112572
50,4,0.7319730113992753
50,5,0.25078613538339134
51,1,-0.09719341956169852
51,2,1.003440353316373
51,3,-0.6416714121876457
51,4,0.5030224341636287
51,5,0.053631358651080464
52,1,0.936519556687508
52,2,0.25428133018182714
52,3,-0.04262214872021323
52,4,-0.7083785272879497
52,5,0.2149619832519195
53,1,0.9021028551712695
53,2,-0.07846456342125227
53,3,0.0985345007233502
53,4,-0.6342242227925625
53,5,0.1289265643222954
54,1,-0.23021330940485085
54,2,0.28284826813592506
54,3,-0.19295170957487087
54,4,0.39272547652989737
54,5,0.5894104906619088
55,1,0.8151638131896756
55,2,0.529038686438973
55,3,-0.2218275764523575
55,4,0.399452767557022
55,5,0.49320179670294045
56,1,0.0865238963809068
56,2,0.2992769890033902
56,3,-0.2404821201507292
56,4,-0.14299402328492217
56,5,-0.5672416909825173
57,1,0.8177533801944782
57,2,0.35821971565641425
57,3,-0.4608579118006738
57,4,0.21325726599510175
57,5,0.53744022830959
58,1,-1.149059145793943
58,2,-1.4726796135395208
58,3,-0.8011220553279176
58,4,0.7766977054812491
58,5,0.5554555100463775
59,1,-1.1923145985347592
59,2,-1.4424395949838937
59,3,-0.1590830442914017
59,4,0.13512307478564647
59,5,-0.018374248702116854
60,1,-1.7151241655464398
60,2,0.5555228586164632
60,3,-0.20617568605357836
60,4,0.34110621150414766
60,5,0.13507704156088451
61,1,-0.8133180731916202
61,2,0.484083294792153
61,3,-0.19106128471145903
61,4,0.41416429845964836
61,5,0.4454532121067958
62,1,1.0774789683829746
62,2,0.40660293144614545
62,3,-0.35656929044546265
62,4,0.4515570332208439
62,5,0.29865643513941514
63,1,1.1281527694878921
63,2,0.062237262776048095
63,3,1.5636780573150526
63,4,0.4983586692364866
63,5,-0.4236568006072385
64,1,0.9609579748591925
64,2,0.0883427590060752
64,3,1.6665955939616697
64,4,0.6868005411240681
64,5,-0.5389510648544155
65,1,-0.4727446968397148
65,2,0.19391115169822035
65,3,1.6776909177348427
65,4,1.3644875205169695
65,5,0.7238476573029555
66,1,-0.38188575819076365
66,2,-0.43528088597384834
66,3,2.0862615458633957
66,4,0.17746857889451567
66,5,0.7384343697700837
67,1,-0.5943478231507074
67,2,-1.8983600590173846
67,3,0.0404835587527326
67,4,-0.29966790825371115
67,5,0.3880161805863599
68,1,0.4871779223827029
68,2,-0.31150873673237484
68,3,0.2898397874784032
68,4,-0.999092009998481
68,5,0.46138683095736077
69,1,-1.4713090475336517
69,2,0.2728100076114687
69,3,0.3281342925174557
69,4,-0.7034330146625339
69,5,0.023741710270552528
70,1,-1.058037030090761
70,2,0.043100566610835674
70,3,0.4743659028244261
70,4,-0.1978836973746868
70,5,-0.02989245471336453
71,1,0.9316686958303407
71,2,0.10654943371069957
71,3,-0.16594738551587254
71,4,-0.3536945748374666
71,5,-0.2643958621998165
72,1,0.9686031634253826
72,2,0.42497198384762325
72,3,-0.3538996998788551
72,4,0.5117122022849835
72,5,0.13738987132218647
73,1,0.6476556650901506
73,2,-0.017123241099903017
73,3,0.11249440153649247
73,4,-0.258747448732246
73,5,-0.45979084980128754
74,1,-1.8781180784652325
74,2,0.5343108420127067
74,3,0.34931201901436076
74,4,-0.47958406548147225
74,5,-0.4101836973112544
75,1,0.8413541559284318
75,2,0.5086600968604876
75,3,-0.31971360953074623
75,4,0.2762433756886846
75,5,0.28510395887716056
76,1,0.9032259180795071
76,2,0.3867538241176362
76,3,-0.3897092159498367
76,4,0.13353020294431495
76,5,0.3175684921142956
77,1,-1.4669936606099079
77,2,0.5319140806062558
77,3,-0.28089550038446304
77,4,0.36445094547538803
77,5,0.17319300122410022
78,1,0.9298777437483172
78,2,0.29938670496154496
78,3,-0.06383342406860906
78,4,-0.37056871778390477
78,5,-0.37605116325515253
79,1,0.944233347641567
79,2,0.5162616703828282
79,3,-0.4446469127229792
79,4,0.3625753854064124
79,5,0.34441942485882987
80,1,-1.7975096539350368
80,2,0.7988914045551043
80,3,-0.2909383074984444
80,4,0.20163127876179887
80,5,0.41783780299163437
81,1,0.7758237075399362
81,2,-1.24020979374692
81,3,-0.6010890025228486
81,4,0.04060418923639836
81,5,-0.49141352040053726
82,1,0.9167726918647565
82,2,0.6250505199939476
82,3,-0.22001651877777986
82,4,0.6180647980383561
82,5,0.3154879905796085
83,1,0.9899477870481315
83,2,0.6609385666351226
83,3,-0.17999080537018128
83,4,0.3781864277308986
83,5,0.5420340656857067
84,1,-1.6664287675629301
84,2,0.4099487863179415
84,3,-0.12741291906460095
84,4,-0.3694702602796446
84,5,0.72573983013055
85,1,-0.5964855607673323
85,2,-0.04234807224865123
85,3,0.36641225759322954
85,4,-0.04161229688767049
85,5,-0.1742313671069975
86,1,-0.4013438118449202
86,2,0.08648504242221128
86,3,0.5175833940929936
86,4,-0.25486623253977375
86,5,-0.20479891306796438
87,1,-1.8387927923604728
87,2,0.6632279505688241
87,3,0.003932967344388251
87,4,-0.23540471796054466
87,5,-0.5769188901189704
88,1,-1.8372349508071415
88,2,0.54344728087092
88,3,0.19085541345021403
88,4,-0.21480666623339528
88,5,-0.4474467442947697
89,1,0.9429549312255375
89,2,0.3486028561612359
89,3,0.12333899640568417
89,4,-0.24555100950563222
89,5,-0.3867868809046715
90,1,-1.831998895903714
90,2,0.42496603751131745
90,3,0.03642421896220798
90,4,-0.26758980013966105
90,5,-0.6425996777126946
91,1,-1.829955886395042
91,2,0.3018498405360446
91,3,0.23694036240394914
91,4,-0.23776774474073498
91,5,-0.5459132486177833
92,1,-1.9026745497198834
92,2,0.4742055544240094
92,3,0.1792944945094837
92,4,-0.15114862665599846
92,5,-0.3690304275396241
93,1,-0.5767188004892482
93,2,1.1586960962997868
93,3,-0.745724176138688
93,4,0.2955038156459465
93,5,-0.16599791703758895
94,1,-0.6710953986974083
94,2,1.1518495829862931
94,3,-0.976321168772633
94,4,0.4237865009431866
94,5,-0.45380057372637156
95,1,-1.1682459418771547
95,2,-1.6445274741623468
95,3,-0.019839120802434707
95,4,-0.29153169150295793
95,5,0.27034663980497387
96,1,0.8886171116747448
96,2,0.31487068774239424
96,3,-0.23731668128142563
96,4,0.10959718112390131
96,5,0.5235263714873991
97,1,1.0518028594395394
97,2,0.1971193915547954
97,3,-0.08959437532255102
97,4,-0.39653645110195973
97,5,-0.38952391130454717
98,1,0.9504419024044007
98,2,0.6161178337734974
98,3,-0.4137475460866994
98,4,0.22828662259624646
98,5,0.5158483789167962
99,1,0.8066200466087109
99,2,0.14037282310704768
99,3,-0.04016316811432259
99,4,-1.3407573343132129
99,5,0.45891046011423964
100,1,1.0732313589584257
100,2,0.39637271587964384
100,3,-0.33889197570440327
100,4,0.44998030957577323
100,5,0.2909699319222314
101,1,0.2797617863450889
101,2,0.9540138685389491
101,3,-0.7156432711876346
101,4,0.20054508417308162
101,5,-0.020233277946621102
