Individual,PC,score
1,1,-3.479188714460146
2,1,1.0171916464437747
3,1,0.8126896761608103
4,1,0.8827113140586554
5,1,-3.4358130749108646
6,1,-3.5787115074462883
7,1,0.8883001449983117
8,1,0.8421885860624345
9,1,0.7611494856134449
10,1,0.9494677185774074
11,1,1.042837418679529
12,1,0.817243231910099
13,1,0.834191961379953
14,1,0.9264432041370911
15,1,0.7566287264049585
16,1,-3.4694985229051243
17,1,0.7370498700097944
18,1,0.974592624304766
19,1,0.7263802150388571
20,1,-3.721959062442831
21,1,-3.4889955777953823
22,1,0.7697799968753084
23,1,0.8833808765898731
24,1,0.6173699388027434
25,1,0.7390341870395251
26,1,0.890733844266039
27,1,-3.6323065441128035
28,1,0.9663196754605933
29,1,0.9622405008274437
30,1,1.0671790060824715
31,1,0.948973093887645
32,1,0.8045013226441137
33,1,0.8219230548195865
34,1,0.6974916422473899
35,1,0.9440270795174639
36,1,0.8486804856581122
37,1,0.8053481849212166
38,1,0.7280400492230846
39,1,-3.6296454029499645
40,1,0.8944187379222448
41,1,0.9117841476483552
42,1,0.9999962472979104
43,1,0.8441588946515486
44,1,0.9688245428378237
45,1,0.8824507576977493
46,1,0.9003064777421819
47,1,0.8434663825553724
48,1,0.9924811309708429
49,1,0.7332755024683898
50,1,-3.59730293829238
51,1,0.953700684377499
52,1,0.970539923506346
53,1,-3.646742589592483
54,1,0.7904677940748681
55,1,0.9841682697991794
56,1,0.9137242807801712
57,1,0.844819302273107
58,1,0.9174929079607478
59,1,0.6627116113826496
60,1,0.8058080715789188
61,1,0.8504691382213542
62,1,0.7590033435375386
63,1,0.9861004124581777
64,1,0.9114280189835265
65,1,0.8303973205167757
66,1,-3.454946473793636
67,1,-3.5029241205796557
68,1,1.0510182929824397
69,1,-3.350218107774672
70,1,0.9093152219623335
71,1,0.983860374662763
72,1,1.0493823260217199
73,1,0.5714125400197261
74,1,0.7791356863250641
75,1,0.7622755774556754
76,1,0.9230377921913093
77,1,-3.5058533635294444
78,1,0.9693210231471113
79,1,0.8524013315680442
80,1,-3.5941101907750057
81,1,0.9200623942569569
82,1,1.0412140022592533
83,1,0.6696885327038998
84,1,-3.469945492229659
85,1,0.9796483807300305
86,1,0.8957280996665473
87,1,0.8242046660789327
88,1,0.8766794429972823
89,1,0.896541095769396
90,1,0.9450272274480955
91,1,-3.525760735861668
92,1,-3.6779315780184905
93,1,0.918163310305627
94,1,0.9470929456939099
95,1,0.7523193679254119
96,1,-3.5921037953366057
97,1,0.845974328580815
98,1,-3.4453086724265467
99,1,1.0004697819063861
100,1,0.9232778482344078
101,1,0.8959322104547456
