Individual,PC,score
1,1,-3.917637560535951
2,1,1.1814418342050155
3,1,1.0312881542715115
4,1,1.1017904636648497
5,1,-4.087162937069234
6,1,-4.0329664555629705
7,1,0.742555007195604
8,1,1.1179450506966107
9,1,1.0071848747870473
10,1,0.9766072710862188
11,1,1.0353892204098871
12,1,1.1166745609188098
13,1,0.9893921016560847
14,1,0.8842015683019695
15,1,0.8392183907305414
16,1,-3.8305547898878514
17,1,1.0179087319086306
18,1,0.9324152284357754
19,1,1.0367488926521231
20,1,-3.983338853768813
21,1,-4.016711177808529
22,1,0.990312875383109
23,1,1.018210596495343
24,1,0.8478626383642415
25,1,0.7908416789617192
26,1,0.8710529418047122
27,1,-4.14410973673732
28,1,0.9043504607116145
29,1,0.74752988562796
30,1,0.8817922283291774
31,1,0.794625749985549
32,1,1.037589450472783
33,1,0.9588207012843907
34,1,1.115051259015363
35,1,0.9598632031448328
36,1,0.9186497517844033
37,1,0.9883709940703777
38,1,1.019473369794359
39,1,-4.078191196930275
40,1,0.88389250099067
41,1,0.8735575422211145
42,1,1.1663752470009086
43,1,1.0798658060855129
44,1,0.888806756620373
45,1,1.1619649400150942
46,1,1.0471901547742508
47,1,1.1634472480418379
48,1,0.8835114107835805
49,1,0.9301930038488411
50,1,-3.881648414706946
51,1,1.0923899497747092
52,1,0.8874271893471963
53,1,-3.7608853379569194
54,1,0.9981037386044536
55,1,1.1303822704297908
56,1,0.9233366767381885
57,1,0.8600034170684159
58,1,1.1298685588993505
59,1,0.8939580066743907
60,1,0.9786837930064409
61,1,0.9850601057016899
62,1,1.0997180965391529
63,1,1.179339193131233
64,1,0.9600328365759162
65,1,0.9733245399577605
66,1,-3.929204967427051
67,1,-3.8157789371436723
68,1,1.1358832649282296
69,1,-3.8195298764141232
70,1,0.7840181293564668
71,1,1.199190377077763
72,1,1.0074363985656953
73,1,0.93260772635621
74,1,0.8963581484135563
75,1,1.0793547642316514
76,1,0.91643956693794
77,1,-4.046919579163788
78,1,1.0221213693966167
79,1,0.7886287771694733
80,1,-3.913644123298639
81,1,0.8266144837638056
82,1,0.9863491755028885
83,1,0.9690481400901616
84,1,-3.9559299374049983
85,1,0.939241825818493
86,1,0.9809815484495257
87,1,1.1034832826777419
88,1,0.84488942046596
89,1,0.9794918415144361
90,1,0.7283467243681441
91,1,-3.739214434647066
92,1,-3.8141459597718397
93,1,1.1093975593867198
94,1,0.7307357403486112
95,1,0.9839816138722459
96,1,-4.1234038911280795
97,1,0.9654638478046521
98,1,-3.977992716572132
99,1,0.9400689716772148
100,1,1.043139346178407
101,1,0.9501067206021009
