Individual,PC,score
1,1,1.983215092464671
1,2,0.16890213926681819
1,3,0.6296504888894525
1,4,-0.23285272296821027
2,1,1.9756473181484357
2,2,0.10692527745844668
2,3,-1.1834958272242682
2,4,0.21548264255203048
3,1,2.2419818646085825
3,2,0.5594586113198746
3,3,-0.13042993676298187
3,4,1.2132699686986295
4,1,2.1416904945331394
4,2,0.7262526096091925
4,3,-0.13000131650364838
4,4,0.9207200080941225
5,1,0.9217065791713654
5,2,-2.815664894878335
5,3,0.21846239722783592
5,4,0.02951007647292327
6,1,1.0149061195444349
6,2,-2.6040512386835513
6,3,0.289650492820011
6,4,0.07320523177707597
7,1,-0.8369427426084476
7,2,-0.0441657833320146
7,3,-1.020271864304015
7,4,0.830056041021852
8,1,-1.0206271513933771
8,2,0.023619477889667295
8,3,-0.4849586274731778
8,4,0.05131253098148141
9,1,2.0963452026888816
9,2,0.4880240870121997
9,3,-0.08028479576798461
9,4,0.9827875654852618
10,1,2.1921497777757395
10,2,0.7729378452478576
10,3,-0.10640543415444882
10,4,1.0135558805629297
11,1,-0.7764087034621154
11,2,0.1254309186298698
11,3,-1.2646395653107558
11,4,1.1398796941974934
12,1,-1.3685620251792974
12,2,0.16292465813734333
12,3,-0.5380674234307079
12,4,-0.5442783838689931
13,1,0.8242627005904544
13,2,-2.651465057144332
13,3,0.23231484768657645
13,4,-0.020061236398894382
14,1,-0.7123227294834042
14,2,0.725939182113765
14,3,0.9785330922172014
14,4,-0.1367127888964979
15,1,1.834064030551984
15,2,0.12166044636878341
15,3,-1.134971474660906
15,4,0.6076305732866409
16,1,1.7844228479053272
16,2,-0.2508576541822935
16,3,-0.6799004408236958
16,4,-1.4982939715163082
17,1,1.9700503850212032
17,2,-0.29220424666961275
17,3,-0.9393404691530806
17,4,-1.6442200188833764
18,1,1.729683387442465
18,2,-0.2911159202279438
18,3,-0.6862580500769185
18,4,-1.5926070230757772
19,1,1.7018659500416524
19,2,-0.2787452308754782
19,3,-0.9120102719620209
19,4,-1.5796761623153637
20,1,1.6236039698148799
20,2,-0.48499269629978164
20,3,-0.639060374042244
20,4,-1.1936663535141132
21,1,2.01219512811213
21,2,0.08883975811815147
21,3,-1.4966263382262783
21,4,0.7240507090700147
22,1,-1.0724556327386638
22,2,0.6372986523754018
22,3,0.9113973950260948
22,4,0.16680450360212867
23,1,-0.8959644441609331
23,2,0.21183503451613223
23,3,-1.125835871868251
23,4,0.5896902429900343
24,1,-0.7488989094863788
24,2,0.1942338629512432
24,3,-1.1673838577210656
24,4,0.8901323896975442
25,1,1.7442239653619613
25,2,0.01685140304260205
25,3,-1.1595972715194918
25,4,0.2042506039716095
26,1,-0.8182842914051948
26,2,0.03692944354115736
26,3,-0.04272908799797426
26,4,-0.11490387293325582
27,1,-1.1298715249019688
27,2,0.013073450892509325
27,3,-0.32603713119075406
27,4,-0.30319987701534584
28,1,-1.268256430406923
28,2,0.1385435546132737
28,3,-0.32125671478885687
28,4,-0.3876415646175716
29,1,-1.2125632443827992
29,2,0.03348875693994905
29,3,-0.3758630768956228
29,4,-0.21803512565329874
30,1,1.9812506948378759
30,2,0.42042517778488653
30,3,0.450551119175077
30,4,-0.27344546527952246
31,1,-0.7624447139858727
31,2,0.42677418711687437
31,3,-1.2265215761891612
31,4,0.9189657558468973
32,1,-0.6253763714761398
32,2,0.5188234801344245
32,3,0.6789132888941363
32,4,0.2635600615702594
33,1,-1.1255158266467034
33,2,0.15649235059974945
33,3,-0.24871439969676346
33,4,-0.4579009791754521
34,1,-0.9074445295540623
34,2,0.5428654681271311
34,3,0.7789312628800966
34,4,0.15820839839817066
35,1,-0.8625160065829766
35,2,0.0667232023489078
35,3,-0.2768218212517888
35,4,-0.13295176523766972
36,1,-1.2100799799660251
36,2,-2.4431511774036454
36,3,0.2587924138639879
36,4,0.4692935927945882
37,1,-0.7629194768648669
37,2,0.6997934136288902
37,3,0.8288846459204586
37,4,0.10977328670986042
38,1,-1.0527636383763859
38,2,0.05948831161116399
38,3,-0.25067466618826684
38,4,-0.2073626940023826
39,1,1.9309836722572293
39,2,-0.09433705393226138
39,3,-1.385782003063564
39,4,0.7250765677528825
40,1,-0.8914930053230901
40,2,0.09472443244355956
40,3,-0.28209064681956375
40,4,-0.37371729980216273
41,1,-0.7498631414647384
41,2,0.2058633422095044
41,3,-1.1144475425638305
41,4,0.998059675553914
42,1,-1.282359262163354
42,2,0.2494220409797304
42,3,-0.33099447160623907
42,4,-0.41535350366869667
43,1,-0.6455536543395254
43,2,0.6873697571560822
43,3,0.9810734470869646
43,4,0.0373503345402659
44,1,-0.6550097660687598
44,2,0.5564374969277868
44,3,0.9946384883303839
44,4,0.21895497728383168
45,1,-0.9740209380190736
45,2,0.6185523029282127
45,3,0.9879639109534879
45,4,0.10605188853652332
46,1,-1.1798016755426215
46,2,-2.4037221187374356
46,3,0.24852984877333886
46,4,0.5421826806774805
47,1,-0.7947032006312256
47,2,0.48994469208387126
47,3,0.7101435010073482
47,4,0.24748267403807614
48,1,-0.9155894743392129
48,2,-0.08742439178854251
48,3,-0.28364400285502983
48,4,-0.1124099734987508
49,1,-1.0307201879630437
49,2,0.07664824824207796
49,3,-0.35033801769669676
49,4,-0.36135259591645796
50,1,1.1274449349542386
50,2,-2.0052134821071705
50,3,1.3633789676591141
50,4,0.43303040760260425
51,1,-0.8504826231707289
51,2,0.49169775285866907
51,3,0.8852842477428442
51,4,-0.09594153184912703
52,1,-0.505488084178618
52,2,0.5506240363139356
52,3,0.7540047540479976
52,4,0.25808813798777924
53,1,-0.669795896956486
53,2,0.3950461511410521
53,3,0.6663116827966785
53,4,0.3041823318652392
54,1,-0.9866306470557287
54,2,0.22937657416515564
54,3,-0.3130930456736739
54,4,-0.27219601173255026
55,1,-1.4729297341349217
55,2,0.22224301505793953
55,3,-0.3352334553637121
55,4,-0.5885973802524708
56,1,-0.808020502411042
56,2,0.48588334050012283
56,3,0.8462523854342765
56,4,0.37598527711630636
57,1,-1.2625575176200854
57,2,0.2149540501695427
57,3,-0.44210976620752557
57,4,-0.4962562944635621
58,1,-0.5895175323897319
58,2,0.4243511457199159
58,3,-1.3104670773004494
58,4,0.9822908991113768
59,1,2.2463461773533617
59,2,0.47672532555275254
59,3,-0.2194342871141571
59,4,0.6870851897997758
60,1,-0.8151401571598141
60,2,0.45104520489825867
60,3,0.9785806953567604
60,4,0.18703647002873444
61,1,-0.8958147260441425
61,2,0.7289669016451761
61,3,0.7884370088145356
61,4,-0.014709034831295695
62,1,-1.2324033973852762
62,2,-0.17131153809434319
62,3,-0.41350538638222645
62,4,-0.43824949204861147
63,1,-1.0185293154410047
63,2,-2.4834920164001253
63,3,0.13755133844902911
63,4,0.5348902563777216
64,1,-1.1957549059653378
64,2,-2.5670711847631633
64,3,0.22276885035699848
64,4,0.25568712712322594
65,1,-1.1792983689921568
65,2,-1.8774352048953393
65,3,0.3846749433091821
65,4,0.07375752924131694
66,1,1.094117185913412
66,2,-2.2790972300810672
66,3,1.288049948984201
66,4,0.6670830082562554
67,1,2.0102914311232842
67,2,0.4739135904577223
67,3,0.16009888002229142
67,4,0.7911050493498166
68,1,1.8296828284256064
68,2,0.2970191269850457
68,3,0.4158872026537096
68,4,-0.27554459713951573
69,1,1.738358711266925
69,2,0.37463938105772265
69,3,0.6072955143311782
69,4,-0.4567271860463833
70,1,1.7713192957005264
70,2,0.43422204927588054
70,3,0.7392644084621967
70,4,-0.32764675362044465
71,1,-0.7155199061141954
71,2,0.4003220448952338
71,3,0.8297128834248922
71,4,0.30805853033716246
72,1,-1.2411683446332757
72,2,0.24998735278497364
72,3,-0.37811539841407976
72,4,-0.4581063119463915
73,1,-0.8709073796877669
73,2,0.10116701764196202
73,3,-0.18290230444041394
73,4,-0.2677440965006393
74,1,1.4156778641564434
74,2,0.25626970855552683
74,3,0.5503857048489881
74,4,-0.31687745946920154
75,1,-1.3430930621516168
75,2,0.004147290832790674
75,3,-0.6117478755996295
75,4,-0.35785954547432075
76,1,-1.2692593999690833
76,2,0.19319376377194447
76,3,-0.3206133514575636
76,4,-0.37285364958493344
77,1,-0.8140594762298686
77,2,0.789253590825178
77,3,0.8143666529202493
77,4,-0.09458578094503613
78,1,-1.187887711925203
78,2,-0.11543929039286448
78,3,-0.23537495521357468
78,4,0.0958066719413051
79,1,-1.3120693915454982
79,2,0.19462518164469647
79,3,-0.41959029747653237
79,4,-0.18189468671192363
80,1,-1.0899515074697697
80,2,0.12331533146615664
80,3,-0.09461530072599178
80,4,-0.3779108361840696
81,1,-0.6323591004384158
81,2,0.3593304006664806
81,3,-0.9363534428542258
81,4,0.5748822674536007
82,1,-0.799760344378061
82,2,0.840069954842817
82,3,0.9268626994220521
82,4,-0.060531451401309964
83,1,-0.8808974592417954
83,2,0.23657025977838816
83,3,-0.33038819801288005
83,4,-0.22947953714930477
84,1,-0.7877457674001612
84,2,0.627903885108091
84,3,0.8127866413895315
84,4,-0.11571891540724158
85,1,1.8459716562829376
85,2,0.3636326397450173
85,3,0.44793457879232884
85,4,-0.307844002771319
86,1,1.4497076137682456
86,2,0.15806663419870914
86,3,1.1192954875013978
86,4,-0.2622440654704836
87,1,2.0969800914599133
87,2,0.4363809820066006
87,3,0.6686290579211424
87,4,-0.23414422003027302
88,1,1.8238696075402856
88,2,0.5522477345585431
88,3,0.780297132801699
88,4,-0.16282198392221542
89,1,-0.8659225161402775
89,2,0.42589094110629766
89,3,0.7740975192525653
89,4,0.31688210460014127
90,1,1.7376293685331912
90,2,0.19788856685479783
90,3,0.7175499431528373
90,4,-0.2600249396439507
91,1,1.8881942016762274
91,2,0.19443037159063914
91,3,0.7059234202735405
91,4,-0.4063444206180209
92,1,2.025264823900157
92,2,0.2757089725745269
92,3,0.4617871767720403
92,4,-0.06447019155313154
93,1,-0.5493597006721951
93,2,0.6965099383216424
93,3,0.817828069332374
93,4,0.2396098220022089
94,1,-1.198729233490024
94,2,0.12959887486550434
94,3,-0.352389081339272
94,4,-0.42050278592059803
95,1,2.147877149829986
95,2,0.4667520629947561
95,3,-0.13680071132414015
95,4,1.0579970579148288
96,1,-1.2096897750775375
96,2,0.10491904913741254
96,3,-0.1865373568526868
96,4,-0.48247605317165326
97,1,-0.985977407050404
97,2,0.09268016249921439
97,3,-0.23543821539703802
97,4,0.008449203500428763
98,1,-1.3918381958248642
98,2,0.18929792313743846
98,3,-0.18535217553992997
98,4,-0.29866650181819043
99,1,1.6558800532658289
99,2,-0.20652037663046374
99,3,-0.7896376592916702
99,4,-1.5225868092998636
100,1,-1.402156777562945
100,2,-0.010321116489905092
100,3,-0.35179723288139
100,4,-0.3795644947911189
101,1,-1.28881363119778
101,2,0.3234135474383439
101,3,-0.366777492326258
101,4,-0.19744149776710276
