SNP_ID,PC,loading
63244,1,-0.019578401810682457
63244,2,-0.03150907158979032
63244,3,-0.005243623699476108
63244,4,-2.8752442598045435e-4
63244,5,0.031187779356159753
63244,6,0.008596421879814617
63244,7,-0.0253726023822337
63452,1,-0.00308833748681662
63452,2,-0.011852183732347338
63452,3,0.0022520879039801115
63452,4,0.005620627192741808
63452,5,0.005867611301229994
63452,6,-0.026140488810210683
63452,7,0.007666398211937275
63799,1,-0.033279368460553224
63799,2,-0.09732034747711711
63799,3,0.007279429751200157
63799,4,-0.028568966935358403
63799,5,0.009065343919930649
63799,6,-0.01821562441331017
63799,7,0.012196594467095928
63967,1,-0.0011315717753293106
63967,2,-0.010007955878837285
63967,3,0.005292874643987615
63967,4,-0.008269957730232196
63967,5,-0.013215549351649251
63967,6,-0.007564972234374189
63967,7,0.019171976670121427
65288,1,-0.01904803290713587
65288,2,-0.06881196680313463
65288,3,0.01666794949373336
65288,4,-0.02389565749155038
65288,5,0.006758558642590725
65288,6,-0.01768079624161065
65288,7,0.04471955448534071
67486,1,0.0027804923370820947
67486,2,0.0029135939499771715
67486,3,-0.015721065318476845
67486,4,2.1482195573353663e-4
67486,5,-0.05156861744911394
67486,6,0.03463302018186663
67486,7,0.03660212726829576
68749,1,-0.005091644667942701
68749,2,-0.005782902197792358
68749,3,-0.015877975193532137
68749,4,-0.0038765374769144044
68749,5,-0.02684267567057062
68749,6,-0.0170162009400626
68749,7,0.029569420903135264
69094,1,0.010037999041803464
69094,2,-0.03284187626909343
69094,3,0.001043372874486836
69094,4,-0.009269592336826714
69094,5,0.08451718055064454
69094,6,-0.04497796523093452
69094,7,-0.009413857860267605
69408,1,-0.012417237891009889
69408,2,-0.06045951279564346
69408,3,-0.0054349115982620785
69408,4,-0.011536790213696106
69408,5,0.009895209878455883
69408,6,0.024547469819134554
69408,7,0.05008970070709717
70980,1,0.003300379158991027
70980,2,0.006311140619438681
70980,3,0.004041414898520225
70980,4,-0.006151625183252192
70980,5,-0.1179920894247565
70980,6,0.001673984727550639
70980,7,-0.03617829730881184
72719,1,0.04066926930812503
72719,2,0.007173131821599814
72719,3,0.02711010529329613
72719,4,0.0377859905203877
72719,5,0.06179109201317135
72719,6,0.010842994957588482
72719,7,0.09418108692939162
72892,1,0.006852152361488346
72892,2,0.015931380659936014
72892,3,-0.0019768900359267805
72892,4,-0.005258745082043081
72892,5,-0.10729233501338731
72892,6,0.0054443739068758285
72892,7,-0.013736847229755397
73858,1,-0.026078246107600008
73858,2,0.01687404984923707
73858,3,-0.00957186750522538
73858,4,0.02925794418773518
73858,5,0.01764282152280984
73858,6,0.018211358345687188
73858,7,0.010750361671715742
74347,1,0.013300779247072932
74347,2,0.031743390746828325
74347,3,-0.11206219479737678
74347,4,-0.023477598212239405
74347,5,0.031345294991871164
74347,6,-0.08194129925208475
74347,7,-0.1001676570178266
75230,1,-0.02780964023094478
75230,2,0.024807711474975777
75230,3,0.001917331864386822
75230,4,-0.028920241839894223
75230,5,-0.019051317753026452
75230,6,0.05152841118373546
75230,7,0.024200299558069273
75254,1,0.01996454570680298
75254,2,0.05392920642357847
75254,3,0.07515045885856739
75254,4,0.011391813184908879
75254,5,0.03861431888376368
75254,6,0.1015022030993148
75254,7,0.15373456070560296
77816,1,0.010014749570252258
77816,2,0.008793294845430571
77816,3,-0.03479289890820162
77816,4,-0.0513227161991983
77816,5,0.04351626492195738
77816,6,2.51152180706652e-4
77816,7,0.057220769741584736
79234,1,0.0015310322432082522
79234,2,-5.280695596692251e-4
79234,3,0.03932421971274289
79234,4,0.009845439294238879
79234,5,-0.002754782529734471
79234,6,0.06793551362068098
79234,7,0.10864816234666329
80071,1,-0.0037335356212216337
80071,2,-0.007105539115211083
80071,3,0.058926560179459665
80071,4,0.020010127082868315
80071,5,0.03246870135754294
80071,6,0.07785427058104086
80071,7,0.12813124743070287
80183,1,0.011836759252362463
80183,2,0.007987134369493339
80183,3,-0.020342522442303872
80183,4,-0.021083956943680007
80183,5,0.04241069815452853
80183,6,-0.016876674095247575
80183,7,0.030567966145023943
80481,1,0.006623421016791571
80481,2,0.007858974086864813
80481,3,-0.0016904877425484022
80481,4,-0.004927109860371988
80481,5,-0.1315149333560464
80481,6,-0.009524712873508229
80481,7,-0.013646804669843644
80728,1,0.012127637141648592
80728,2,0.012800690337897653
80728,3,-0.03468003463123078
80728,4,-0.048299217002698784
80728,5,0.06079754596034389
80728,6,-0.02441317035371985
80728,7,0.06376364637602798
81979,1,-0.07289268018266025
81979,2,0.03858733217512477
81979,3,0.011787365567715083
81979,4,-0.054156566097992506
81979,5,-0.029264305663605623
81979,6,0.12684639744758544
81979,7,0.23563259432290862
81982,1,-0.007364995505635541
81982,2,0.0032001849610477904
81982,3,0.003814964246093108
81982,4,0.004843303937575151
81982,5,0.0027774761129668404
81982,6,-0.012080312796884056
81982,7,-0.05943670231149885
82012,1,0.014168113615704093
82012,2,-0.005692028173425257
82012,3,-0.052332311555177737
82012,4,-0.05187097996679467
82012,5,0.051658470968147394
82012,6,-0.09070436365096726
82012,7,0.0118460142849037
82074,1,0.019116286596108596
82074,2,0.012797014700452691
82074,3,-0.09069453234506947
82074,4,-0.023657251859741515
82074,5,-0.020569580974904578
82074,6,-0.12371787468960393
82074,7,-0.12129074802728078
82079,1,0.022217402379697836
82079,2,0.010156246818147622
82079,3,-0.08907630042570806
82079,4,0.007951353837730563
82079,5,0.0016840748368514668
82079,6,-0.08039267088837733
82079,7,-0.12136150548361305
82139,1,-0.07698829417896258
82139,2,-0.009197999755129532
82139,3,-0.01728950818468127
82139,4,-0.041039748593211356
82139,5,-0.011864785440512867
82139,6,0.13337056892932075
82139,7,0.11683760292482587
82146,1,-0.06916165802744906
82146,2,-0.027973552022807338
82146,3,-1.510741579725742e-4
82146,4,-0.040194529946638066
82146,5,-0.02227157348097341
82146,6,0.18800645203391647
82146,7,0.16798061137751463
82204,1,-9.236288839103026e-4
82204,2,-0.0038833689399395566
82204,3,-0.0013667297873429345
82204,4,-0.003772189261652696
82204,5,0.009071234700050144
82204,6,0.002299876880538772
82204,7,-0.006728127592602865
82209,1,0.0038254698501087947
82209,2,0.0035201743107484726
82209,3,-0.053824795961484456
82209,4,-0.03608280517733343
82209,5,-0.0408154670410759
82209,6,-0.071258256447081475
82209,7,-0.09193974163706595
82215,1,0.05412484095172034
82215,2,0.0022827279267028868
82215,3,0.033374552442129723
82215,4,0.041296029655861995
82215,5,0.06848375169138753
82215,6,0.00798654936970453
82215,7,0.09387514600474149
82216,1,0.009001304310817998
82216,2,0.006045614942829244
82216,3,-0.0517916160747807
82216,4,-0.03597332526955785
82216,5,-0.044299775034262516
82216,6,-0.0639815617211391
82216,7,-0.12057239666903835
82217,1,0.004919480117225635
82217,2,-0.0044751854890554
82217,3,0.020851934236899048
82217,4,0.006075495929293912
82217,5,-0.02241929323746117
82217,6,0.022421602362428
82217,7,0.09990446744482993
82220,1,0.009221005064604307
82220,2,0.007320689783365351
82220,3,-0.058521027334427114
82220,4,-0.032665545465073345
82220,5,-0.035781332098071814
82220,6,-0.06583231346811229
82220,7,-0.08127810838170486
82223,1,0.007530191315227034
82223,2,-0.010523107859260953
82223,3,-0.0019014657834691099
82223,4,0.0030212867588597023
82223,5,0.01164785971117705
82223,6,0.005859030092070067
82223,7,-0.001355176549180767
82701,1,0.08216791915880477
82701,2,0.025459772613963
82701,3,0.12104473142737225
82701,4,0.04257987855720975
82701,5,0.08540777297422844
82701,6,-0.006079011975353243
82701,7,0.010226534236556142
83196,1,0.03186352281177597
83196,2,0.013719252470008913
83196,3,0.08029030483866219
83196,4,0.022079059103372448
83196,5,-0.0022929895891691684
83196,6,-0.02925242730723493
83196,7,-0.06394144245450918
83275,1,8.027434801064362e-4
83275,2,0.015347856151713083
83275,3,-0.031274398574662896
83275,4,-0.019204745791527335
83275,5,-0.049728340649854694
83275,6,-0.0672292384974697
83275,7,-0.06076815013647369
87023,1,0.00869935239129751
87023,2,-0.009489591181710428
87023,3,0.013641841078314376
87023,4,0.00950661693818207
87023,5,0.008624584823021452
87023,6,-0.0023407747088571153
87023,7,0.021755899614209973
87111,1,5.22874778323233e-4
87111,2,0.006445769352056104
87111,3,0.016411561234345447
87111,4,-0.0022058853587902214
87111,5,-0.007310169274506647
87111,6,0.009630435747968626
87111,7,0.011054236843478388
87112,1,-0.06818013729566258
87112,2,-0.034558647954303294
87112,3,0.004401714113080166
87112,4,-0.03331308369414682
87112,5,-0.020973732813092942
87112,6,0.19975582264168204
87112,7,0.1323405703951856
87416,1,-0.0019341237760698677
87416,2,-0.00890023495672537
87416,3,0.0318248468475761
87416,4,0.012096286464979998
87416,5,-0.0034087871919618773
87416,6,0.03416388279742033
87416,7,0.04342525536899693
87790,1,0.004308239744604315
87790,2,-0.008249186858532629
87790,3,0.009949353789369944
87790,4,-0.006970253354580811
87790,5,0.01351324972581062
87790,6,-0.03954254627225789
87790,7,-0.05609790711413743
88155,1,0.004016513524012073
88155,2,-0.012815036567610395
88155,3,0.0057751776094258096
88155,4,-0.0074400524502791455
88155,5,0.014828269206021925
88155,6,-0.017997489717361276
88155,7,-0.06440782264442552
88827,1,0.07603988899411154
88827,2,0.022656425444449835
88827,3,0.13128026385884495
88827,4,0.051759070554591474
88827,5,0.06442881692667356
88827,6,-0.03012340246147585
88827,7,0.009590755129581761
88924,1,0.007615247479383434
88924,2,0.008904176360997844
88924,3,0.002507997066725599
88924,4,-0.0025162448089074653
88924,5,-0.12689194166179107
88924,6,-0.004592414909875658
88924,7,-0.013880702914174481
90008,1,0.029363168722624615
90008,2,0.019319257264963342
90008,3,-0.10383992185840224
90008,4,-0.07148865071786026
90008,5,0.0237223087516008
90008,6,-0.10887572344775744
90008,7,-0.06639238251876457
90570,1,-0.006035494279355827
90570,2,-0.014098574286432495
90570,3,0.008204921751615605
90570,4,0.00589576158151655
90570,5,-0.005221882397213919
90570,6,0.003990002971793042
90570,7,0.012994619419922464
90814,1,-0.020116791194178824
90814,2,0.011480461316447164
90814,3,0.007382779137854849
90814,4,0.004884560329213434
90814,5,0.011433401800938324
90814,6,7.141627724957775e-4
90814,7,0.029628247045484928
90984,1,0.08092796278339218
90984,2,0.019920389088301283
90984,3,0.13156267549787037
90984,4,0.04443758390088992
90984,5,0.06535877841611247
90984,6,-0.010883085189230387
90984,7,0.01830097542570868
91346,1,0.08052660220563068
91346,2,0.024948022449088794
91346,3,0.1264750059207192
91346,4,0.04957220099223657
91346,5,0.05562107315517377
91346,6,-0.02082380655329747
91346,7,0.005833815664356156
91707,1,0.030456547992063758
91707,2,0.017700798012210705
91707,3,0.08147896812004791
91707,4,0.019979983177496843
91707,5,0.008470612404579619
91707,6,-0.01686264137232666
91707,7,-0.06818019218501586
91716,1,0.025143020027872165
91716,2,0.010576541298092648
91716,3,0.0533893622047312
91716,4,0.022876121826701325
91716,5,0.00719355991675272
91716,6,-0.051089680880059336
91716,7,-0.0777766279163902
92366,1,-0.07323394832584404
92366,2,-0.025893671625354955
92366,3,0.0407545112931325
92366,4,-0.05243698531796359
92366,5,-0.04606227867810773
92366,6,0.20499733099051526
92366,7,0.070547693188401
92865,1,0.007360941213591211
92865,2,0.007409994097674918
92865,3,-0.002445735580447192
92865,4,-0.00673042799734309
92865,5,-0.10469947297758055
92865,6,-0.014007777950649978
92865,7,-0.011593882946669885
92891,1,0.006877039434830469
92891,2,0.002411157172867815
92891,3,-0.0052079117569591845
92891,4,0.006227513349308404
92891,5,-0.1237502281254409
92891,6,-0.012942175778822812
92891,7,0.006446372180612114
93298,1,0.0029842476922358413
93298,2,-0.006164521374000737
93298,3,0.0023127328768746676
93298,4,0.001363461521506498
93298,5,0.014835103057686143
93298,6,0.02603472596914472
93298,7,-0.017509408151777803
93440,1,0.07463170194821298
93440,2,0.021483501209034743
93440,3,0.1469762228145213
93440,4,0.05127647433435017
93440,5,0.033286473135129814
93440,6,0.0031761812877934476
93440,7,0.003244297165578052
93499,1,0.003098154502395378
93499,2,4.481797679964643e-4
93499,3,-0.007163566855571226
93499,4,-0.0014663674084140121
93499,5,-0.11864177498368217
93499,6,-0.005615352790788107
93499,7,-0.00136433744805306
93684,1,0.0046831686244135865
93684,2,-0.003829794933420079
93684,3,-0.018842079223187123
93684,4,0.007713395294607479
93684,5,-0.1028467169237747
93684,6,-0.015336281976216334
93684,7,0.002832639499402578
93718,1,0.00731759253411082
93718,2,-0.0030547925270036445
93718,3,-0.013355279393686382
93718,4,0.0019134413704475733
93718,5,-0.11250413805335052
93718,6,-0.006744307253739023
93718,7,0.0048275423984873184
93739,1,0.0031851802350331077
93739,2,7.320090571341206e-4
93739,3,-1.1037756532999164e-5
93739,4,-0.003245085443503681
93739,5,-0.09535058959349457
93739,6,-0.00035781523539670515
93739,7,0.02552699720889646
93863,1,-0.027477656802930673
93863,2,0.017414573833255325
93863,3,0.018749374977869885
93863,4,-0.05203271454827273
93863,5,-0.06246105578733805
93863,6,0.11618043298916611
93863,7,0.15206574544694862
93931,1,0.07511215471737927
93931,2,0.017542885203565062
93931,3,0.1507357189602533
93931,4,0.055273080939471884
93931,5,0.030115782162301753
93931,6,-0.015308026239385094
93931,7,-0.010787491056211348
94091,1,0.004441703743408258
94091,2,-0.0019812761802371404
94091,3,-0.014488272911829778
94091,4,-0.001355683319149819
94091,5,-0.10789805808134594
94091,6,-0.0027912945082998663
94091,7,-0.00665190486391103
94528,1,0.002228785694650948
94528,2,6.623382518311443e-5
94528,3,-0.005884733768571992
94528,4,0.003478456468808888
94528,5,-0.11597279542124632
94528,6,0.009062696435903496
94528,7,0.00570209580544595
94592,1,-0.0016302302147771098
94592,2,0.0028249509905025377
94592,3,-0.019722859066936757
94592,4,-0.003463832754880538
94592,5,-0.10828118985831724
94592,6,-0.006062898951314903
94592,7,0.0034001548854717388
94952,1,0.058985415181573866
94952,2,0.01312954224184961
94952,3,0.11834203901862674
94952,4,0.06429313843837359
94952,5,0.031941620248754375
94952,6,-0.009520549022196477
94952,7,-0.003819837685915739
95052,1,0.0025746269842887412
95052,2,0.005021802080137433
95052,3,-0.011059612129741233
95052,4,0.003555946068928349
95052,5,-0.0930741650002929
95052,6,0.003204976412747362
95052,7,-0.0028208279991669186
95093,1,0.004225886022254551
95093,2,0.002164060525665969
95093,3,-0.006413338816127657
95093,4,0.008374777995619996
95093,5,-0.11518126620395887
95093,6,-0.014545796471721417
95093,7,-0.010552403082694785
96166,1,0.004395593621125277
96166,2,-0.002538919515465806
96166,3,-0.018587412238858955
96166,4,-0.0020570746121405213
96166,5,-0.11448788275319105
96166,6,-0.0015760914146585154
96166,7,-3.4242309854305903e-4
96923,1,-0.018519658998916635
96923,2,0.0056639366255664516
96923,3,-0.011090413269817563
96923,4,0.034091305862872553
96923,5,0.014136751690694237
96923,6,0.011703875065048755
96923,7,-0.06216674349146692
96931,1,0.06889207602756416
96931,2,0.014864991025678332
96931,3,0.11592501742685762
96931,4,0.06450896340085642
96931,5,-0.0913325838484129
96931,6,-0.017484184880036027
96931,7,-0.0018788567652506894
97122,1,0.0611896741432556
97122,2,0.006947252106213901
97122,3,0.12063970955581496
97122,4,0.05455779355083557
97122,5,0.026783271437693414
97122,6,0.012895178998857726
97122,7,0.0069884855369125734
97394,1,0.07037416749618824
97394,2,0.012582625127315089
97394,3,0.1060692928442034
97394,4,0.06264572872671957
97394,5,-0.06957235728603067
97394,6,0.005666931497909713
97394,7,0.004358873372763627
98930,1,0.05974909843574182
98930,2,0.01496628041115957
98930,3,0.12256543745051753
98930,4,0.07589474243469778
98930,5,0.03285358675191821
98930,6,0.011303121593407933
98930,7,0.029446509964333414
99667,1,0.020775859106285932
99667,2,0.008207348754076874
99667,3,0.03899947698996652
99667,4,0.03187690786994311
99667,5,0.04041732715317828
99667,6,-0.03920492871312261
99667,7,-0.029367327916488904
99801,1,2.806303212534525e-4
99801,2,0.0056458541313131995
99801,3,-0.01110235229754253
99801,4,0.0011491438935818143
99801,5,-0.10607165808294403
99801,6,-0.0171051874376199
99801,7,0.015756164977294686
99907,1,-0.01570985586912221
99907,2,0.014165622690268718
99907,3,-0.001224238355520775
99907,4,0.007055853114492727
99907,5,0.0022702106978291304
99907,6,0.0036914344047737236
99907,7,0.034062700426687964
100184,1,0.002245778682797464
100184,2,5.737229380102648e-4
100184,3,-0.010356980324405664
100184,4,-0.005369716126537289
100184,5,-0.09520778142032627
100184,6,-0.020551534341915347
100184,7,0.011978641732999553
100272,1,0.0056721825093561055
100272,2,0.002648617734479948
100272,3,-0.008259903189095523
100272,4,0.001304296034996781
100272,5,-0.09949154604899432
100272,6,-2.694122090038469e-4
100272,7,-0.01588793090706175
100495,1,0.004565503693202553
100495,2,-2.4483821337356186e-4
100495,3,-0.00841340188327052
100495,4,0.002743488207008269
100495,5,-0.08763277687285176
100495,6,-0.0017852423434372865
100495,7,0.0036607509320194507
100505,1,0.007970211968948027
100505,2,0.001550275061764463
100505,3,-0.010691720414058362
100505,4,0.00995323396979068
100505,5,-0.11228500364187337
100505,6,0.005327063650553823
100505,7,0.009567084437902254
100699,1,0.07954624874055684
100699,2,0.025556450425908362
100699,3,0.15065048377338716
100699,4,0.05442535985528012
100699,5,0.02543500376238133
100699,6,-0.00943749230226984
100699,7,2.924591409287816e-4
100904,1,0.006393583130206365
100904,2,0.00807024504296749
100904,3,-0.006108905104387484
100904,4,0.006772640108462034
100904,5,-0.1007425246978144
100904,6,-0.0034504583687082653
100904,7,0.01584081122632776
101362,1,0.04255965291199568
101362,2,0.03563689798866085
101362,3,-0.11023325321849256
101362,4,-0.06089708520859085
101362,5,0.062285730296444616
101362,6,-0.07596374438029879
101362,7,-0.035999347892233656
101905,1,-0.006975706353383884
101905,2,-0.005665030287210225
101905,3,-0.004340380649656675
101905,4,-0.014627657426683292
101905,5,0.0036625554198015486
101905,6,0.0032650832221719148
101905,7,-0.006066569021886484
102181,1,0.0765861612983331
102181,2,0.02278653831179838
102181,3,0.1408584417831088
102181,4,0.04949651355128397
102181,5,-0.0703607595192732
102181,6,-0.0015742521364128525
102181,7,-0.00746247876071951
102205,1,0.004506535309703431
102205,2,-0.0014151084872750675
102205,3,-0.010584299431898467
102205,4,-0.006147179526583543
102205,5,-0.1072938534879836
102205,6,-0.008001144820696585
102205,7,0.0014882536934047266
102799,1,0.07380356109686444
102799,2,0.02172052942935539
102799,3,0.14678864995305546
102799,4,0.048825721294863726
102799,5,0.030803162663189526
102799,6,-0.005920505491505773
102799,7,-0.022876102280441308
103517,1,0.07821046811366912
103517,2,0.02863724269078199
103517,3,0.1445567091939866
103517,4,0.06023578342196018
103517,5,-0.05886680513829159
103517,6,-0.0029445641313151864
103517,7,0.0033290908918561664
103642,1,0.0048274230278160385
103642,2,-0.0037087195248328344
103642,3,-0.006682578593079582
103642,4,-5.463480629127922e-4
103642,5,-0.11002382576489324
103642,6,-0.00950648319378077
103642,7,0.015746662737568272
104520,1,0.004890531740472171
104520,2,0.003838089491403489
104520,3,-0.016046742211911096
104520,4,-0.0060921182844095425
104520,5,-0.10041898983538529
104520,6,-0.0029866207222254185
104520,7,0.010677622776485932
104899,1,0.0733402252334891
104899,2,0.019020898354749773
104899,3,0.16082716501310432
104899,4,0.05665858047548198
104899,5,0.051861973606370654
104899,6,-0.007911410247968247
104899,7,-0.028857555611614377
106635,1,0.07942273116960591
106635,2,0.027941210364322334
106635,3,0.14452118158346539
106635,4,0.06100819951247452
106635,5,-0.0671963337307451
106635,6,-0.007525971942830803
106635,7,-0.025082275282274278
106805,1,1.333283138819085e-4
106805,2,-5.884953514637936e-4
106805,3,-0.012599467743448514
106805,4,-8.046600740757454e-4
106805,5,-0.0960678297332167
106805,6,0.006419985257490224
106805,7,0.0058819214665790445
107157,1,0.010180147020242288
107157,2,0.008539080923237316
107157,3,0.004524651094954604
107157,4,0.004177284862305375
107157,5,0.0028732441714023568
107157,6,-0.0022858517707610624
107157,7,-0.004696821022233596
107457,1,0.0046033820859279284
107457,2,0.0017503020507073101
107457,3,-0.005122983942824567
107457,4,0.0104108208159144
107457,5,-0.12102159298336983
107457,6,-0.010972069190988937
107457,7,0.0026597810467510153
107613,1,0.0047369691465518095
107613,2,0.005329237264827453
107613,3,-0.00698587625919629
107613,4,0.001276296063069466
107613,5,-0.12489416338100176
107613,6,-0.013606917049271692
107613,7,-0.007375747241279021
107629,1,0.005365123976111481
107629,2,0.004584841916212067
107629,3,-0.007499045053305355
107629,4,-0.001360214168735065
107629,5,-0.093939620287349
107629,6,-0.009009645930758309
107629,7,-0.001535869784787979
108187,1,0.0032993462481054696
108187,2,0.004494884562902914
108187,3,-0.013274612459622886
108187,4,-0.0011982174857009954
108187,5,-0.12763843995817153
108187,6,0.005190908397564979
108187,7,-0.010574715624263294
108286,1,0.0755850515494512
108286,2,0.02631124987473317
108286,3,0.1477936072454993
108286,4,0.05002933853000691
108286,5,0.04219165976927843
108286,6,0.001240531136050734
108286,7,-0.00800921140041159
108949,1,0.009877033673838317
108949,2,-0.0045591099722543165
108949,3,-0.01852680703079687
108949,4,7.712914852119649e-4
108949,5,-0.12467686903175988
108949,6,-0.011957354702569456
108949,7,-0.004082032600754482
108958,1,-0.07269511777120463
108958,2,-0.02827066485497494
108958,3,0.0279832375363452
108958,4,-0.050596626697608116
108958,5,-0.05793254494204534
108958,6,0.2232885520189665
108958,7,0.11289185420115234
109272,1,0.0030370294677649415
109272,2,-0.0018703796160533604
109272,3,-0.0049313940931904245
109272,4,-0.0029650666375677158
109272,5,-0.12834758464207208
109272,6,0.006508802331204713
109272,7,0.005159780335892371
109288,1,0.005987168065913595
109288,2,0.002384917307366293
109288,3,-0.006316499417627945
109288,4,6.73941204857849e-5
109288,5,-0.11308776138483868
109288,6,-0.0046773132206301676
109288,7,0.009762744954943049
109377,1,0.030924108584891134
109377,2,-0.009072205052888355
109377,3,0.038898676488693766
109377,4,0.048466739664833135
109377,5,0.02543138309582385
109377,6,0.03563285224703565
109377,7,0.09941285707665451
110058,1,0.07749557295986367
110058,2,0.02313453845717922
110058,3,0.14593665792010707
110058,4,0.05229975784320748
110058,5,0.03580448629291571
110058,6,-0.007573086406079762
110058,7,-0.001254031587906963
110098,1,0.0787030993485616
110098,2,0.020425788275306108
110098,3,0.13572760974913306
110098,4,0.055974478298513514
110098,5,-0.07390347327459926
110098,6,-0.005662818453152471
110098,7,-0.006829773678928139
110761,1,0.01195877821658891
110761,2,0.008898850891616574
110761,3,0.028381979046000875
110761,4,-0.005877468391579318
110761,5,0.00435562838308195
110761,6,5.076001752003512e-4
110761,7,-0.004300870005981802
110771,1,-0.007389420006615887
110771,2,-0.03204153542856336
110771,3,0.028486535245533403
110771,4,-0.005706058481206649
110771,5,-0.0022510440255004535
110771,6,-0.01795042088929797
110771,7,0.018950928013592827
112877,1,0.04558623116101385
112877,2,0.03062003662029653
112877,3,-0.11460606503621834
112877,4,-0.07462356160114722
112877,5,0.07769960081564478
112877,6,-0.06733289701523658
112877,7,-0.01698080116588513
113620,1,-0.01095532074781439
113620,2,-0.03667655632877986
113620,3,0.008924703160648991
113620,4,7.101223314491665e-4
113620,5,-6.597484064113883e-4
113620,6,-8.115568435578736e-4
113620,7,-0.020440911911959084
116465,1,3.599541008904674e-4
116465,2,0.002162298591039184
116465,3,0.0029440904600237404
116465,4,0.004480239679664659
116465,5,-0.1175082739929719
116465,6,0.019383476758956093
116465,7,0.01885782296945804
116787,1,0.07781708718374669
116787,2,0.026114552210336792
116787,3,0.13526604516194488
116787,4,0.06158296800085992
116787,5,-0.06989186812112627
116787,6,4.835038358579724e-4
116787,7,-0.02118947658014054
118008,1,0.005789192740729011
118008,2,0.010957244430508403
118008,3,-0.0012887268853073257
118008,4,0.008528814022273025
118008,5,-0.12407410984034686
118008,6,-0.015619986476946386
118008,7,0.005386728109271933
118034,1,-0.013050328084309582
118034,2,-0.047718563398329444
118034,3,0.016431016020929824
118034,4,-0.0011634135968839915
118034,5,0.0029616169847368396
118034,6,-0.024444196905368695
118034,7,0.053110013946398034
118087,1,0.003181637365111606
118087,2,0.0016191068647284158
118087,3,-0.007538316150360553
118087,4,-0.0071423686410008085
118087,5,-0.09234386854174233
118087,6,0.012530424803608005
118087,7,0.006244807555669725
118150,1,0.010036922184098889
118150,2,5.43780283637194e-4
118150,3,-0.019631843277109123
118150,4,0.006673548641935063
118150,5,-0.10312003580362712
118150,6,0.011246403622057775
118150,7,0.005146802806173211
119730,1,0.0021844399091687874
119730,2,2.1957821369610978e-5
119730,3,-0.01463007823338735
119730,4,-0.0052189663585645585
119730,5,-0.11593066295463365
119730,6,-0.010935792307677588
119730,7,0.007445440554596222
120093,1,0.004499454281656449
120093,2,0.001858473711359532
120093,3,-0.01323802698059314
120093,4,-0.0024281730786082562
120093,5,-0.10389178144795805
120093,6,-6.696316287272793e-4
120093,7,-0.016459326980689512
120127,1,-5.708449657033219e-4
120127,2,0.004309402943426201
120127,3,-0.007886582789889298
120127,4,0.007342019755592805
120127,5,-0.11734744066928457
120127,6,-0.0012744272396229028
120127,7,-0.003592720315175494
120471,1,0.06261772033509394
120471,2,0.012886447611625147
120471,3,0.1275206569108241
120471,4,0.057891032957871964
120471,5,-0.07883082130822469
120471,6,-0.03554017338820644
120471,7,-0.02902749633461229
121310,1,0.07554501483615138
121310,2,0.017666805299649087
121310,3,0.15073487373966019
121310,4,0.047710710528575284
121310,5,0.03762787025121951
121310,6,-0.025055190677579036
121310,7,-0.02715032059135212
121470,1,0.0023976273113960164
121470,2,2.774382710895597e-4
121470,3,-0.01093917339410698
121470,4,0.011426958957686698
121470,5,-0.09647518312499483
121470,6,0.0034317671999981
121470,7,-0.0039724442481131675
121478,1,0.07503649756250659
121478,2,0.01640956884092812
121478,3,0.14484157464248118
121478,4,0.05153834215556094
121478,5,-0.06608217068754663
121478,6,-0.017238074331585872
121478,7,0.0047456072947092195
121824,1,0.07877371796822887
121824,2,0.014566981265029729
121824,3,0.15210009073477054
121824,4,0.05442175832025551
121824,5,-0.0828745913974693
121824,6,0.006671623891229747
121824,7,-0.004319181425734027
121976,1,0.08233917790125271
121976,2,0.010925758356786596
121976,3,0.13879453680298237
121976,4,0.055009443223069485
121976,5,-0.08761881503819544
121976,6,-0.017959102694161573
121976,7,-0.01701185184325622
122508,1,0.07658079443058106
122508,2,0.017184253250107213
122508,3,0.15277364549339964
122508,4,0.05895430715690149
122508,5,0.03886879354639525
122508,6,-0.014774251489529235
122508,7,0.004362445209524737
124302,1,0.07173278866724266
124302,2,0.01782812857869111
124302,3,0.14423825127367026
124302,4,0.05541670043490737
124302,5,-0.07074377727024625
124302,6,-0.012600849590273699
124302,7,-0.020881588995661306
124412,1,0.07594615562014295
124412,2,0.013611312030858505
124412,3,0.13450190110999605
124412,4,0.05154694205086717
124412,5,-0.06645807877877438
124412,6,-0.015848956062130555
124412,7,-0.003629863101991853
124431,1,-0.0024846006516737063
124431,2,-0.002010247436768388
124431,3,-0.004488960472287046
124431,4,-0.02184433779469291
124431,5,0.00984654477061137
124431,6,0.007916930239207807
124431,7,0.046578594455964135
125121,1,-0.07225746226262753
125121,2,-0.030695956879529182
125121,3,0.029366643271126692
125121,4,-0.039032790141825396
125121,5,-0.03123483773880669
125121,6,0.19337081813875662
125121,7,0.11553902586278943
125538,1,0.07215741597242688
125538,2,0.019496833861914507
125538,3,0.14888183238912736
125538,4,0.05426100414159387
125538,5,0.029900252731026505
125538,6,-0.005875105560086888
125538,7,-0.010724017558925525
126149,1,0.007527577580628001
126149,2,7.383127200973978e-4
126149,3,-0.016547561063671917
126149,4,0.003319423496265977
126149,5,-0.10170468174624722
126149,6,-0.010175191794540926
126149,7,0.00418110085173017
126516,1,-4.593032528044815e-4
126516,2,-0.001408501592412231
126516,3,-0.011965785904593029
126516,4,-0.014511002981147901
126516,5,0.001083925842960145
126516,6,-0.022391439782099867
126516,7,0.03799565038177033
126529,1,0.06652483019877513
126529,2,0.026772724588912264
126529,3,-0.029255075104929168
126529,4,-0.051491822878964186
126529,5,-0.014667191320359041
126529,6,0.04272944854343883
126529,7,-0.1411832673896296
126600,1,0.07357556125093173
126600,2,0.005765188285205054
126600,3,-0.01309943186454769
126600,4,-0.06291567764010367
126600,5,0.006400388562605385
126600,6,0.12307573317924626
126600,7,-0.1039414154291287
126614,1,0.07501230974502145
126614,2,0.011318685556767377
126614,3,-0.0039821952079457865
126614,4,-0.05384879141335754
126614,5,-0.015335414773506723
126614,6,0.14520136404753867
126614,7,-0.11875170424631425
126730,1,0.07358816658113246
126730,2,0.008344323914630445
126730,3,0.0023083727682746804
126730,4,-0.055900073904713875
126730,5,0.01536191546336876
126730,6,0.1206251900974662
126730,7,-0.12105931196014799
126760,1,0.06454552450275068
126760,2,0.007627020573869828
126760,3,-0.011263597788147457
126760,4,-0.07240590728170729
126760,5,0.006601610165499598
126760,6,0.11069266795035837
126760,7,-0.048426498681586945
126923,1,0.0680163505270275
126923,2,0.013115737393110838
126923,3,-0.015167503545940904
126923,4,-0.0651972269273956
126923,5,-0.003139986034801428
126923,6,0.11304059657377837
126923,7,-0.09987552446630754
126930,1,0.06864053708377972
126930,2,0.013233598917811857
126930,3,1.9320956149854613e-4
126930,4,-0.06677890104771338
126930,5,0.014025495322397519
126930,6,0.11507104201102962
126930,7,-0.10952515902383943
126971,1,0.012469557608605334
126971,2,0.01687636175000654
126971,3,-0.022363931952834187
126971,4,-0.023952018079895835
126971,5,0.03654762860530683
126971,6,-0.04125220418496306
126971,7,0.040877211020447134
127194,1,0.034475323719035195
127194,2,-0.014483752727613125
127194,3,0.040926384806896025
127194,4,0.02984876740353668
127194,5,0.03150617997785936
127194,6,0.05277915292590363
127194,7,0.07335328581478014
127720,1,0.0721157611881728
127720,2,0.007163061143033685
127720,3,-0.0020490547900377442
127720,4,-0.06745982443895258
127720,5,-0.01483303381820374
127720,6,0.11810847377104247
127720,7,-0.11135940921111163
127952,1,-0.0131604863649864
127952,2,-0.011901503557222718
127952,3,0.013616016407280706
127952,4,-0.006401357929236118
127952,5,0.0186061436170919
127952,6,-0.038723735879362786
127952,7,-0.07984343866409624
128432,1,0.00171071376189989
128432,2,-0.00792904016836959
128432,3,-0.02264849990345508
128432,4,0.014326299170328816
128432,5,0.017310125736083093
128432,6,0.032647229757534355
128432,7,-0.08433986928284543
128713,1,0.0766287981767361
128713,2,0.013464608463614188
128713,3,-0.007327284140782136
128713,4,-0.051538685902649845
128713,5,-9.698101583952651e-5
128713,6,0.12055202892541743
128713,7,-0.12121534483647246
128863,1,-0.005654332339056997
128863,2,-0.007055796220920724
128863,3,0.015717329122004332
128863,4,0.006869984424963739
128863,5,-0.01204660060928409
128863,6,-0.05750770338020367
128863,7,-0.09973862102469
129063,1,-0.007923863048868595
129063,2,-0.004243752837838059
129063,3,0.00786352535422278
129063,4,-6.329024899634269e-4
129063,5,0.018163135421771486
129063,6,-0.052339633779692876
129063,7,-0.09537833684993988
129503,1,-0.005600366626168973
129503,2,0.007923072073217616
129503,3,0.009754912675516971
129503,4,-0.009700317380958069
129503,5,-0.012464694927821313
129503,6,-0.009506085562954713
129503,7,-0.031761290520343086
129635,1,-0.09404225303774302
129635,2,0.045425968144684005
129635,3,0.053077393696739486
129635,4,-0.06443100988498741
129635,5,-0.0013337722235773589
129635,6,0.029621363910710977
129635,7,0.04933981060417025
129864,1,0.07353566391656408
129864,2,0.008815295867040164
129864,3,-0.006234542080154691
129864,4,-0.05086243955566265
129864,5,-0.01019724976951974
129864,6,0.1325937641973777
129864,7,-0.0997892274414015
129987,1,0.006614803265863962
129987,2,0.0018750743557469276
129987,3,-0.013855175758937148
129987,4,-0.002225765318380378
129987,5,-0.09782879098726882
129987,6,0.00409521556482438
129987,7,0.02085949708499099
130133,1,0.035558820929846295
130133,2,0.03226074215503571
130133,3,-0.07022419842179047
130133,4,-0.035983067320608554
130133,5,0.01854483645561522
130133,6,0.07602225328691017
130133,7,0.14464029176282137
131059,1,3.8066756085395264e-4
131059,2,-0.009673808148930783
131059,3,0.013872352683801891
131059,4,-0.009892868739781641
131059,5,-0.003940610444014665
131059,6,-0.010467622720116275
131059,7,-0.06563967611931971
131362,1,0.07337520689248182
131362,2,0.012589106280650802
131362,3,-0.007492871718857047
131362,4,-0.0652091042601374
131362,5,-0.012010875788942945
131362,6,0.1241474286243419
131362,7,-0.09148336776411274
132258,1,0.004058942734844313
132258,2,-1.514761316739088e-4
132258,3,0.0015783155171980214
132258,4,0.005936632030079352
132258,5,-0.11337240935330564
132258,6,-0.006436811672868595
132258,7,-0.011787800744959139
132539,1,0.0036004601301036342
132539,2,-0.007333792492716631
132539,3,0.013550277819613064
132539,4,-1.1203553526326853e-4
132539,5,0.0026321405801869443
132539,6,0.013789550588092113
132539,7,-0.04828492879048788
132775,1,-0.08719391471213503
132775,2,-0.03267516039272719
132775,3,0.05006417862615346
132775,4,-0.05228219916164097
132775,5,0.012667476292403891
132775,6,0.16160340837909626
132775,7,0.011441055990189007
133433,1,-0.08642568744121262
133433,2,-0.0358558318519361
133433,3,0.06079938639726133
133433,4,-0.06675340290479599
133433,5,0.009946263696631154
133433,6,0.12419080993622264
133433,7,-0.07765974474333044
133900,1,-0.08870428972383641
133900,2,-0.03992971757911582
133900,3,0.06686153703343752
133900,4,-0.07204489237245676
133900,5,0.020189159027018285
133900,6,0.11949808804468288
133900,7,-0.11209874181064804
134017,1,0.07008837497541663
134017,2,0.007892259245482251
134017,3,-0.005509687189366827
134017,4,-0.05850027106711313
134017,5,-0.003560213347211411
134017,6,0.1341479663466162
134017,7,-0.13708662150106596
134196,1,-0.08608886747205972
134196,2,-0.041292918279964244
134196,3,0.051117884456501304
134196,4,-0.058978753096751935
134196,5,0.012282553147467356
134196,6,0.12785247655248624
134196,7,-0.08903705151939668
134281,1,-0.004228226233001148
134281,2,-0.005382641843255512
134281,3,0.0044987369278031535
134281,4,0.002524024201380567
134281,5,2.1172385717761892e-5
134281,6,-0.02667085591358527
134281,7,-0.08097683014174105
134349,1,0.005734856765065079
134349,2,0.0030847689434678536
134349,3,-0.003062578034302775
134349,4,0.006657436496992829
134349,5,-0.10664702831551352
134349,6,0.011830142818224556
134349,7,-0.00605526172446377
134400,1,-0.09077451955156746
134400,2,0.04094835171118142
134400,3,0.075755313269672
134400,4,-0.0584163752300495
134400,5,0.0015601721202513756
134400,6,0.0054810886648228065
134400,7,0.028996550816244526
134539,1,-0.10178204308350636
134539,2,0.0472336582022039
134539,3,0.062313810473304476
134539,4,-0.08199425258730557
134539,5,-5.30452853642672e-4
134539,6,-0.028786226114023383
134539,7,0.0013485013817823917
135725,1,0.0076635811839069964
135725,2,0.0016602732500245372
135725,3,-0.0032127753359796683
135725,4,3.2577823806927174e-4
135725,5,-0.11273614482346819
135725,6,0.006985540923942837
135725,7,-0.011728656760255115
136025,1,-0.09801673153108074
136025,2,0.05142306791110982
136025,3,0.06448643868794621
136025,4,-0.0813326509464098
136025,5,-0.11418753847371588
136025,6,-0.01648757307703972
136025,7,-0.01795490739426523
136374,1,-0.09688241480776329
136374,2,0.05228576324175566
136374,3,0.07410439255472626
136374,4,-0.07109988903547694
136374,5,-0.009498188532018746
136374,6,-0.020377019453554676
136374,7,-0.03722467666345968
136454,1,-0.10186465343207708
136454,2,0.046759775763046026
136454,3,0.06951109253327836
136454,4,-0.07836035234265248
136454,5,0.0075027813526471155
136454,6,-0.015480895746622201
136454,7,-0.04185773304259566
136461,1,-0.02446330851442132
136461,2,-0.120519894118574
136461,3,0.01456750810982075
136461,4,-0.015849111084750192
136461,5,0.007833543326481476
136461,6,-0.00919808966032853
136461,7,0.0369063888884584
136568,1,0.002443278220951348
136568,2,0.0035631888432884236
136568,3,-0.015634350931975308
136568,4,-0.002296778150417854
136568,5,-0.11103728884434962
136568,6,-0.01722570893098531
136568,7,-0.00426661220716764
136721,1,-0.10109748546722164
136721,2,0.04144217209848634
136721,3,0.07676953352446476
136721,4,-0.08124366631576686
136721,5,-0.0029220156237958405
136721,6,-0.02218289323274694
136721,7,-0.035032868974849626
136983,1,2.386249251155514e-4
136983,2,-0.003029902415291909
136983,3,-0.002618002147401642
136983,4,-0.008274085450141598
136983,5,-0.001285916232239388
136983,6,0.03457619141091327
136983,7,-0.03704207914473701
137114,1,-0.09665893357708485
137114,2,0.048577462409574376
137114,3,0.0774284223795292
137114,4,-0.062431479915678254
137114,5,-0.012682705225829493
137114,6,-0.029100705004549497
137114,7,-0.04875186799271286
137127,1,0.04081443100633524
137127,2,-0.024268773695454757
137127,3,0.009409899022463577
137127,4,-0.08049792448184272
137127,5,-0.019130421311328742
137127,6,-0.01059038031514869
137127,7,-0.0046973944798659375
137293,1,0.006405348043218389
137293,2,0.004886103703230661
137293,3,-0.011964907786334477
137293,4,-0.005796533757309216
137293,5,-0.11061308076851054
137293,6,-0.00222663340794193
137293,7,-0.006008345682761449
137310,1,-0.10195620378832926
137310,2,0.05518479629140209
137310,3,0.07597764641858071
137310,4,-0.06883636665989876
137310,5,-0.009192081057118186
137310,6,-0.02017435388664882
137310,7,-0.040710436267967574
137454,1,-0.0954290123109903
137454,2,0.04788755394330293
137454,3,0.07146389068986449
137454,4,-0.07307242883647615
137454,5,-0.008199996029261875
137454,6,-0.028078363407713712
137454,7,-0.05742876607127033
137674,1,0.0722920547973431
137674,2,0.0020879991858766887
137674,3,-0.007551706418582229
137674,4,-0.06008022964587711
137674,5,-0.006666078589942338
137674,6,0.10631118896062254
137674,7,-0.1252319507881163
137900,1,-0.0990359316365802
137900,2,0.05227572958621737
137900,3,0.0748612539923764
137900,4,-0.07951779166420828
137900,5,0.007526389632692481
137900,6,-0.010673327822911258
137900,7,-0.038556172512437654
138125,1,-0.10179090587815835
138125,2,0.03987661109168167
138125,3,0.07484722135733277
138125,4,-0.06991479551865652
138125,5,0.013333029978688092
138125,6,-0.023620434807799028
138125,7,-0.02980842888663272
138148,1,-0.09476636825878816
138148,2,0.05006852412337577
138148,3,0.07329487140360803
138148,4,-0.07317644603723363
138148,5,-0.006484617611303781
138148,6,-0.020291675054210586
138148,7,-0.042285849164924845
138460,1,-0.09969945468964704
138460,2,0.056173520263092205
138460,3,0.07101616462967027
138460,4,-0.07041202932232433
138460,5,0.004959086671524656
138460,6,-0.030657015930002654
138460,7,-0.06356733708203369
138555,1,-0.0981851986836606
138555,2,0.04855537770562278
138555,3,0.06888727780104432
138555,4,-0.07797242228108342
138555,5,0.013143941149390416
138555,6,-0.020271111139678766
138555,7,-0.047212890571864514
138601,1,0.030525717842545458
138601,2,-0.018116261354321005
138601,3,0.014263995023790926
138601,4,-0.07536228118021282
138601,5,0.0039519319813501605
138601,6,-0.010220905733134973
138601,7,-0.013111429743646697
138603,1,0.0339234301934455
138603,2,-0.02178397559889476
138603,3,0.01634490520110343
138603,4,-0.06220155205383239
138603,5,-0.011405400826630328
138603,6,-0.01720469578576533
138603,7,-0.014179796176291013
138620,1,-0.09810725845570188
138620,2,0.042644691877251936
138620,3,0.07839535796259957
138620,4,-0.07194600601100973
138620,5,0.008994552665602415
138620,6,-0.0403213634722114
138620,7,-0.03201424418765311
139154,1,-0.10526988675188852
139154,2,0.048324803734631105
139154,3,0.06542077586630905
139154,4,-0.07668184345749586
139154,5,-0.003859841498853698
139154,6,-0.03274695526936484
139154,7,-0.02046190938992613
139173,1,-0.09726513678714147
139173,2,0.046619286804653666
139173,3,0.06428156623553888
139173,4,-0.07718864486446159
139173,5,-0.006366164941458858
139173,6,-0.007208466072832583
139173,7,-0.00590541717804757
139362,1,0.03497039225875285
139362,2,-0.02593903315524742
139362,3,0.014581978252842282
139362,4,-0.0689588712572582
139362,5,-0.0031364872217246277
139362,6,-0.007068978873580094
139362,7,-0.03201983095465247
139409,1,-0.09430675657897793
139409,2,0.042313350568237665
139409,3,0.0765203302501541
139409,4,-0.07487542751843757
139409,5,0.009191282752894641
139409,6,-0.04026998573321631
139409,7,-0.021467285678294416
139456,1,-0.10111055532639762
139456,2,0.041460927349545505
139456,3,0.07342385716001207
139456,4,-0.07841957339533281
139456,5,0.005368114450630586
139456,6,-0.02301095044728472
139456,7,-0.03146475378856106
139576,1,-0.09597771466452146
139576,2,0.04006320618419329
139576,3,0.07330345729889988
139576,4,-0.0727772212936994
139576,5,-0.006450542591091379
139576,6,-0.020576527252684256
139576,7,-0.0245393003206839
139741,1,-0.0641225019434838
139741,2,0.01997241374623271
139741,3,0.05100157401647266
139741,4,-0.04608055453997386
139741,5,-0.01573793582146661
139741,6,-0.008570604285636569
139741,7,0.10005767695518557
139841,1,0.033654034860778254
139841,2,-0.025568947625550294
139841,3,0.015610968887249327
139841,4,-0.07993867078214352
139841,5,-0.008847980775093866
139841,6,-0.019064738648522643
139841,7,-0.022463460518955203
140086,1,0.07057701410822814
140086,2,0.011620145700251982
140086,3,-0.007981468305605562
140086,4,-0.05031183672568361
140086,5,-0.0030865441226693804
140086,6,0.13262434028825204
140086,7,-0.12224910508337564
140171,1,-0.09988252889150415
140171,2,0.046619721642790345
140171,3,0.06883588159382541
140171,4,-0.06159926707998187
140171,5,-0.005144976248188277
140171,6,-0.006031400242836752
140171,7,-0.05685062722106968
140280,1,0.03608093826703262
140280,2,-0.02266585167859119
140280,3,0.011907975962352579
140280,4,-0.07783665669868292
140280,5,-0.006876281662454237
140280,6,-0.026768609316448064
140280,7,-0.020116604803166408
140505,1,-0.1046005695628156
140505,2,0.046244404796660914
140505,3,0.07007550532986738
140505,4,-0.061722068097972045
140505,5,0.010157096584569788
140505,6,-0.021540602623500868
140505,7,-0.030739224921502186
140506,1,-0.09770024164820572
140506,2,0.04796213886685957
140506,3,0.07233190153624462
140506,4,-0.06599282570238382
140506,5,-0.009759336507123429
140506,6,-0.03874473144045686
140506,7,-0.028886951480858226
140695,1,-0.10101328140461903
140695,2,0.04530299228223944
140695,3,0.07725236313443573
140695,4,-0.07064974687972504
140695,5,-0.017853931576754273
140695,6,-0.03281193529732528
140695,7,-0.029050966189908163
140853,1,-0.09820547929128422
140853,2,0.049544490425325605
140853,3,0.08404016747248595
140853,4,-0.08345169450080293
140853,5,0.010764513650202394
140853,6,-0.019770156402466578
140853,7,-0.026305473080157807
140909,1,-0.009941302047373854
140909,2,-0.04285160205960319
140909,3,0.011702392342183631
140909,4,0.0077997192657458855
140909,5,-0.021231018973685845
140909,6,-0.009164972364214735
140909,7,0.0013589879927587605
141769,1,-0.09681928442984841
141769,2,0.04661275484415703
141769,3,0.07213798186025065
141769,4,-0.07420264793356827
141769,5,0.007680925024522366
141769,6,-0.027056404780629213
141769,7,-0.04179279286273738
143495,1,-0.09784041192081158
143495,2,0.04857117343350727
143495,3,0.06893657547461839
143495,4,-0.07256098054797398
143495,5,-0.008014566135272122
143495,6,-0.02908668301623662
143495,7,-0.022786688765605766
143723,1,-0.09799655376517688
143723,2,0.04881369527163327
143723,3,0.07006470176243199
143723,4,-0.07950278610156587
143723,5,-0.008415598853148932
143723,6,-0.02028485670202399
143723,7,-0.028075906288206134
143754,1,-0.09920484306088401
143754,2,0.0449597307855504
143754,3,0.06758454302327763
143754,4,-0.07738561682878617
143754,5,-0.01686726915941098
143754,6,-0.02073576851060676
143754,7,-0.03999262121317334
144050,1,-0.0245557276451347
144050,2,-0.12136891500372786
144050,3,0.010084552611196094
144050,4,-0.016298391403537314
144050,5,0.007989417499825244
144050,6,-0.004486885572215819
144050,7,0.047947614971376715
144382,1,0.0734915607621793
144382,2,0.01800532718889202
144382,3,-0.00391984954362872
144382,4,-0.048942298845993895
144382,5,0.015190617802481312
144382,6,0.12346355175837091
144382,7,-0.1284146427570391
144460,1,-0.0010645923484136717
144460,2,-3.7518378498514233e-4
144460,3,-0.001437516715778171
144460,4,0.01843034964176122
144460,5,-3.0232642699533184e-4
144460,6,0.010356832482485345
144460,7,-0.009430483927888379
144535,1,0.08067441996017806
144535,2,0.018296287013351856
144535,3,0.005893876926314664
144535,4,-0.08048333980212172
144535,5,0.002579684150184004
144535,6,0.07643628849714439
144535,7,-0.041845029113986104
144560,1,0.09113613343671598
144560,2,0.015157667786606011
144560,3,0.007171801823194722
144560,4,-0.0915694949694298
144560,5,0.007844878008020634
144560,6,0.03782934962042998
144560,7,-0.04768798254100441
144570,1,0.051879093730317946
144570,2,-0.030331387832476138
144570,3,0.017145896340802536
144570,4,-0.09172846408849386
144570,5,-0.013402085510392165
144570,6,-0.0720731669061355
144570,7,0.06242123519272125
144899,1,0.051050558813066846
144899,2,-0.03167837852245841
144899,3,0.01465994414960396
144899,4,-0.09644450369530382
144899,5,-0.01580965344112985
144899,6,-0.07458576012574349
144899,7,0.07089278918554329
145413,1,0.04862533030037112
145413,2,-0.03395548427751227
145413,3,0.012941037769321826
145413,4,-0.08705546514767908
145413,5,-0.0080688222001892
145413,6,-0.06590604857585661
145413,7,0.057865802727266345
145853,1,-0.09798124814182899
145853,2,0.051619278240218974
145853,3,0.07365306792005116
145853,4,-0.06940186861511637
145853,5,0.01006175225501263
145853,6,-0.02327874729170168
145853,7,-0.017785105933569464
146951,1,-0.10275498617817938
146951,2,0.04209643798613935
146951,3,0.07197981126929036
146951,4,-0.07343860831283519
146951,5,5.237096791376365e-4
146951,6,-0.019712384069005807
146951,7,-0.02519048826577853
146995,1,0.046418063530564574
146995,2,-0.037325308714636504
146995,3,0.02398477414109698
146995,4,-0.0980525721733107
146995,5,0.002779105616858458
146995,6,-0.08062342742660153
146995,7,0.05794261491055933
147093,1,-0.016456133189277238
147093,2,-0.12027701588897921
147093,3,0.024432669255838493
147093,4,-0.008783012555430972
147093,5,-0.005387220137465743
147093,6,0.028935838158172678
147093,7,-0.023784465391121116
147486,1,-0.02438997529698833
147486,2,-0.12340217419519545
147486,3,0.018353066507661272
147486,4,-9.464940279531964e-4
147486,5,-0.015200232788873088
147486,6,-0.003954374957769061
147486,7,0.016688672094058835
147497,1,-0.09964154123439017
147497,2,0.0498504623619131
147497,3,0.07434639878193301
147497,4,-0.06970721847441089
147497,5,0.0061326003943660305
147497,6,-0.018678369232806462
147497,7,-0.04419824071822781
147685,1,-0.09622912204448898
147685,2,0.043316764620360326
147685,3,0.07748161186821886
147685,4,-0.07148614984737774
147685,5,-0.002051222199242856
147685,6,-0.011554295105589113
147685,7,-0.03985754180918439
147809,1,0.0018546187308036302
147809,2,-0.01243046650323668
147809,3,-0.0067956939002863995
147809,4,-3.0515203393726277e-4
147809,5,0.012433287357971933
147809,6,0.029779435552130838
147809,7,0.015984492200520572
147915,1,-0.09754975177485489
147915,2,0.04570220016970425
147915,3,0.07189474591609
147915,4,-0.057684280560412846
147915,5,0.0012015296739548728
147915,6,-0.02009795651767474
147915,7,-0.02547867858348963
147917,1,-0.09389520487683424
147917,2,0.046012139118548914
147917,3,0.08763625274464772
147917,4,-0.061277195725964295
147917,5,0.01616437227254176
147917,6,-0.04091463699722329
147917,7,-0.034124733611116176
148703,1,-0.09716454856245904
148703,2,0.04004251467494775
148703,3,0.07078013836381165
148703,4,-0.07024481782993762
148703,5,-0.02075435850085779
148703,6,-0.027727861256402773
148703,7,-0.0383006690692725
149381,1,0.002944115347312388
149381,2,0.007649412176356365
149381,3,-0.0057716518014676215
149381,4,-0.0041703858274255825
149381,5,-0.11310962984490562
149381,6,-0.01814572758761887
149381,7,0.0034005248552335925
149407,1,0.04875748557581817
149407,2,-0.03464398408798163
149407,3,0.017036153557110644
149407,4,-0.09283881651770591
149407,5,0.003153318394041583
149407,6,-0.061959838190137166
149407,7,0.06791871777690707
149599,1,0.004619419400553842
149599,2,0.003355835393301226
149599,3,-0.012047744566740357
149599,4,-0.0027533121876219388
149599,5,-0.10362206373455173
149599,6,-0.0034972054999834923
149599,7,0.03238185784807541
149913,1,-0.01849330555919265
149913,2,-0.12300298681104775
149913,3,0.01408504132153501
149913,4,0.014533979068765019
149913,5,0.015331682388029533
149913,6,0.016400248137634788
149913,7,3.4230340950697734e-4
149975,1,0.05448183997475645
149975,2,-0.0378161018850179
149975,3,0.019692810127841544
149975,4,-0.0888505479553857
149975,5,-0.013026787702392146
149975,6,-0.06935167000813665
149975,7,0.04969747741036378
150262,1,-0.001466384304695819
150262,2,0.008651302395493665
150262,3,-0.016304492842178744
150262,4,-0.03185381108794041
150262,5,0.011847227743112405
150262,6,0.010355750545081843
150262,7,0.01209206355121869
151330,1,0.05207469682663196
151330,2,-0.036879208628187284
151330,3,0.0154701331775883
151330,4,-0.08616212655722925
151330,5,-0.019815299987291597
151330,6,-0.05182383467206476
151330,7,0.054625644504580594
151677,1,0.0024512486088364357
151677,2,0.0042785307329788426
151677,3,-0.021298689341958225
151677,4,0.0013723853071152823
151677,5,-0.10926985678053906
151677,6,0.011849172652447778
151677,7,-0.015240512958827588
152358,1,-0.0034692360934561375
152358,2,0.009158532448596345
152358,3,-0.019406043758060383
152358,4,0.020630849885572185
152358,5,0.019463333565623575
152358,6,0.013795088628574016
152358,7,-0.04086794905141339
152533,1,0.04792973829176399
152533,2,-0.03136556638591201
152533,3,0.010789611155857285
152533,4,-0.08697871790108685
152533,5,-0.0016728659577018377
152533,6,-0.04396736351729394
152533,7,0.04133152096085534
152570,1,0.04905096480463648
152570,2,-0.03182904570865192
152570,3,0.026090641982838086
152570,4,-0.09490248321398417
152570,5,-0.00132992079830616
152570,6,-0.07470936276733398
152570,7,0.06188263842725226
152972,1,0.05305605121061877
152972,2,-0.030846562694327263
152972,3,0.01629318096792804
152972,4,-0.09232734058314584
152972,5,9.89965126151666e-4
152972,6,-0.07920269351527373
152972,7,0.04721273341398547
152992,1,0.048006066769413464
152992,2,-0.03885805130745165
152992,3,0.02208066277799705
152992,4,-0.0973329139910399
152992,5,0.006333966050941739
152992,6,-0.057637234538137225
152992,7,0.05665066027725845
153057,1,-0.014517216240761719
153057,2,-0.08446885248184771
153057,3,4.117842241266691e-5
153057,4,0.0034381562247473856
153057,5,-0.010399863783376513
153057,6,0.037276297127613066
153057,7,-8.245179897648601e-4
153267,1,0.07931401863274759
153267,2,0.014416079956053944
153267,3,3.321220549460259e-4
153267,4,-0.09249831227920069
153267,5,0.019546604550670213
153267,6,0.06272681721691345
153267,7,-0.01718580424158029
153393,1,0.08662111468336763
153393,2,0.01260811021484351
153393,3,0.011852798838422912
153393,4,-0.0920586225787287
153393,5,0.012012563574711718
153393,6,0.05926389385125724
153393,7,-0.027151726546203566
153430,1,-0.022414878788702505
153430,2,-0.11590854090449731
153430,3,0.008481814770693989
153430,4,8.971891801227308e-4
153430,5,-0.012110922059407066
153430,6,-6.630376542511498e-4
153430,7,-0.0037821306093922505
153691,1,0.077814575412084655
153691,2,0.009207090258241507
153691,3,0.0010273244829867572
153691,4,-0.09858020487071302
153691,5,0.01435806871721616
153691,6,0.043926335990567146
153691,7,0.007559658984806927
153856,1,-0.09061094174588358
153856,2,0.05055370851429774
153856,3,0.05500295517385767
153856,4,-0.05995700927274963
153856,5,0.017681377853325537
153856,6,0.023518657003937696
153856,7,0.045092221423672404
154162,1,-0.017949890117316895
154162,2,-0.10883070816754309
154162,3,0.006686512327900547
154162,4,-5.33698162363718e-5
154162,5,-0.016067046711358217
154162,6,0.03258432843382647
154162,7,0.003427911287452332
154214,1,0.0013856819332780347
154214,2,-0.00869126000457157
154214,3,-0.0011107689144738435
154214,4,-0.011980149433152103
154214,5,-0.005014426145631659
154214,6,0.03253593108646841
154214,7,-0.03991641151393028
154241,1,-0.02037455398547375
154241,2,-0.1202501876489962
154241,3,0.018568014580167557
154241,4,0.004720440334913339
154241,5,-0.00510082577680979
154241,6,-0.003832172317443395
154241,7,-0.00197032247708693
154322,1,0.011651270507511101
154322,2,-0.001111585184930831
154322,3,0.012040933965569371
154322,4,0.012560406881616103
154322,5,-0.002058129970452652
154322,6,-0.0028799709588080923
154322,7,0.03228840171656706
154403,1,8.216254672311553e-4
154403,2,8.233840964414697e-6
154403,3,-0.014306728187147446
154403,4,3.998520175543369e-4
154403,5,-0.11089507069953883
154403,6,-0.013290073809715629
154403,7,-0.003720893430928821
154584,1,-0.015600829786373796
154584,2,-0.12127093718947372
154584,3,0.01449512009602109
154584,4,0.0019010372451404769
154584,5,0.018424639290204967
154584,6,-0.003402838238116294
154584,7,0.002166508306318516
154614,1,0.08096113450553578
154614,2,0.019246785646109616
154614,3,0.0023798718384802956
154614,4,-0.09691472065815229
154614,5,0.004973713027972699
154614,6,0.051966519025442165
154614,7,-0.014638392065873152
154710,1,-0.012874035227234971
154710,2,-0.12139694507342953
154710,3,0.024493641993664717
154710,4,0.008135876344861452
154710,5,-0.0010550568116510655
154710,6,0.006070953044709138
154710,7,-0.0022689275036909557
154788,1,-4.8153132486476713e-4
154788,2,0.013800271903229926
154788,3,0.020601445260515716
154788,4,-0.005820803501090795
154788,5,7.381812487266157e-4
154788,6,0.01571639539387076
154788,7,-0.006417476166333854
154809,1,0.001739245785401167
154809,2,0.003059775583516805
154809,3,-0.013366734963106327
154809,4,0.001523855857862452
154809,5,-0.08883263508299766
154809,6,0.0017269457275865025
154809,7,-0.014076580548767051
154837,1,-0.015516898991579556
154837,2,-0.09965303315021473
154837,3,0.019452326258207163
154837,4,-0.004740342011065129
154837,5,-0.014189115398680176
154837,6,0.014208134832242036
154837,7,-0.00850373926620741
155378,1,-0.00546959128265505
155378,2,-0.005827695583774916
155378,3,0.008873485454393804
155378,4,-0.0018375858653916517
155378,5,-0.02424698921430792
155378,6,-0.010081477450541053
155378,7,-0.027350148799498864
155449,1,0.005685914494242143
155449,2,0.003943498919147309
155449,3,-0.004383111869926427
155449,4,0.003693707045308461
155449,5,-0.0978588819399074
155449,6,-0.012190789173530864
155449,7,0.018045264098460436
155627,1,4.662358883281908e-4
155627,2,-0.010491631648981356
155627,3,0.005189866398201779
155627,4,0.011540660013875716
155627,5,-0.006920256817678776
155627,6,-0.008442901133351367
155627,7,-0.03853580456276645
155732,1,0.005153331059635283
155732,2,0.0015211021285458448
155732,3,-0.010977345893834365
155732,4,-0.0019256084721176805
155732,5,-0.09809891346266952
155732,6,-8.001602765151402e-4
155732,7,-0.00663837175407418
155880,1,4.2748888832846624e-4
155880,2,-0.009591979296456324
155880,3,0.019626991893623782
155880,4,0.0031441976999725275
155880,5,-0.010789556646460467
155880,6,-0.006595574353625081
155880,7,-0.0343660990918462
155910,1,0.05372159725389392
155910,2,-0.03363053133451019
155910,3,0.013681534291005229
155910,4,-0.08983979666383014
155910,5,0.004957293912974933
155910,6,-0.07892887667413676
155910,7,0.030046160495128434
155954,1,0.027051137374548985
155954,2,0.013085071284301438
155954,3,-0.06803872804156638
155954,4,-0.01801185898136647
155954,5,-0.017506777800868335
155954,6,-0.1322022874592038
155954,7,-0.16254637536238295
155955,1,0.08266514618030277
155955,2,0.01197993369111615
155955,3,9.616933839369672e-4
155955,4,-0.10196656312831143
155955,5,0.019851035108323766
155955,6,0.07035752075566731
155955,7,-0.0040525090308302265
156018,1,-0.005239828622044463
156018,2,-0.08918112364588186
156018,3,0.011462358182982104
156018,4,0.008805127044135393
156018,5,-0.019756670822602657
156018,6,0.07225357761252785
156018,7,-0.013749025600534549
156024,1,-0.006434506225578761
156024,2,-0.0844892410730886
156024,3,-0.001584690993048152
156024,4,-0.00570992624602618
156024,5,0.005042602388660241
156024,6,0.07616942144191818
156024,7,-0.038297121264324274
156033,1,-8.576941554521081e-4
156033,2,-0.08051545388397349
156033,3,0.0022913803495461147
156033,4,0.004605763118055862
156033,5,-0.00620907686599241
156033,6,0.08349601478192478
156033,7,-0.016064406686957793
156142,1,-0.017304994324458818
156142,2,-0.11999323105239659
156142,3,0.016963249003955353
156142,4,0.001206817859770233
156142,5,-0.11532858686911282
156142,6,0.0019487523831457115
156142,7,-0.017723912465124815
156165,1,0.0639019834081913
156165,2,-0.024400785869004765
156165,3,0.009165382839005202
156165,4,-0.09211304890298114
156165,5,-0.01165265323029445
156165,6,-0.01704688432894594
156165,7,0.04099448743785323
156173,1,0.08071730316455421
156173,2,0.007745082625362216
156173,3,0.003103087999996619
156173,4,-0.08897982845452979
156173,5,0.009689428797708012
156173,6,0.06100128511560557
156173,7,0.003829502078548023
156204,1,-0.02408617079715414
156204,2,-0.11897073912273402
156204,3,0.025670132497115607
156204,4,-0.010660244113208577
156204,5,0.012886154079445314
156204,6,0.005105700110607089
156204,7,-0.027606900636355
156236,1,0.0011299742858797983
156236,2,-0.0039874552007171885
156236,3,0.01017244483275234
156236,4,-0.012471079370020998
156236,5,-0.006342133718373857
156236,6,-0.02741649528840056
156236,7,5.498814109119323e-4
156329,1,0.051992863082537824
156329,2,-0.028763566183418847
156329,3,0.012422414262168124
156329,4,-0.0956162304870942
156329,5,7.278935927667748e-4
156329,6,-0.053515037215239425
156329,7,0.05586005546492644
156330,1,0.05381174732461554
156330,2,-0.03560607945919061
156330,3,0.024709384023554572
156330,4,-0.09472554794688472
156330,5,-0.010847924033926058
156330,6,-0.07042206611445158
156330,7,0.043562135134250037
156532,1,0.006543088945054689
156532,2,0.007219772185891696
156532,3,-0.013525828769771623
156532,4,-0.0059919638837703975
156532,5,-0.11416602079155662
156532,6,-0.0019388120835566126
156532,7,-0.003019893850806182
156534,1,0.0513976840927733
156534,2,-0.03848898593905155
156534,3,0.03151303369190806
156534,4,-0.09563543204610025
156534,5,-0.005592791587971984
156534,6,-0.05638930223396065
156534,7,0.07066698712899948
156652,1,0.081309838622225
156652,2,0.020822189871955065
156652,3,0.0011417353210382334
156652,4,-0.10159753942179353
156652,5,-9.178594449921268e-4
156652,6,0.06257148695631781
156652,7,-0.024249243343172477
156656,1,0.04986860392792218
156656,2,-0.03716896404418797
156656,3,0.01775595461817246
156656,4,-0.08695268935474197
156656,5,-0.016856549646953763
156656,6,-0.053106006099559996
156656,7,0.04051074369799659
156769,1,-0.02458748757053381
156769,2,-0.12574218281913851
156769,3,0.022059565338281847
156769,4,-0.0019969544907346855
156769,5,-0.009179209981367197
156769,6,0.028149798182602867
156769,7,0.0019854671703954576
156797,1,-0.021998725701733054
156797,2,-0.1107006425523937
156797,3,0.01724842967922907
156797,4,0.011331920781793996
156797,5,0.004918519565286824
156797,6,0.010026141276138868
156797,7,-0.011824012231027041
156966,1,-0.0018577914820406517
156966,2,-0.009920779172066949
156966,3,-2.0843117721155456e-4
156966,4,5.101294571245284e-5
156966,5,9.311459889876252e-4
156966,6,-0.012860916563676656
156966,7,-0.004663835045416285
157157,1,0.05066556795029494
157157,2,-0.033813036548926444
157157,3,0.01698147904515036
157157,4,-0.09551333132344371
157157,5,-0.012733745050999114
157157,6,-0.06385183455906777
157157,7,0.0693171193811193
157272,1,0.05099554585058219
157272,2,0.028606435653718704
157272,3,-0.11458528466182114
157272,4,-0.07960696922165748
157272,5,0.0576199767020517
157272,6,-0.08317714626161224
157272,7,0.008093283985043675
157746,1,0.049901606725236226
157746,2,-0.033428926130475524
157746,3,0.01982886848299443
157746,4,-0.0917929620598452
157746,5,-0.005892921048875156
157746,6,-0.07363460131388959
157746,7,0.05842283859117941
157851,1,-0.022954432764368718
157851,2,-0.12450188785997962
157851,3,0.01564094023090645
157851,4,0.005697752587607769
157851,5,0.010255210123080217
157851,6,0.007652706480669296
157851,7,-0.023278994596614505
157975,1,-0.019901458529878128
157975,2,-0.11919103612252127
157975,3,0.02581825271314938
157975,4,-0.003924143401539078
157975,5,0.007390189871284844
157975,6,-0.009701631937942915
157975,7,-0.05271558965554442
157976,1,0.0502055162076083
157976,2,-0.03930650708369783
157976,3,0.0220981363761347
157976,4,-0.09525202731070855
157976,5,-0.0025607342361691483
157976,6,-0.07807271147370268
157976,7,0.06794395059259428
157984,1,-0.019266629239125393
157984,2,-0.12164290182648704
157984,3,0.02722381652979663
157984,4,0.004075372143092092
157984,5,-0.00597447093170462
157984,6,-0.01654213088075938
157984,7,-0.03581417401150098
158114,1,0.05187498831795963
158114,2,-0.03935160271815259
158114,3,0.03136045736266297
158114,4,-0.09810910011348198
158114,5,-0.02248052067132919
158114,6,-0.08471566409241822
158114,7,0.06159234067465586
158315,1,0.08600033362994168
158315,2,0.019196218090661347
158315,3,0.007396680534933042
158315,4,-0.07604281142105801
158315,5,-0.0014766277102548457
158315,6,0.011530845805723682
158315,7,0.027417639126158373
158390,1,-0.02241238338162676
158390,2,-0.11945943712931723
158390,3,0.02406814318148554
158390,4,-0.003657155987849065
158390,5,7.673097232398835e-4
158390,6,0.005019883138463061
158390,7,-0.058448403101880965
158434,1,0.08757414265002397
158434,2,0.015053777286891305
158434,3,-0.002400902089535139
158434,4,-0.10213661702222702
158434,5,-2.0753125684041875e-4
158434,6,0.049337229751687535
158434,7,-0.014858608245716713
158495,1,0.05318081617333095
158495,2,-0.04198722179983338
158495,3,0.016166596715298538
158495,4,-0.09833981432313392
158495,5,-0.0018629619834760935
158495,6,-0.061261309602299786
158495,7,0.06610745706712104
158684,1,-0.01848834344464
158684,2,-0.12852436379736243
158684,3,0.024742797727161966
158684,4,-0.01521127156593344
158684,5,0.010117342000563075
158684,6,-0.018757543200284738
158684,7,-0.032893876569806434
158690,1,-0.014590889515413366
158690,2,-0.11899574090151861
158690,3,0.02432093007323532
158690,4,0.003371266146396849
158690,5,-0.0066961205927231725
158690,6,-0.00134776237123144
158690,7,-0.03247883129366713
158744,1,0.005794072070436279
158744,2,0.009354965233322122
158744,3,-0.0034667634837039223
158744,4,0.0053393620230031205
158744,5,-0.10075302679750946
158744,6,-0.009900743632626698
158744,7,-0.017132017145048077
159097,1,-0.013863215177563202
159097,2,-0.12153682183297257
159097,3,0.02814285108897132
159097,4,7.329831798443788e-4
159097,5,-5.114205454749254e-4
159097,6,-0.013570646203394198
159097,7,-0.03743913935327605
159245,1,-0.019907872452137588
159245,2,-0.1174852325070189
159245,3,0.03544517566983921
159245,4,-0.004910324742299251
159245,5,0.007137356581342743
159245,6,-0.006349873200452867
159245,7,-0.028394039115280798
159289,1,0.08091079619370563
159289,2,0.00814473553198849
159289,3,0.0026062261952625276
159289,4,-0.09675363336389331
159289,5,0.007768289350068496
159289,6,0.0407631447006034
159289,7,-0.003377786692685351
159745,1,-0.014739223516781736
159745,2,-0.12028023722093548
159745,3,0.030676261049138245
159745,4,0.008630828057820523
159745,5,0.013093717234080579
159745,6,0.006314595314767367
159745,7,-0.04526134828708098
160207,1,0.003076314319941224
160207,2,0.004315926669852288
160207,3,-0.009342198329853123
160207,4,0.0016685139739187336
160207,5,-0.10122091407721977
160207,6,0.0018612976254995834
160207,7,0.009165259044502445
160208,1,0.046525472764859285
160208,2,-0.03492905876806546
160208,3,0.01922217710500469
160208,4,-0.09769049133419432
160208,5,-0.02661732451741181
160208,6,-0.06913146754311456
160208,7,0.05450759205926676
160216,1,-0.013166519673664173
160216,2,-0.1212248451798088
160216,3,0.029790931235626514
160216,4,-0.016273041370385138
160216,5,-0.0059789971820413445
160216,6,-0.010912838174916941
160216,7,-0.036125998107362424
160533,1,0.0857101776452039
160533,2,0.019543629472106836
160533,3,0.008177577066997125
160533,4,-0.09974068745240494
160533,5,0.013692546426780352
160533,6,0.0543752601313781
160533,7,-0.006688385092323123
160551,1,0.05105334990919598
160551,2,-0.03509758671234264
160551,3,0.010946163832343635
160551,4,-0.1005253904331684
160551,5,-0.018882582064287615
160551,6,-0.043642959298600806
160551,7,0.0368424664217421
161450,1,0.049805454799858304
161450,2,-0.03667446492716378
161450,3,0.018121517317115216
161450,4,-0.0904175004032439
161450,5,-0.00940232071478783
161450,6,-0.07475016648302123
161450,7,0.05613216322039445
161502,1,-0.021770974452814663
161502,2,-0.11957449263659936
161502,3,0.03153561239710792
161502,4,0.00931624040898712
161502,5,1.500758977371005e-4
161502,6,-9.730408342724624e-4
161502,7,-0.04319621038431531
161736,1,-0.017045207599623198
161736,2,-0.11423151074578568
161736,3,0.030437914969875576
161736,4,-0.001318776811130425
161736,5,-2.1445637351445165e-4
161736,6,-0.0058185555831891745
161736,7,-0.020259155672837557
162102,1,-0.013707521468721475
162102,2,-0.11698340333935314
162102,3,0.021186713277778917
162102,4,-0.0094170018903461
162102,5,-0.0024946597871997973
162102,6,-0.008152864025472509
162102,7,-0.03342835019083028
162217,1,-0.0183825051529511
162217,2,-0.12023503507156803
162217,3,0.0222759841130655
162217,4,4.292831130060531e-4
162217,5,0.002714217187387891
162217,6,0.011386424603633965
162217,7,-0.05187455519185675
162276,1,-0.0014269491113318032
162276,2,0.0025340447076999217
162276,3,-0.010778582392806742
162276,4,0.006671258539315219
162276,5,-0.0035312969778815
162276,6,0.00802762148272927
162276,7,-0.004502921565731371
162292,1,-0.02343263872022512
162292,2,-0.12466657664741466
162292,3,0.022399169142126408
162292,4,7.742539920382878e-4
162292,5,0.01230195222328775
162292,6,-0.003666218979957891
162292,7,-0.01992248603639269
162683,1,0.08722405991783387
162683,2,0.01666604360611436
162683,3,0.0045830430177130595
162683,4,-0.09518397887733629
162683,5,2.150861502480454e-4
162683,6,0.05723016391652941
162683,7,-0.017576960488167353
162697,1,-0.023293113558245208
162697,2,-0.12369397258584829
162697,3,0.034821741988288996
162697,4,-0.0050789992380199395
162697,5,0.010500172334439341
162697,6,-0.015305330844571946
162697,7,-0.032932996393939575
162810,1,0.0018663307909450287
162810,2,2.824035014913733e-4
162810,3,-0.001472137056458791
162810,4,-0.004773067200014839
162810,5,-0.11111180522450528
162810,6,0.0019603199918160337
162810,7,-0.015199320231445537
163218,1,5.483141969814379e-4
163218,2,0.011532966265794966
163218,3,0.03450172807180619
163218,4,-0.009510754576350283
163218,5,-0.02539896202387608
163218,6,-0.005670191821467729
163218,7,-0.009267027041067712
164043,1,-4.886095876018623e-4
164043,2,0.0042223529850964475
164043,3,-0.00867149885853613
164043,4,-0.019823683336898424
164043,5,-0.004001623051142006
164043,6,-0.0016926616653275765
164043,7,0.041107404313862894
164083,1,-0.021477885914066044
164083,2,-0.11986667501981967
164083,3,0.034723684541451756
164083,4,-0.0037895784532550473
164083,5,-0.011878481608243256
164083,6,-0.010797991118184675
164083,7,-0.030894373554087636
164340,1,0.08101715517680383
164340,2,0.013874023250415916
164340,3,0.005229298974106729
164340,4,-0.10489771783936624
164340,5,0.02313147538813208
164340,6,0.058937683716259286
164340,7,-6.225839985309986e-4
164436,1,-0.018145068336385406
164436,2,-0.12622143112318657
164436,3,0.030488669809002392
164436,4,-0.00700212242012022
164436,5,-0.005008503886468579
164436,6,-0.021117665106921917
164436,7,-0.029268280432218328
164741,1,-0.018215812189019773
164741,2,-0.11836924010347188
164741,3,0.0180511532674402
164741,4,0.0038415187461753055
164741,5,0.00467112978329165
164741,6,0.018767260608310788
164741,7,-0.0065134742729972064
164924,1,-0.0168104473695617
164924,2,-0.11687629713247695
164924,3,0.02539547830051702
164924,4,-0.006209800024507361
164924,5,-0.011443571422537635
164924,6,-0.006878048933970252
164924,7,0.0035488029074590252
165124,1,-0.0177691589062501
165124,2,-0.12008616253553729
165124,3,0.02210415689099043
165124,4,-0.0018217141173636918
165124,5,4.947194876243545e-4
165124,6,-0.0067921341927995125
165124,7,-0.013466086116532114
165250,1,0.010988640479124307
165250,2,-0.007584870463906691
165250,3,0.018349703492624637
165250,4,0.013297072501656454
165250,5,0.01592304100414378
165250,6,-0.006203196068601669
165250,7,0.019460355686667558
165479,1,-0.015287328344428405
165479,2,-0.1173416377391235
165479,3,0.02514013141881956
165479,4,7.909623956204987e-5
165479,5,-0.0083954865421273
165479,6,-0.007020167975135405
165479,7,-0.03197250015788007
165802,1,-0.019220386846538994
165802,2,-0.12187544807477783
165802,3,0.029966990599744437
165802,4,8.149803672375131e-4
165802,5,0.003465603570292911
165802,6,-0.004464008980899848
165802,7,-0.042968263851173465
165832,1,-0.015380521824671381
165832,2,0.004745723142168056
165832,3,-0.0026493527414448883
165832,4,0.019462352583417355
165832,5,-0.009448173417586676
165832,6,-0.010761413676964343
165832,7,-0.038021809105373804
165908,1,0.04701294278599502
165908,2,-0.031979914379518116
165908,3,0.02145644152725774
165908,4,-0.0965173617465133
165908,5,-0.015116170118828858
165908,6,-0.06913439601250666
165908,7,0.05740763563619389
166163,1,-0.0156384080293509
166163,2,-0.12615949479394561
166163,3,0.024489380947628106
166163,4,-9.463608091802642e-4
166163,5,0.0010461757929023652
166163,6,-0.009431263465445032
166163,7,-0.04482005176119606
166188,1,-0.02355495823126785
166188,2,-0.12000835544977653
166188,3,0.01491021812683252
166188,4,-0.0038636842455055448
166188,5,-0.011485642982552492
166188,6,0.004238185958157179
166188,7,-0.03754881576376987
166310,1,-0.019270264593685048
166310,2,-0.12348906119358583
166310,3,0.008318084377025622
166310,4,-0.0011569369841564973
166310,5,0.003681490744498005
166310,6,0.01928843386624312
166310,7,0.01924470722016833
166727,1,0.08427929312675317
166727,2,0.020053501990423377
166727,3,-0.0010148005898709732
166727,4,-0.10107916584793988
166727,5,0.003918119989859639
166727,6,0.04452171279185649
166727,7,-0.031763946476480016
166824,1,0.08305250121051788
166824,2,0.01353727287503337
166824,3,9.40420977297045e-4
166824,4,-0.09140246146618299
166824,5,-0.00598054274288327
166824,6,0.05023429093006959
166824,7,-0.014786767187388607
167218,1,-0.016336401550904968
167218,2,-0.12347959421269923
167218,3,0.029221208613999378
167218,4,-5.455593311137777e-4
167218,5,0.005175752136341762
167218,6,0.007640488412749086
167218,7,-0.03956376420716844
167310,1,0.08223530902577825
167310,2,0.009915569523847822
167310,3,0.003590079684481504
167310,4,-0.09144238445317382
167310,5,0.014654630245492403
167310,6,0.044314751202905206
167310,7,-0.012919444795728251
167325,1,-0.01584336784137311
167325,2,-0.12261950317292192
167325,3,0.026849196877869658
167325,4,-0.008901340018496125
167325,5,-0.004003169337338333
167325,6,5.909879124803157e-4
167325,7,-0.02507234156875526
167431,1,0.0488393114572507
167431,2,-0.03149646001897773
167431,3,0.022007212944562923
167431,4,-0.09452154565270945
167431,5,0.0037485015203915944
167431,6,-0.07341139422633546
167431,7,0.06894002023567328
167441,1,-0.026642160502046396
167441,2,-0.1246186658559351
167441,3,0.0317579810325373
167441,4,4.155465898425248e-4
167441,5,0.0077274647161450485
167441,6,-0.0013318253433197598
167441,7,-0.04577998064430094
167455,1,-0.018893307886150842
167455,2,-0.12170987220079608
167455,3,0.025608592649714306
167455,4,0.004823757831791577
167455,5,0.003069453351370724
167455,6,0.003837088683396354
167455,7,-0.03878727192771128
167647,1,-0.02148425551100774
167647,2,-0.12365930057342563
167647,3,0.028584314952716027
167647,4,-3.884216698760702e-4
167647,5,0.008270734721626366
167647,6,-0.010753487766750768
167647,7,-0.03066771267274115
167774,1,-0.016530527241463297
167774,2,-0.11735561119840118
167774,3,0.03143225719679538
167774,4,-0.0029653749821551274
167774,5,0.001724582147965812
167774,6,0.015417737110511018
167774,7,-0.02586117937835391
167833,1,-0.010462158846619682
167833,2,-0.1088682240660644
167833,3,0.01812726832621474
167833,4,0.0027561670659849704
167833,5,0.003489193222331004
167833,6,0.004271284891487364
167833,7,-0.00474508389389241
167900,1,-0.01726855513633622
167900,2,-0.1170667636485023
167900,3,0.020375516675707944
167900,4,-0.009101177977186545
167900,5,0.010009853107215668
167900,6,0.009993822782503523
167900,7,-0.03723116529534316
168020,1,-0.02069142315693439
168020,2,-0.12324351956033433
168020,3,0.025412047359245016
168020,4,0.0016151383548812027
168020,5,-0.01682194293575532
168020,6,0.0023540257952810715
168020,7,-0.039048411037995
168080,1,0.07818488104484937
168080,2,0.010337814523837606
168080,3,0.005869386582855231
168080,4,-0.08687172688279136
168080,5,9.863376241268222e-4
168080,6,0.06297108512036492
168080,7,-0.003441002340303184
168139,1,-0.02110652882947756
168139,2,-0.123951976173367
168139,3,0.0248045433095039
168139,4,0.005207541929567957
168139,5,0.0011481161533244408
168139,6,0.0014703501980652988
168139,7,-0.03557974906827225
168241,1,-0.022704018770555775
168241,2,-0.11891073530687477
168241,3,0.02798683802773128
168241,4,0.004402233264646723
168241,5,0.014336472383759432
168241,6,9.284915328055254e-4
168241,7,-0.029498111729352124
168466,1,0.07912168810514103
168466,2,0.016604978438391604
168466,3,-0.0029213225699989635
168466,4,-0.08969694456442996
168466,5,-0.0016824441816194425
168466,6,0.04282815675592367
168466,7,-0.0198775955032754
168728,1,0.052681066780206266
168728,2,-0.02949817989959001
168728,3,0.034664256991892094
168728,4,-0.09298407383371252
168728,5,-0.009191224750080733
168728,6,-0.07072842339714716
168728,7,0.042710588760222414
168781,1,-0.017323471603730864
168781,2,-0.1197819386642911
168781,3,0.02377639107614707
168781,4,0.0021204708877393735
168781,5,-5.078619216378092e-4
168781,6,0.013340719775381454
168781,7,6.433775417820981e-4
169701,1,0.07975448337716666
169701,2,0.01862819429803909
169701,3,-0.004553409539882851
169701,4,-0.09107341977405536
169701,5,-0.0029269833401747622
169701,6,0.05302694882444377
169701,7,-0.019025225901959836
169995,1,0.05399621043109036
169995,2,-0.038053374871144116
169995,3,0.017285159994049216
169995,4,-0.08782419380236285
169995,5,0.003922317725115328
169995,6,-0.0790939650873075
169995,7,0.05414191795637016
170589,1,0.05458599721917166
170589,2,-0.03435002069102784
170589,3,0.018595260964981944
170589,4,-0.10062025748754308
170589,5,-0.008213393031155354
170589,6,-0.0546047761376314
170589,7,0.059441324795693085
170642,1,0.047288376324694334
170642,2,-0.03939337407469599
170642,3,0.020900545371346786
170642,4,-0.09696521616398822
170642,5,-0.002109052465888327
170642,6,-0.06059428663382852
170642,7,0.04806777417971788
171189,1,0.08353734135815068
171189,2,0.0143006368394936
171189,3,0.005712432134418388
171189,4,-0.08598803640589568
171189,5,0.012693420927868187
171189,6,0.06922407943905652
171189,7,-0.03562498945152067
171591,1,0.07931272702834324
171591,2,0.021469374995394926
171591,3,0.008134730726287454
171591,4,-0.09451290535783885
171591,5,0.015356004353523531
171591,6,0.04744863126459331
171591,7,-0.017825465898954236
171627,1,0.08211347523398223
171627,2,0.005353820581930719
171627,3,0.001749707474681159
171627,4,-0.1001383071336453
171627,5,0.019491129408920935
171627,6,0.04712555844058473
171627,7,-0.013467505874805656
172518,1,0.034702850150035845
172518,2,-0.02770659280861816
172518,3,0.009733589907433206
172518,4,-0.06338208461321031
172518,5,-0.004554820065179467
172518,6,-0.05261012513523788
172518,7,0.04619926713167488
172741,1,0.05038967341067242
172741,2,-0.035871066816554074
172741,3,0.0154179363748376
172741,4,-0.09851265949381603
172741,5,0.008607031127652215
172741,6,-0.05248632708698951
172741,7,0.05242463324309421
172799,1,0.004470683224903916
172799,2,0.010878135001370639
172799,3,-0.004974982024274378
172799,4,0.0027672026911014906
172799,5,-0.09685608160272025
172799,6,-0.008014079275873625
172799,7,0.007498809223184224
173747,1,0.009255012673630911
173747,2,0.002426937460717971
173747,3,-0.016388903794706908
173747,4,-6.479577633413803e-4
173747,5,-0.10926522961204121
173747,6,0.003381953622825438
173747,7,0.002789654157849383
173751,1,0.054527059019634366
173751,2,-0.036215033836010574
173751,3,0.02887981450756794
173751,4,-0.09632122643872978
173751,5,-0.009560009843053309
173751,6,-0.055776415476726134
173751,7,0.04460761400416972
174069,1,0.04932145167642591
174069,2,-0.040815375630295476
174069,3,0.022521641757635436
174069,4,-0.09533431535193268
174069,5,-0.006858991988240626
174069,6,-0.08348742117443769
174069,7,0.061681237672071065
174607,1,0.0014890438952501518
174607,2,-0.011741427656700157
174607,3,-8.713220946730312e-4
174607,4,0.010307784438944872
174607,5,9.159263666843606e-4
174607,6,0.01917876467519895
174607,7,-0.019915459467575253
174608,1,0.005413267043872112
174608,2,0.002513165031567992
174608,3,-4.779926187022892e-4
174608,4,0.0015809313194969238
174608,5,-0.10988197668800055
174608,6,-0.008473703696605932
174608,7,-0.012260853911656678
174636,1,0.0018907160245895467
174636,2,0.003343893719339987
174636,3,-0.009910244419142027
174636,4,0.006481107536946478
174636,5,-0.12112115125468911
174636,6,-0.003662620035959084
174636,7,-0.023631932639622703
174649,1,-0.05718128794813036
174649,2,0.021884876570946128
174649,3,0.04393683328550668
174649,4,-0.045711118222991
174649,5,-0.022558200280084366
174649,6,0.01333468021915024
174649,7,0.11040006049852838
174712,1,-5.186746046006122e-4
174712,2,0.004696103129328727
174712,3,-0.015515201370380621
174712,4,0.006259945088443245
174712,5,-0.12095637096883724
174712,6,0.015676847966459045
174712,7,0.0048569056777530316
175387,1,0.05228070396588133
175387,2,-0.03785807335490611
175387,3,0.019944197823119125
175387,4,-0.1016133975882525
175387,5,-0.02315136211892411
175387,6,-0.06280220240016257
175387,7,0.05475789775303452
