SNP_ID,PC,loading
87023,1,0.012980172018697939
87023,2,-0.0013513218368938278
87023,3,0.0074980148079591144
87023,4,0.026709182756779
87023,5,-0.017043336670540126
87111,1,0.0050586707204551785
87111,2,0.003293169259853818
87111,3,0.014578654795940718
87111,4,0.00820395899714437
87111,5,-0.004503468683448503
87112,1,-0.06677252605636433
87112,2,-0.037126250673940556
87112,3,0.00918617504827497
87112,4,-0.031759962570819276
87112,5,0.03651921258079577
87416,1,-0.005574822333119934
87416,2,-0.005988064749871008
87416,3,0.024782997716869818
87416,4,0.024458272691796297
87416,5,0.004643641620051303
87790,1,0.0016192275808419843
87790,2,-0.010360707054282003
87790,3,0.00649355807682914
87790,4,0.005086806244069851
87790,5,-0.006416917579943774
88155,1,-0.004292225885707389
88155,2,-0.0023376924641464545
88155,3,0.008203313510447178
88155,4,-0.008149023706362021
88155,5,-0.007432829694515737
88827,1,0.07287261358377209
88827,2,0.02783815635127836
88827,3,0.10480005069322948
88827,4,0.09017246827789839
88827,5,-0.059496089216222646
88924,1,0.005313416531276669
88924,2,6.211428874444931e-4
88924,3,0.006583728523877053
88924,4,-0.00429184409160009
88924,5,0.05431911142589132
90008,1,0.0350689390297049
90008,2,0.020348047964952497
90008,3,-0.06124903194833371
90008,4,-0.09229018013978399
90008,5,-0.005967918290407134
90570,1,-0.007908620578075813
90570,2,-0.00849130745172487
90570,3,-0.008657826586143318
90570,4,-0.0016815914806084138
90570,5,-0.01552456914341404
90814,1,-0.02373964632948041
90814,2,0.011766882464216172
90814,3,0.0013211459461378373
90814,4,0.011803283913965887
90814,5,0.0016014785536754331
90984,1,0.07027382973873723
90984,2,0.028144874602621158
90984,3,0.09791546269152884
90984,4,0.09435985281147401
90984,5,-0.05902592787928817
91346,1,0.076519853331125
91346,2,0.03385484739453124
91346,3,0.10276576630951981
91346,4,0.09919846796083921
91346,5,-0.04822583196268263
91707,1,0.020736367117633575
91707,2,0.01845812047015976
91707,3,0.07711502972255822
91707,4,0.060588063598368665
91707,5,0.017303007427438098
91716,1,0.0218918101042968
91716,2,0.014453402764385653
91716,3,0.05485890336876934
91716,4,0.05146476833552564
91716,5,0.04266796717000358
92366,1,-0.06545609023838499
92366,2,-0.020473942179997626
92366,3,0.04845903742810347
92366,4,-0.023506436392285748
92366,5,0.009834698068899098
92865,1,0.006222400382543158
92865,2,-0.0023248320506886557
92865,3,-3.382142536317795e-4
92865,4,-3.879282270862393e-4
92865,5,0.06192565389444375
92891,1,0.0022060187846777864
92891,2,-0.0031121447243068192
92891,3,-0.009752137156155498
92891,4,-4.073206512867722e-4
92891,5,0.07137909765671811
93298,1,0.003885958747264008
93298,2,-0.007959464912244743
93298,3,0.004067866541066339
93298,4,0.00519153097285754
93298,5,0.005445103326460436
93440,1,0.06434234755077099
93440,2,0.02434153420948984
93440,3,0.11869510917713422
93440,4,0.1151852898656538
93440,5,-0.048398442163854256
93499,1,0.00473806212496857
93499,2,-0.003830884841032125
93499,3,-0.014852337789819198
93499,4,0.0023611880912945255
93499,5,0.07398621071647801
93684,1,0.0016775404045964518
93684,2,-7.45850834000583e-4
93684,3,0.0015337270892007472
93684,4,0.006100599259651974
93684,5,0.07000281197046049
93718,1,0.0022256302653832424
93718,2,0.0034985604585115
93718,3,-0.0013528520711409166
93718,4,-0.01226089334451556
93718,5,0.07972157799637603
93739,1,0.008409619417374843
93739,2,0.00408747504652912
93739,3,0.003573363644934362
93739,4,-0.0015291099813766848
93739,5,0.05888004793071264
93863,1,-0.024099074499582193
93863,2,0.010472151133725767
93863,3,0.02953095826421258
93863,4,-0.05495938564986118
93863,5,-0.01819146646144549
93931,1,0.06439331966984375
93931,2,0.02311301372097127
93931,3,0.11993216170704422
93931,4,0.11292859814960306
93931,5,-0.037397607788255904
94091,1,-0.0029264708150967475
94091,2,7.658872589621804e-4
94091,3,-0.0018048132985401073
94091,4,0.00582844929163402
94091,5,0.05183339177188211
94528,1,0.0015675559838014721
94528,2,-0.0018023046225627054
94528,3,-0.010084723275706335
94528,4,0.007572134016197768
94528,5,0.056914184262725646
94592,1,0.0033689421018867514
94592,2,4.481825158708869e-4
94592,3,-0.005826982074814561
94592,4,-0.0028847868139504273
94592,5,0.06713572148237391
94952,1,0.05189159799753276
94952,2,0.02062815064584165
94952,3,0.09951583488767247
94952,4,0.11331864648511857
94952,5,-1.1426836648405564e-4
95052,1,0.0028914281382486627
95052,2,-0.003360424698165651
95052,3,-0.007388307222614288
95052,4,-0.002238328682155254
95052,5,0.05619083035413318
95093,1,0.0044304996921709534
95093,2,-0.0016722840143157253
95093,3,-0.0013964662716145313
95093,4,-0.00202017218636336
95093,5,0.06435301314767151
96166,1,-4.496421833022231e-6
96166,2,-0.0016390256810364509
96166,3,0.004600479859635825
96166,4,0.002608583614770509
96166,5,0.06377342818635266
96923,1,-0.022064643418656927
96923,2,0.012963333453950785
96923,3,-0.031860158847172027
96923,4,0.02838393659271879
96923,5,0.0011054198564969331
96931,1,0.05540097381602192
96931,2,0.016545642094334862
96931,3,0.09010420854876214
96931,4,0.1121534151500648
96931,5,0.061620307761894685
97122,1,0.0551968028853239
97122,2,0.013743462870528241
97122,3,0.09944155204125038
97122,4,0.10572438122238255
97122,5,0.012891138208451804
97394,1,0.05616766371977321
97394,2,0.012529342674873484
97394,3,0.09958693663130402
97394,4,0.11205376363177663
97394,5,0.05882785270017238
98930,1,0.053004648588441124
98930,2,0.015263292798206438
98930,3,0.10521678167159917
98930,4,0.12073916803820894
98930,5,-0.007292487086397841
99667,1,0.017954604760723646
99667,2,5.40987326836409e-4
99667,3,0.04031650898726969
99667,4,0.03421423349355177
99667,5,0.03614263469155411
99801,1,0.007792909362347679
99801,2,-1.6076375056523818e-4
99801,3,-0.00593683102284773
99801,4,-0.014668090100757456
99801,5,0.07844482119211091
99907,1,-0.01631963011616617
99907,2,0.01296561019579715
99907,3,0.008294901266223068
99907,4,0.012624758761628553
99907,5,0.004029839716618558
100184,1,0.00741953695021017
100184,2,0.004193353759187563
100184,3,0.0016816369833526118
100184,4,-1.0118443119001528e-4
100184,5,0.06455660323047253
100272,1,8.39717560425682e-4
100272,2,-0.004768120041369017
100272,3,2.5539957022434334e-4
100272,4,-0.0020800803703571995
100272,5,0.07537934899571092
100495,1,0.0014908449184735887
100495,2,-1.901265885335606e-4
100495,3,-7.349945074900272e-4
100495,4,-0.007476056222401634
100495,5,0.06076653444384217
100505,1,7.715021323320408e-4
100505,2,0.0022953490871382427
100505,3,-0.0076181018558363735
100505,4,-0.005107586133257882
100505,5,0.07224122964909689
100699,1,0.07270486760153017
100699,2,0.01912659670678343
100699,3,0.11674389146036591
100699,4,0.11898646598052542
100699,5,-0.05400226075257433
100904,1,0.002106891277215117
100904,2,0.0018431726677490378
100904,3,-0.0043581868645352784
100904,4,-0.006624355472225026
100904,5,0.06327286651401869
101362,1,0.04220074602092665
101362,2,0.035378683354935644
101362,3,-0.07446312066987855
101362,4,-0.1065723247446713
101362,5,0.01961437191624233
101905,1,-0.002133846048848666
101905,2,0.001038701837229834
101905,3,0.007184472611496434
101905,4,-0.020180529780298807
101905,5,8.827180421064827e-4
102181,1,0.06558305650277384
102181,2,0.017390214063981693
102181,3,0.11672548011450745
102181,4,0.11671519384640648
102181,5,0.023307927721162698
102205,1,0.007284735417258556
102205,2,-0.0016446639617673203
102205,3,-0.012842021779703474
102205,4,0.006125169904813585
102205,5,0.06427879148858213
102799,1,0.07094218990480533
102799,2,0.02277787200370764
102799,3,0.1226788144453243
102799,4,0.1258177348903773
102799,5,-0.03970377134319912
103517,1,0.06914334811412573
103517,2,0.022705368780068798
103517,3,0.1163610362924801
103517,4,0.10569812176948287
103517,5,0.021884675809786112
103642,1,0.0023163248312682416
103642,2,-0.0019060612199647874
103642,3,-0.0077603488006889685
103642,4,-0.0037565199776689877
103642,5,0.07340353355060908
104520,1,0.0034276208952491467
104520,2,-2.851218470188494e-4
104520,3,-0.006722380668823158
104520,4,-0.001120930314521459
104520,5,0.05977975134694643
104899,1,0.06316010019585229
104899,2,0.022576506886373058
104899,3,0.12765779357085288
104899,4,0.11621828351944308
104899,5,-0.034105302867519234
106635,1,0.06990128555521706
106635,2,0.024332732776565932
106635,3,0.11488644503602521
106635,4,0.11245848890422916
106635,5,0.044162420608336014
106805,1,0.005261401279176637
106805,2,-0.0034214875539880477
106805,3,7.244868048773175e-4
106805,4,0.005515773384074801
106805,5,0.0574588076042847
107157,1,0.00662303849707005
107157,2,0.00510765717288323
107157,3,0.005194433711658139
107157,4,0.007368947833959021
107157,5,-0.014684811966114172
107457,1,0.005334590488823648
107457,2,0.003959795462316631
107457,3,-0.012683943826607128
107457,4,0.002412898517427418
107457,5,0.08005752244185413
107613,1,-5.504566642746783e-4
107613,2,0.0011431503802108336
107613,3,-0.009383176617018717
107613,4,-0.0036429617353944546
107613,5,0.060706327801116546
107629,1,0.005054394686529046
107629,2,-0.005318606539895503
107629,3,0.003242636461304775
107629,4,0.004830984398913033
107629,5,0.07734068640912875
108187,1,0.0031439244630738447
108187,2,-0.0014885923044747934
108187,3,-0.0028488356458061625
108187,4,0.004888454586067861
108187,5,0.06304782528729722
108286,1,0.06081478958511661
108286,2,0.024881566023491904
108286,3,0.12627360921198721
108286,4,0.1166674551468359
108286,5,-0.03840217680710433
108949,1,0.004369696338592422
108949,2,6.247485084357245e-4
108949,3,0.003303812118564601
108949,4,-0.00808794499222131
108949,5,0.07271695596685882
108958,1,-0.0720996031605355
108958,2,-0.02675169913976919
108958,3,0.03293814488871498
108958,4,-0.025980102905931692
108958,5,-0.008619593404953066
109272,1,0.004470611920527722
109272,2,7.929739822938991e-4
109272,3,0.002488021939277105
109272,4,-0.011367342021615302
109272,5,0.06926823442443565
109288,1,0.007972867366753457
109288,2,-0.0013684831982080927
109288,3,-0.005715149252355736
109288,4,-0.001883078028217224
109288,5,0.07033916714492094
109377,1,0.02967934935125302
109377,2,-0.0026291274241983372
109377,3,0.03285613766669235
109377,4,0.057520143368218986
109377,5,-0.0349347097748508
110058,1,0.07093899719965974
110058,2,0.020982982282825174
110058,3,0.1344227504593676
110058,4,0.12008620772452634
110058,5,-0.03188573855613881
110098,1,0.06852291722786283
110098,2,0.024397373363611356
110098,3,0.1121797857006574
110098,4,0.12051216141201043
110098,5,0.022987787390044898
110761,1,0.0164357065035416
110761,2,0.005634562185887851
110761,3,0.015253784933850158
110761,4,0.01648394267911824
110761,5,-0.02570650265050719
110771,1,-0.010279747866986154
110771,2,-0.03609622237471315
110771,3,0.014239259557496341
110771,4,0.006627439253585073
110771,5,-0.022174142547134075
112877,1,0.042870044178043985
112877,2,0.03143854203036589
112877,3,-0.06724030721007514
112877,4,-0.12168446798764049
112877,5,0.020220283822734816
113620,1,-0.004075945886966813
113620,2,-0.030168261399047797
113620,3,0.010883162033192277
113620,4,0.011368019510133767
113620,5,0.001601305637964217
116465,1,-0.0015770934585889551
116465,2,-0.006634574137754281
116465,3,-0.004818769901142403
116465,4,-0.01722985305827888
116465,5,0.06495742283230733
116787,1,0.06811047385290447
116787,2,0.01999152757889076
116787,3,0.11607263728337877
116787,4,0.11978558458448992
116787,5,0.019880241526139854
118008,1,0.0024330148726694986
118008,2,-0.0022149222195834172
118008,3,-0.007410091364468726
118008,4,5.040367851105926e-4
118008,5,0.06429464898284666
118034,1,-0.01301242172249346
118034,2,-0.03488912307097508
118034,3,0.0029385475303488435
118034,4,0.011505062923632318
118034,5,-0.03916422885014714
118087,1,0.006600564628766945
118087,2,0.0051596537652862425
118087,3,-0.00026450356366391386
118087,4,-0.017928041390107802
118087,5,0.0762465601575325
118150,1,0.004246699802047745
118150,2,0.002209740237885921
118150,3,-0.009487249998199013
118150,4,0.0018495324027961947
118150,5,0.05738220072704985
119730,1,0.0033154826442683247
119730,2,-0.0020612613243624262
119730,3,-0.002235294616444297
119730,4,-0.004654736157789654
119730,5,0.08621674173339768
120093,1,0.0036152662071701333
120093,2,0.0015586140530866276
120093,3,2.95012130183587e-4
120093,4,-0.00779567265344453
120093,5,0.0769236336939175
120127,1,0.005154346889864692
120127,2,0.0013507206288701208
120127,3,-0.009686823027146232
120127,4,0.0018778597649706885
120127,5,0.06594249944604585
120471,1,0.0556183858903619
120471,2,0.016541422060348882
120471,3,0.10319714926732493
120471,4,0.09516874914509593
120471,5,0.019983697462487085
121310,1,0.06262762506450734
121310,2,0.023460387961695188
121310,3,0.13277331836582706
121310,4,0.11036892235280078
121310,5,-0.049187976188606285
121470,1,2.1180120595126997e-4
121470,2,-0.0016295114797249895
121470,3,-0.0024347411176638325
121470,4,0.009034595374744034
121470,5,0.059674391188176676
121478,1,0.06761489444220303
121478,2,0.017445642109947767
121478,3,0.12308438552019332
121478,4,0.12359195200309159
121478,5,0.026216658396787784
121824,1,0.06445322211055608
121824,2,0.016593274899350346
121824,3,0.10102467537141607
121824,4,0.11780515592971014
121824,5,0.020830652466837393
121976,1,0.07074123462182587
121976,2,0.018816377777443046
121976,3,0.1253030467603217
121976,4,0.11977823053133575
121976,5,0.017419001825876298
122508,1,0.06522797972945271
122508,2,0.02060284404121579
122508,3,0.11222313594884126
122508,4,0.11997806113026399
122508,5,-0.06304720686959954
124302,1,0.07224170830193145
124302,2,0.010902311070301261
124302,3,0.11647027600257354
124302,4,0.11186515929488142
124302,5,0.03658434707109371
124412,1,0.07050546085548487
124412,2,0.015689462607443402
124412,3,0.11796133609194233
124412,4,0.1140148838240465
124412,5,0.018933391398444945
124431,1,-0.001695412387930824
124431,2,0.0030690487772042376
124431,3,-0.009225754171425888
124431,4,-0.011995001334726184
124431,5,-0.009305324521538927
125121,1,-0.07378188632202208
125121,2,-0.028943681918309438
125121,3,0.03357660633843088
125121,4,-0.013096376320772499
125121,5,0.007145185431695907
125538,1,0.06205146740241423
125538,2,0.019053117854362988
125538,3,0.1196333201699848
125538,4,0.12713688185348046
125538,5,-0.04829898757876294
126149,1,0.0050611287893104085
126149,2,-0.0022245607224788844
126149,3,-0.002860502528101461
126149,4,-0.008136046957640527
126149,5,0.0666176458694454
126516,1,-4.8319973530116514e-4
126516,2,0.0016378283229847898
126516,3,0.004857810306647896
126516,4,-0.021070586703651757
126516,5,-0.010915857686382492
126529,1,0.06048150043070956
126529,2,0.02545384304949803
126529,3,0.012249519051856025
126529,4,-0.060016736787984346
126529,5,0.07186002273820162
126600,1,0.0658438025651996
126600,2,0.007279475321457879
126600,3,0.022583456160884627
126600,4,-0.0637740701276139
126600,5,0.053558178884945185
126614,1,0.06380254989459617
126614,2,0.009558909338042256
126614,3,0.03335828743201662
126614,4,-0.06666226389625184
126614,5,0.057007615973091424
126730,1,0.06749274795086432
126730,2,0.009335749886175776
126730,3,0.043123284584495644
126730,4,-0.06443981255639669
126730,5,0.05987528787015897
126760,1,0.06987021462676393
126760,2,0.006342948318176286
126760,3,0.012402786912438662
126760,4,-0.07328070426989362
126760,5,0.06133322888486315
126923,1,0.07066232546664498
126923,2,0.014339768173733213
126923,3,0.026879777450812527
126923,4,-0.06412187187110155
126923,5,0.07030540444133748
126930,1,0.07184590875855447
126930,2,0.009830787426049663
126930,3,0.03344798253813486
126930,4,-0.06268638119070649
126930,5,0.04917132392595891
126971,1,0.012576853050535738
126971,2,0.011237332129118534
126971,3,-0.009408556538207227
126971,4,-0.02475134002011117
126971,5,-0.010122124559931226
127194,1,0.028615309296575804
127194,2,-0.003991267727081803
127194,3,0.013260554966321603
127194,4,0.061196154386209095
127194,5,-0.039665184517744846
127720,1,0.07044536708780587
127720,2,0.00968282407165368
127720,3,0.03206511408782506
127720,4,-0.06363534153623848
127720,5,0.04447062156449018
127952,1,-0.007404938471381044
127952,2,-0.008606549152111717
127952,3,0.015210999368461915
127952,4,0.002076423099910813
127952,5,0.015118542273558076
128432,1,-0.00292525441768847
128432,2,-0.007104165784631747
128432,3,-0.006925699817563897
128432,4,-0.010411595775082943
128432,5,0.009967545015804543
128713,1,0.06999641580478644
128713,2,0.009918940492223898
128713,3,0.032334223025269025
128713,4,-0.06242858937286872
128713,5,0.057862984828678
128863,1,-0.0033146946965183924
128863,2,-0.007409604234738028
128863,3,0.00729978595153394
128863,4,-0.013485808485129277
128863,5,0.01583656557146198
129063,1,-0.007311948159712815
129063,2,0.0013267618885799996
129063,3,0.01302619634736473
129063,4,-0.0010161229067765511
129063,5,0.013997337012320407
129503,1,0.0031999757784500573
129503,2,0.00219671579264137
129503,3,0.019636252862947866
129503,4,-0.012227113801164407
129503,5,0.0026200772029721623
129635,1,-0.09401623121068053
129635,2,0.04534221720710494
129635,3,0.04255343736395696
129635,4,-0.03192708586354269
129635,5,-0.06080829281425848
129864,1,0.06928892588317405
129864,2,0.011548690709515244
129864,3,0.04055032595768264
129864,4,-0.05660023913121972
129864,5,0.04742807905451034
129987,1,0.006980809468003865
129987,2,3.435452563275558e-4
129987,3,-0.007532836936662385
129987,4,-0.006286669489234632
129987,5,0.07589084627042034
130133,1,0.03530025107523976
130133,2,0.026823723210727367
130133,3,-0.05499670446338173
130133,4,-0.08304467100173125
130133,5,0.010389433072122435
131059,1,-0.0017165345018629395
131059,2,-0.007520299186369547
131059,3,0.014644691182761328
131059,4,-0.00975466513924804
131059,5,0.023683318054888255
131362,1,0.0702727163059724
131362,2,0.012091505362205842
131362,3,0.02889547335412746
131362,4,-0.05367659945344432
131362,5,0.06043703925409421
132258,1,-0.0017419032744996447
132258,2,-0.004128224953989256
132258,3,-0.0058193960020597
132258,4,-0.0010721709708719498
132258,5,0.07992255704685022
132539,1,1.950930103400244e-4
132539,2,-0.012062435872768383
132539,3,0.008097669765316229
132539,4,-0.002548654493597313
132539,5,0.016271568499573584
132775,1,-0.08056681368703451
132775,2,-0.03638054639865635
132775,3,0.04966698083728535
132775,4,-0.016418532460274807
132775,5,-0.005703711906752509
133433,1,-0.08527999256834227
133433,2,-0.0341158743611818
133433,3,0.07039941701671741
133433,4,-0.04940097402483243
133433,5,0.008290790494810697
133900,1,-0.08302508132569067
133900,2,-0.030132897190938784
133900,3,0.06914784282375594
133900,4,-0.040477360653389576
133900,5,0.01154509826182422
134017,1,0.06522614928421985
134017,2,0.008639915972476613
134017,3,0.02643162644894586
134017,4,-0.053349165150250816
134017,5,0.0542776583460678
134196,1,-0.09144858053115026
134196,2,-0.045105080976463104
134196,3,0.07051820530283273
134196,4,-0.028962873499636194
134196,5,0.0350163281680063
134281,1,0.002906236540953195
134281,2,-0.004816110520328274
134281,3,0.007642168659290974
134281,4,-0.00797946028847714
134281,5,0.02054385285095788
134349,1,0.002960335783208498
134349,2,0.00205453240300236
134349,3,-0.010205971577623488
134349,4,0.010312942918057448
134349,5,0.08519005902001554
134400,1,-0.0888367594302268
134400,2,0.03421007535369954
134400,3,0.07040953336914901
134400,4,-0.00848189447271895
134400,5,-0.06999817731007664
134539,1,-0.09492118404918919
134539,2,0.04156007544496707
134539,3,0.05472202833386661
134539,4,-0.04455005921464685
134539,5,-0.03898585219774211
135725,1,6.77771227170225e-4
135725,2,-4.378729291267046e-4
135725,3,-0.010886830204078138
135725,4,-0.0019261235765223514
135725,5,0.06864201628758214
136025,1,-0.10140214350132248
136025,2,0.04754944844946576
136025,3,0.06917545025825865
136025,4,-0.04718848688404501
136025,5,0.02554277540169031
136374,1,-0.10076627138687254
136374,2,0.03349066886368559
136374,3,0.07068346158036308
136374,4,-0.029758790214049504
136374,5,-0.05561920952993057
136454,1,-0.09929169267820809
136454,2,0.04496795867124025
136454,3,0.07380510016857057
136454,4,-0.03833695934719627
136454,5,-0.045528773864675444
136461,1,-0.019350556011900086
136461,2,-0.11110890636878115
136461,3,0.012285707967374822
136461,4,-0.009485041663095335
136461,5,-0.03105419119447468
136568,1,0.007273798868449277
136568,2,0.004166624798698066
136568,3,0.009197255713227685
136568,4,-8.0895672988749e-4
136568,5,0.07466347278604676
136721,1,-0.09787175803657226
136721,2,0.04530751417279287
136721,3,0.0724860229974866
136721,4,-0.03797772149797168
136721,5,-0.04150686976222564
136983,1,0.004788714461202272
136983,2,-0.00795933045698453
136983,3,4.7381802526302294e-4
136983,4,-0.02104171749058847
136983,5,0.012841372462673152
137114,1,-0.09903175484807814
137114,2,0.04024792666359882
137114,3,0.0641218984783329
137114,4,-0.04335422545922998
137114,5,-0.04157415449409712
137127,1,0.03752502104081008
137127,2,-0.020774068007847483
137127,3,0.048014298021343695
137127,4,-0.06567711156328916
137127,5,-0.031446023746120245
137293,1,0.002564170861122272
137293,2,-0.007001707949623079
137293,3,-0.006490878965776036
137293,4,-0.0011103371865644157
137293,5,0.0634921904239937
137310,1,-0.09775231329949884
137310,2,0.041509066629451
137310,3,0.06932834741931035
137310,4,-0.04405186115610058
137310,5,-0.040023929725866686
137454,1,-0.10204349939227216
137454,2,0.038311305118505994
137454,3,0.06747907641777212
137454,4,-0.036357838522872006
137454,5,-0.03851353691438363
137674,1,0.06854257548389996
137674,2,0.011195246103712853
137674,3,0.02503611719575369
137674,4,-0.04825228131230295
137674,5,0.04888282435238426
137900,1,-0.10272997460537757
137900,2,0.04132596647134342
137900,3,0.07154716649511803
137900,4,-0.039484452731124504
137900,5,-0.04330020522115687
138125,1,-0.09837666478654757
138125,2,0.04876961448576588
138125,3,0.06780252508201821
138125,4,-0.023695245687667933
138125,5,-0.05650671148155951
138148,1,-0.10301446704363992
138148,2,0.04353716514443828
138148,3,0.06832092279726974
138148,4,-0.03175421393504259
138148,5,-0.03483508717929522
138460,1,-0.10098975575723658
138460,2,0.046334956978573934
138460,3,0.06875196913431862
138460,4,-0.03817531419718718
138460,5,-0.042275838486144454
138555,1,-0.0972838297382487
138555,2,0.04005432925743066
138555,3,0.06872487498488013
138555,4,-0.03766013573739342
138555,5,-0.048403879088469604
138601,1,0.02856975555097286
138601,2,-0.016600698837237582
138601,3,0.03616693694984181
138601,4,-0.05258523443522027
138601,5,-0.03193606574231424
138603,1,0.03854310769216738
138603,2,-0.020801276157071686
138603,3,0.03533027001867115
138603,4,-0.0635105394458563
138603,5,-0.03754667869355267
138620,1,-0.10274179115316676
138620,2,0.040498842267138235
138620,3,0.07206261185487253
138620,4,-0.0316779122828929
138620,5,-0.046156484494428336
139154,1,-0.09754804698596345
139154,2,0.04532983657513589
139154,3,0.06700711036336864
139154,4,-0.03785979599511099
139154,5,-0.05112203335273536
139173,1,-0.10432620715002108
139173,2,0.04242594359694475
139173,3,0.06162702622143447
139173,4,-0.035091633699581855
139173,5,-0.03833398733046047
139362,1,0.03524041272310899
139362,2,-0.020491013839380935
139362,3,0.03865047598843492
139362,4,-0.07031449924732966
139362,5,-0.026903804545817086
139409,1,-0.09654694592939086
139409,2,0.04398149193990517
139409,3,0.0774486627635028
139409,4,-0.03883395957033422
139409,5,-0.045485936144513954
139456,1,-0.1005977080402528
139456,2,0.038445180682341845
139456,3,0.07453346305021433
139456,4,-0.0315229754662155
139456,5,-0.04146585585581468
139576,1,-0.09863727869291447
139576,2,0.033272051872732925
139576,3,0.07129762750555481
139576,4,-0.027856005584493457
139576,5,-0.05775503657168379
139741,1,-0.05921998757551223
139741,2,0.020697251470449186
139741,3,0.04479594762900547
139741,4,-0.02301722703114762
139741,5,-0.042031894686624986
139841,1,0.033917089594035055
139841,2,-0.022414934305862805
139841,3,0.03342409257496095
139841,4,-0.056442601722479675
139841,5,-0.04134103710736876
140086,1,0.0670507316836487
140086,2,0.013016159811003175
140086,3,0.01929402512285442
140086,4,-0.05134488387862756
140086,5,0.0346231475816258
140171,1,-0.09326391312882479
140171,2,0.039374217564939036
140171,3,0.06831365566256123
140171,4,-0.02779703606181028
140171,5,-0.058697012729509473
140280,1,0.0356076177849692
140280,2,-0.01926287949989228
140280,3,0.04152300358193473
140280,4,-0.05553395168766593
140280,5,-0.03627256260406775
140505,1,-0.10087400011184068
140505,2,0.035139767051825324
140505,3,0.07739993099056633
140505,4,-0.0338163794817076
140505,5,-0.05035537978662098
140506,1,-0.09832327620175567
140506,2,0.038449515103751705
140506,3,0.07845115439860535
140506,4,-0.040805928309631756
140506,5,-0.055370757279664715
140695,1,-0.1066338987634925
140695,2,0.04501769561979155
140695,3,0.07513789795305595
140695,4,-0.039139825445085534
140695,5,-0.044922644614791535
140853,1,-0.09713064271413205
140853,2,0.03939200150786348
140853,3,0.0774016292378921
140853,4,-0.032940519932353925
140853,5,-0.0435096316487332
140909,1,-0.004328618592121787
140909,2,-0.0354436717429225
140909,3,0.005943266859058475
140909,4,0.010029938987187344
140909,5,0.007197526075289742
141769,1,-0.09510559006870903
141769,2,0.03813205102731171
141769,3,0.06939823497170076
141769,4,-0.03484384843286658
141769,5,-0.04752141581902373
143495,1,-0.09726312903627081
143495,2,0.04477045768354444
143495,3,0.06861735008480208
143495,4,-0.03644977376117641
143495,5,-0.04007974532619423
143723,1,-0.10557687868765196
143723,2,0.044141749533570585
143723,3,0.07315700920049292
143723,4,-0.0338784974682847
143723,5,-0.04082759681182176
143754,1,-0.10020879228002463
143754,2,0.04396203189402964
143754,3,0.07171841084979697
143754,4,-0.030774188356629747
143754,5,-0.05758069327841231
144050,1,-0.023947037287671467
144050,2,-0.10852310352743141
144050,3,0.01208831104453262
144050,4,-0.0018284658414672115
144050,5,-0.02934767091726128
144382,1,0.06613240591421332
144382,2,0.0123712849099122
144382,3,0.024453799116797428
144382,4,-0.050688413567335444
144382,5,0.03298896078633013
144460,1,0.0023974782200056935
144460,2,0.005251239235369793
144460,3,-0.013082178464633226
144460,4,0.006444649929451404
144460,5,-0.02456306329852482
144535,1,0.07579804411289809
144535,2,0.01243860988892808
144535,3,0.05088236725271508
144535,4,-0.06671182387528894
144535,5,0.0287013220380804
144560,1,0.08271923096904328
144560,2,0.012838704294153463
144560,3,0.04843195947257219
144560,4,-0.08198367330917013
144560,5,0.04242093585092626
144570,1,0.05007576164570814
144570,2,-0.03607831148997478
144570,3,0.0528775765284721
144570,4,-0.06918870160832422
144570,5,-0.04664759172551753
144899,1,0.04979358024863127
144899,2,-0.030054868565725125
144899,3,0.05489863042792167
144899,4,-0.07709707346304055
144899,5,-0.04055659912371665
145413,1,0.05172075804037898
145413,2,-0.03385443106273164
145413,3,0.05135707396119907
145413,4,-0.08971606929794065
145413,5,-0.05428902711044368
145853,1,-0.09875020695027371
145853,2,0.043630710421123466
145853,3,0.07124997944809923
145853,4,-0.025036758101286832
145853,5,-0.03585743186101553
146951,1,-0.09723608751139848
146951,2,0.04535400656246958
146951,3,0.06815332222469474
146951,4,-0.03357225685293271
146951,5,-0.047185069548981974
146995,1,0.051432179049327405
146995,2,-0.02703884720773374
146995,3,0.0476973798058811
146995,4,-0.08080117296722118
146995,5,-0.030312055868556925
147093,1,-0.012406296384744959
147093,2,-0.11649768174830354
147093,3,0.010442467346342377
147093,4,0.015224499250776926
147093,5,-0.009905708945919148
147486,1,-0.015215051258129466
147486,2,-0.11511638370372841
147486,3,0.010785732354457945
147486,4,0.01834564995504058
147486,5,-0.008326612174670008
147497,1,-0.10348872493858757
147497,2,0.04036282868170576
147497,3,0.07123243072212831
147497,4,-0.03772254518537769
147497,5,-0.043825971239384136
147685,1,-0.10328306731713303
147685,2,0.03384902496392088
147685,3,0.07231515012501444
147685,4,-0.03365775223261963
147685,5,-0.03317045450678629
147809,1,0.0027973156711474764
147809,2,-0.011238332106459224
147809,3,-0.0011145434119059247
147809,4,-0.0023055748377421056
147809,5,-0.00791593851257662
147915,1,-0.10312695005446051
147915,2,0.03698952339572521
147915,3,0.07188521114659427
147915,4,-0.03229151626845754
147915,5,-0.05270500598568303
147917,1,-0.09742938979303595
147917,2,0.0370005827269009
147917,3,0.07524241894325136
147917,4,-0.02064216521606168
147917,5,-0.0505227233695262
148703,1,-0.09400932757684782
148703,2,0.03391765595668239
148703,3,0.06822440642157114
148703,4,-0.0359981870421848
148703,5,-0.04290249520822101
149381,1,0.0036570266760708164
149381,2,0.0015888673959784652
149381,3,-0.005454738672020971
149381,4,0.00783423599740547
149381,5,0.0675399280216651
149407,1,0.04637230594170612
149407,2,-0.029908479750706513
149407,3,0.05419004717760825
149407,4,-0.0795731773053309
149407,5,-0.03838378332317439
149599,1,0.006656195300697546
149599,2,-4.5115222057814395e-5
149599,3,-0.0019229600298078591
149599,4,-7.438747603595936e-4
149599,5,0.06932186454440542
149913,1,-0.015606910290678256
149913,2,-0.11586403319638285
149913,3,0.012405752405182059
149913,4,0.005478782640787046
149913,5,-0.011643128976843975
149975,1,0.05437556943465185
149975,2,-0.033516979504911774
149975,3,0.06341714510460565
149975,4,-0.08094672240837374
149975,5,-0.04279695030822451
150262,1,4.1370479454796874e-4
150262,2,-3.73026225419909e-4
150262,3,-0.014925684314298094
150262,4,-0.036154364195838014
150262,5,-1.9404565237171812e-4
151330,1,0.04714165558156108
151330,2,-0.03013270193494703
151330,3,0.052072959220570175
151330,4,-0.08746820543634724
151330,5,-0.06518672122615057
151677,1,0.005348732517946916
151677,2,0.0011880501076118968
151677,3,-0.0045443602315439905
151677,4,0.0028321024954240464
151677,5,0.07270560111338457
152358,1,0.002661871733250872
152358,2,0.005449887636589677
152358,3,-0.027506375240802808
152358,4,0.01860433290677484
152358,5,-0.0033082414121153605
152533,1,0.04250899530936098
152533,2,-0.025885533582432695
152533,3,0.05417129556721129
152533,4,-0.059704940539487036
152533,5,-0.04418400304102538
152570,1,0.04978523801290814
152570,2,-0.030987678287619412
152570,3,0.06781439709828102
152570,4,-0.08719106287104487
152570,5,-0.04580884605228967
152972,1,0.04667041204960175
152972,2,-0.028090172086494385
152972,3,0.05661677374305427
152972,4,-0.07816576305313773
152972,5,-0.0416089580803254
152992,1,0.0491481964653571
152992,2,-0.032774050755334315
152992,3,0.04722692394760515
152992,4,-0.07292696982343295
152992,5,-0.05304862565600035
153057,1,-0.010125385745694881
153057,2,-0.08535839230798457
153057,3,0.003931868290302408
153057,4,0.0010028273231503168
153057,5,-0.016956211875706225
153267,1,0.07868988555232527
153267,2,0.01802690780947978
153267,3,0.0521074875419168
153267,4,-0.08784314129858709
153267,5,0.017967524595657078
153393,1,0.0718021822888989
153393,2,0.016614935857983994
153393,3,0.053985659532471746
153393,4,-0.0829468000459314
153393,5,0.022757991600071976
153430,1,-0.012109455607677743
153430,2,-0.11194591489116248
153430,3,0.0060231830382042285
153430,4,0.0026766725006648943
153430,5,-0.024742374697128717
153691,1,0.07551745486241919
153691,2,0.021777279421234884
153691,3,0.05455798584033668
153691,4,-0.09916550332133606
153691,5,0.025478539200671346
153856,1,-0.09897058937189428
153856,2,0.04958385748684759
153856,3,0.04164434929513596
153856,4,-0.03071051147812372
153856,5,-0.04169234855829174
154162,1,-0.01454532814622195
154162,2,-0.10992732736006491
154162,3,0.008870675276033973
154162,4,0.009774091873568177
154162,5,-0.0053674689205079834
154214,1,-0.0032409238100233775
154214,2,-0.011558165202267583
154214,3,0.005323512632910751
154214,4,-0.015815999843016817
154214,5,0.005587584280215896
154241,1,-0.015020945226668903
154241,2,-0.1102785934483762
154241,3,0.017875386452134927
154241,4,0.008951182959616956
154241,5,-0.012638826283025971
154322,1,0.013356590543470779
154322,2,-0.011655952809113999
154322,3,0.006689947753069356
154322,4,0.03166853122402461
154322,5,-0.013133969417747419
154403,1,0.003984973003558069
154403,2,0.0012855502148314683
154403,3,-0.006873919405916714
154403,4,-0.009880263201762066
154403,5,0.05720599701861526
154584,1,-0.01542522953364153
154584,2,-0.11732170909447036
154584,3,0.015198150519780065
154584,4,0.004469316612507909
154584,5,-0.01831881627378431
154614,1,0.07690582471917301
154614,2,0.019416441077793452
154614,3,0.06433051680698192
154614,4,-0.07953021228943348
154614,5,0.018503414943106363
154710,1,-0.012486371525921093
154710,2,-0.11064250768795525
154710,3,0.009685715650020032
154710,4,0.02046222989532929
154710,5,-0.0160140446245109
154788,1,8.881030695425954e-4
154788,2,0.010237044082078648
154788,3,0.02613623467362901
154788,4,0.008437590074622976
154788,5,-0.019986793328413476
154809,1,-7.989839483771272e-5
154809,2,-0.006317149854498461
154809,3,-0.0042599576605809215
154809,4,-0.008174078450801632
154809,5,0.07287388251879477
154837,1,-0.012362194913652175
154837,2,-0.1004233042337305
154837,3,0.015376952998595313
154837,4,-5.47977030536701e-4
154837,5,-8.310909202400895e-4
155378,1,-0.002986771471039061
155378,2,-9.972542785934872e-4
155378,3,0.013605694854647165
155378,4,0.009958362539897332
155378,5,-0.00843544049344295
155449,1,0.007765063787196196
155449,2,-0.002204940736177219
155449,3,-0.0010514465201110596
155449,4,-0.002408839407329015
155449,5,0.08510658899804031
155627,1,-0.0050467333623426735
155627,2,-0.009282734737512796
155627,3,0.0027074798167133454
155627,4,0.009844628303305623
155627,5,9.77925707473118e-4
155732,1,0.0028044374333770373
155732,2,-0.0036341508469688597
155732,3,-0.0031862105261342235
155732,4,-0.0017153512426884582
155732,5,0.07289151406664586
155880,1,-0.005308775182563131
155880,2,-0.009813720279733474
155880,3,0.005335767830138166
155880,4,0.012978005075340129
155880,5,-0.0024772571471519257
155910,1,0.04820118835144304
155910,2,-0.026020690271683137
155910,3,0.060484179567688014
155910,4,-0.07827670216819521
155910,5,-0.04272093099291408
155954,1,0.027521038974234687
155954,2,0.00921045757044096
155954,3,-0.044446823798520954
155954,4,-0.04505422098298061
155954,5,0.02889327389063115
155955,1,0.07747924471494053
155955,2,0.014460631039817963
155955,3,0.05139399141359268
155955,4,-0.0766355199041371
155955,5,0.022504906632995397
156018,1,-0.003317197679769015
156018,2,-0.08282179003080349
156018,3,0.014222500633973064
156018,4,0.0012663157405944112
156018,5,0.029726305954473283
156024,1,-0.005083379316757544
156024,2,-0.08195880547147616
156024,3,0.0032575456280097685
156024,4,0.016538707488154506
156024,5,0.022483547832399274
156033,1,-7.251977314099004e-4
156033,2,-0.08423553004820662
156033,3,0.011434871310202375
156033,4,0.0019319101681004804
156033,5,0.03256365606801596
156142,1,-0.01152811185243014
156142,2,-0.11707558657221895
156142,3,0.011793355706213501
156142,4,0.008132602942696332
156142,5,0.04811311787141677
156165,1,0.057756202619661856
156165,2,-0.022424610475949465
156165,3,0.04224461647504476
156165,4,-0.07658133455807578
156165,5,-0.026298188109024026
156173,1,0.0739906215600054
156173,2,0.010032382514710593
156173,3,0.050157777371027105
156173,4,-0.07865767665115012
156173,5,0.016252053625460672
156204,1,-0.017506573526932783
156204,2,-0.11791715016559738
156204,3,0.025298360186528156
156204,4,0.01515450827041596
156204,5,-0.009446564561045308
156236,1,0.0023701408721569024
156236,2,0.00400730367950146
156236,3,0.010207550787118871
156236,4,-0.004987241560639169
156236,5,0.004317016039885417
156329,1,0.046356549570604214
156329,2,-0.025545559571485625
156329,3,0.058871840449972325
156329,4,-0.0787711904922018
156329,5,-0.053919873921677
156330,1,0.04673825711238682
156330,2,-0.02625965041743119
156330,3,0.0586786763025471
156330,4,-0.08183695043891226
156330,5,-0.02496537426252915
156532,1,0.0029893804752122197
156532,2,-0.002099428037946227
156532,3,-0.0031418447284542904
156532,4,-0.0036250687639757325
156532,5,0.06645513744028833
156534,1,0.04642343908394883
156534,2,-0.02924895024367651
156534,3,0.05960771873767829
156534,4,-0.082040032376636
156534,5,-0.035077313733297484
156652,1,0.07703392125487427
156652,2,0.02280429915041549
156652,3,0.045514429380871475
156652,4,-0.08100668897798602
156652,5,0.010224846973546186
156656,1,0.052556408579416104
156656,2,-0.034405497376478786
156656,3,0.06118331197881885
156656,4,-0.07058633889338244
156656,5,-0.037850177875104446
156769,1,-0.013080198714436508
156769,2,-0.11750098085502914
156769,3,0.009558659919113735
156769,4,-0.0014472550000428578
156769,5,-0.01021158401442124
156797,1,-0.015575577810257943
156797,2,-0.1147496630689102
156797,3,0.010193338901444908
156797,4,0.00669506047017233
156797,5,-0.02548217347795654
156966,1,-4.7155879584021986e-4
156966,2,-0.007547455734129116
156966,3,0.011635479508203211
156966,4,0.0038635399303189174
156966,5,0.011773976658052573
157157,1,0.04799923641542029
157157,2,-0.03209143301806043
157157,3,0.0476708741716096
157157,4,-0.07346819881588999
157157,5,-0.050461653856255936
157272,1,0.051527442007252164
157272,2,0.030613572426176794
157272,3,-0.06873814449490037
157272,4,-0.12353336973466303
157272,5,-0.012227710359467552
157746,1,0.05197557210153223
157746,2,-0.03370161028813636
157746,3,0.052499984151929
157746,4,-0.08026449333799011
157746,5,-0.03919336150491801
157851,1,-0.01917367022203188
157851,2,-0.12024795649107228
157851,3,0.028122581808738573
157851,4,0.004547337945669625
157851,5,-0.021225875022147303
157975,1,-0.019268243194451858
157975,2,-0.10945384710978631
157975,3,0.0274812407840434
157975,4,0.010197501094641542
157975,5,-0.0063267234754995
157976,1,0.049568007057072816
157976,2,-0.029224800813674047
157976,3,0.058856883389634324
157976,4,-0.078375829260129
157976,5,-0.023499784547748682
157984,1,-0.020212201417705924
157984,2,-0.11547871819490005
157984,3,0.01960101946259078
157984,4,0.014373825398440556
157984,5,-0.010531584852684062
158114,1,0.043944888488189345
158114,2,-0.03576823185219423
158114,3,0.05364692681725496
158114,4,-0.07511689481736183
158114,5,-0.05066764259205982
158315,1,0.07774244855590119
158315,2,0.027968531598691976
158315,3,0.063732695679944
158315,4,-0.06635521880053588
158315,5,0.0012357912138643424
158390,1,-0.01704800363934786
158390,2,-0.11017582288663866
158390,3,0.022564079801570925
158390,4,0.015181999866788682
158390,5,-0.00236568267748766
158434,1,0.07844129551394476
158434,2,0.015158240453854952
158434,3,0.05191566374822616
158434,4,-0.08983767008252946
158434,5,0.014812805798895167
158495,1,0.04983715049746884
158495,2,-0.03293437047341424
158495,3,0.055186447091394586
158495,4,-0.07105328366682369
158495,5,-0.04685371830839458
158684,1,-0.010655031526507479
158684,2,-0.11775386613873913
158684,3,0.023627233301989875
158684,4,0.015650069975599413
158684,5,-0.020783031813324807
158690,1,-0.01874260772400212
158690,2,-0.11359854810798775
158690,3,0.021646087782173088
158690,4,0.0035475750675026336
158690,5,-0.030271984451005506
158744,1,0.004406804726965571
158744,2,-0.004253700871778626
158744,3,0.0010735003197635568
158744,4,-9.710245636872991e-4
158744,5,0.0702948290357433
159097,1,-0.018556644075850358
159097,2,-0.11824595977786831
159097,3,0.020451778210653398
159097,4,0.012138327854735353
159097,5,8.707688717538429e-4
159245,1,-0.020105182396804054
159245,2,-0.12274551208697254
159245,3,0.02466117958477917
159245,4,-4.559411191549041e-4
159245,5,-0.024394841622844346
159289,1,0.07615804201169891
159289,2,0.016150777340545153
159289,3,0.05477362711430803
159289,4,-0.08058670457143162
159289,5,0.024319021351282888
159745,1,-0.019909184689195905
159745,2,-0.11940850977408816
159745,3,0.02075004665642487
159745,4,0.016273406228601104
159745,5,0.0011604846321171054
160207,1,0.00465207355694853
160207,2,-2.7120146054650625e-4
160207,3,0.0038880173815760435
160207,4,-4.7077914073975747e-4
160207,5,0.07671042668503998
160208,1,0.04416873021727398
160208,2,-0.02341402729848642
160208,3,0.057305534094994615
160208,4,-0.06859382634411433
160208,5,-0.04834586096048516
160216,1,-0.01479592731638378
160216,2,-0.11065363856678222
160216,3,0.029458931562797833
160216,4,-8.031160314897433e-4
160216,5,-0.018961734251794763
160533,1,0.075304381959361
160533,2,0.016566819786186515
160533,3,0.056809908746093464
160533,4,-0.08904003435686794
160533,5,0.01676600534764033
160551,1,0.04400709323998711
160551,2,-0.0325877156836819
160551,3,0.058475947853764414
160551,4,-0.08126651500120362
160551,5,-0.03807784155232075
161450,1,0.048986807172541315
161450,2,-0.0262034619973714
161450,3,0.051762512088636616
161450,4,-0.07208413255653695
161450,5,-0.05662479362783099
161502,1,-0.016733991553208226
161502,2,-0.12037435354609714
161502,3,0.02005289310294533
161502,4,0.01876958375997263
161502,5,-0.008904283115841738
161736,1,-0.019023481831539617
161736,2,-0.11393513526610011
161736,3,0.019435035768776397
161736,4,0.012456064397495407
161736,5,-0.025505400205043525
162102,1,-0.018132763074374777
162102,2,-0.11386189803804121
162102,3,0.020596075204891734
162102,4,0.016271601687148595
162102,5,0.0015666211328992862
162217,1,-0.0196705985454981
162217,2,-0.11627172187638417
162217,3,0.019469805655663797
162217,4,0.00433609162738468
162217,5,-0.021907780638149372
162276,1,0.004452998749838026
162276,2,0.005256877867177156
162276,3,-0.01110789732461956
162276,4,0.00535417140049076
162276,5,-0.011185841127455373
162292,1,-0.013808719191346233
162292,2,-0.11641331279046548
162292,3,0.026059926075446178
162292,4,0.01236115932748784
162292,5,-0.01354041938121519
162683,1,0.07636998951504283
162683,2,0.013744283745106506
162683,3,0.059283391846345665
162683,4,-0.0895280951321804
162683,5,0.02873193440863238
162697,1,-0.015897537768496037
162697,2,-0.11965038519446895
162697,3,0.03529468989373053
162697,4,0.009407632505639259
162697,5,-0.014718917301397277
162810,1,0.005381750004752683
162810,2,2.8390971990342056e-5
162810,3,-0.008631420542897093
162810,4,0.0019126512706316326
162810,5,0.07912084170242835
163218,1,0.004590548109891334
163218,2,0.01778967574755469
163218,3,0.0321910062934028
163218,4,0.0018381397507792434
163218,5,-0.0218628739571221
164043,1,2.0909432969383614e-4
164043,2,0.0015773781395392054
164043,3,-0.004994472073104282
164043,4,-0.012260831789568967
164043,5,-0.014119348816786831
164083,1,-0.018797123514250176
164083,2,-0.11296394149692421
164083,3,0.02579724602074074
164083,4,0.010253938213596273
164083,5,-0.01234894202003366
164340,1,0.07671093537292915
164340,2,0.01603602322673683
164340,3,0.0553495359116422
164340,4,-0.09044568907261917
164340,5,0.01729108099222068
164436,1,-0.019854287633633082
164436,2,-0.1164396064281197
164436,3,0.02864952886961836
164436,4,5.938285975542168e-4
164436,5,-0.02299392464920393
164741,1,-0.019445373887264056
164741,2,-0.1117113547588765
164741,3,0.005772028357187694
164741,4,0.016361526915685345
164741,5,-0.01634808265225337
164924,1,-0.020998167683203336
164924,2,-0.11282140355288242
164924,3,0.009903135843552428
164924,4,0.006589114659339869
164924,5,-0.004546354906842112
165124,1,-0.020214553774506216
165124,2,-0.10869875887579829
165124,3,0.027518684217628635
165124,4,-0.0046629547952590005
165124,5,0.007860731556000625
165250,1,0.011314410406990001
165250,2,-0.0038591604214861866
165250,3,0.0168948196085813
165250,4,0.02492325436085161
165250,5,-0.018242139659226116
165479,1,-0.01501967592698927
165479,2,-0.10963352002776798
165479,3,0.017813533322751717
165479,4,0.008098938251697572
165479,5,-0.02283964294779298
165802,1,-0.014477608754022897
165802,2,-0.12234933623296632
165802,3,0.025778129003712864
165802,4,0.011144717129526518
165802,5,-0.021190475197459237
165832,1,-0.020941280319236557
165832,2,0.005603874322634725
165832,3,-0.013384574382342362
165832,4,0.016890779450155415
165832,5,0.018350700194471558
165908,1,0.04785643846920598
165908,2,-0.02779894455629729
165908,3,0.06078589092611562
165908,4,-0.07836044816913702
165908,5,-0.04838505349782888
166163,1,-0.02219272241701926
166163,2,-0.11909607828598849
166163,3,0.035678119420713965
166163,4,0.006263037210224122
166163,5,-0.013689612470608589
166188,1,-0.02233713416280774
166188,2,-0.11555872813813442
166188,3,0.02779953320679149
166188,4,0.011069017973169285
166188,5,-0.001067040562786525
166310,1,-0.0127005441008801
166310,2,-0.11235663423872262
166310,3,0.01273003590830095
166310,4,0.005578514511230167
166310,5,-0.024653800020135022
166727,1,0.08053976744403166
166727,2,0.020974347885047883
166727,3,0.054254201088931864
166727,4,-0.09913860940922137
166727,5,0.042567871898442466
166824,1,0.0720914875147292
166824,2,0.015588047062422386
166824,3,0.053647443143441345
166824,4,-0.08604432256611189
166824,5,0.018404753322133992
167218,1,-0.018835866337994327
167218,2,-0.11722494232053748
167218,3,0.021775715754034607
167218,4,0.009037434651949
167218,5,-0.011830945380495084
167310,1,0.08053992615825747
167310,2,0.015849457806102765
167310,3,0.052614212460501464
167310,4,-0.08852378396251669
167310,5,0.02308766641091911
167325,1,-0.018783639931051338
167325,2,-0.11577349059156401
167325,3,0.01615298351529036
167325,4,0.012383883093942992
167325,5,-0.008684953276054308
167431,1,0.052307445939267484
167431,2,-0.03174395144249557
167431,3,0.0633087705937623
167431,4,-0.07507678048485476
167431,5,-0.04544857997305387
167441,1,-0.015203379605611293
167441,2,-0.12240046467740032
167441,3,0.025807712357149917
167441,4,0.015756133624170957
167441,5,-0.01857763241514938
167455,1,-0.017988325603794226
167455,2,-0.11704340267753731
167455,3,0.019214903293491858
167455,4,0.0026262591524955302
167455,5,-0.026656020021926154
167647,1,-0.01501785897780572
167647,2,-0.10993585029633003
167647,3,0.02591180406510142
167647,4,0.002766671057789903
167647,5,-0.0012402109366768175
167774,1,-0.01418415325221803
167774,2,-0.10885208187841611
167774,3,0.01843969777171415
167774,4,0.005554493264639832
167774,5,-0.003951775262717963
167833,1,-0.007912185290716666
167833,2,-0.11328329322261362
167833,3,0.013340192488780211
167833,4,0.010797678272053175
167833,5,-0.00699716260418003
167900,1,-0.016094088413384215
167900,2,-0.11147922982602944
167900,3,0.022837976075813008
167900,4,0.002889924261127038
167900,5,0.0041954261278570925
168020,1,-0.01535323643417248
168020,2,-0.12246399910402579
168020,3,0.02090378968901169
168020,4,0.015899264349195228
168020,5,-0.02603985212671206
168080,1,0.07664759047682768
168080,2,0.009917131182098731
168080,3,0.04534690804289542
168080,4,-0.07793947321039613
168080,5,0.02514662371443924
168139,1,-0.019736452173276204
168139,2,-0.11654176543001632
168139,3,0.03259622696068977
168139,4,0.011906909145354309
168139,5,-0.015443589382026645
168241,1,-0.02030104834222986
168241,2,-0.11210394189976569
168241,3,0.013678749260507352
168241,4,0.006007134631472511
168241,5,-0.018674803217748916
168466,1,0.08024404286290164
168466,2,0.02187716719026495
168466,3,0.04996028925664191
168466,4,-0.08825189784877104
168466,5,0.03413526197460949
168728,1,0.04833035298060037
168728,2,-0.03398107723420032
168728,3,0.054216998657940385
168728,4,-0.08074140876823395
168728,5,-0.05446994386653172
168781,1,-0.01709112412981046
168781,2,-0.11028663446430628
168781,3,0.01728067875843507
168781,4,0.003539632580935072
168781,5,-0.0045999854520568486
169701,1,0.07572936159909868
169701,2,0.021542466900130446
169701,3,0.05401228594122895
169701,4,-0.0842643114227812
169701,5,0.028274571350584986
169995,1,0.04969685223452056
169995,2,-0.03057216984265653
169995,3,0.06344344249812171
169995,4,-0.07075864400039442
169995,5,-0.03596486522863059
170589,1,0.0469238473165921
170589,2,-0.03451433700464465
170589,3,0.0600974254879379
170589,4,-0.07691584434903226
170589,5,-0.052389452948292815
170642,1,0.048806732124385965
170642,2,-0.028024924567136567
170642,3,0.049329592244919375
170642,4,-0.07268863223197149
170642,5,-0.038810806547215936
171189,1,0.07245699301201597
171189,2,0.011466159514640839
171189,3,0.055972188558994114
171189,4,-0.09647966871298895
171189,5,0.03087756816250655
171591,1,0.07833836250976017
171591,2,0.015577853591822293
171591,3,0.04161575812932862
171591,4,-0.0809755153186769
171591,5,0.02359815145412325
171627,1,0.08164923903992242
171627,2,0.013351577885862298
171627,3,0.05336992058453135
171627,4,-0.0893619665429837
171627,5,0.03431325775972519
172518,1,0.03043333499567512
172518,2,-0.019582272612352673
172518,3,0.03732268418203976
172518,4,-0.04948392256871796
172518,5,-0.04113411560757447
172741,1,0.052054196790065
172741,2,-0.0307208459400842
172741,3,0.062426564600677054
172741,4,-0.07997833105901381
172741,5,-0.04695320838408872
172799,1,5.651874221046207e-4
172799,2,0.0048056425916014
172799,3,0.0042707878710669216
172799,4,-0.0023520672581990917
172799,5,0.07889548097593513
173747,1,0.006329324568231384
173747,2,0.0037146007995058
173747,3,-0.006574859283103675
173747,4,-0.00484867999729953
173747,5,0.06694821901071471
173751,1,0.05083215079252273
173751,2,-0.023294522315436945
173751,3,0.05996217693809896
173751,4,-0.0822118631596811
173751,5,-0.04008851541153505
174069,1,0.0467877421111692
174069,2,-0.027924263642750323
174069,3,0.05779631188853686
174069,4,-0.08515090986824914
174069,5,-0.050182655517823097
174607,1,-6.181206520292602e-4
174607,2,-0.0068927217994950735
174607,3,-0.0022436814213575356
174607,4,-0.004081036792185293
174607,5,-0.0013641506223294353
174608,1,0.0025579330400536254
174608,2,0.0031956066086751517
174608,3,3.978037926162666e-4
174608,4,-0.0022875737986524183
174608,5,0.054776988065168515
174636,1,-9.237565479015798e-4
174636,2,0.004258243132518752
174636,3,0.0035604919662706267
174636,4,6.462832576544423e-4
174636,5,0.04901273673351771
174649,1,-0.05997884180007692
174649,2,0.018230820173265286
174649,3,0.05427878515641808
174649,4,-0.022898444533931785
174649,5,-0.059860693478181445
174712,1,0.005289095806125388
174712,2,-8.480537428445656e-4
174712,3,-0.006835651756333897
174712,4,0.004601898548914955
174712,5,0.055989863954755054
175387,1,0.0493374671656566
175387,2,-0.02959400229584599
175387,3,0.05570155678631017
175387,4,-0.07791357612315945
175387,5,-0.04742519793453524
176527,1,-0.006674497876542094
176527,2,-0.06523083724564141
176527,3,0.01009272062912562
176527,4,0.033380604429213666
176527,5,0.014026869186294397
176618,1,-0.007423027646162613
176618,2,-0.042017279949814385
176618,3,0.011873545590000204
176618,4,0.013136441926596758
176618,5,0.03621288814963261
176747,1,-0.010072293992689961
176747,2,-0.07241265667083391
176747,3,0.008034367334706116
176747,4,-0.014718720268566604
176747,5,0.023614798538854537
177225,1,-0.07166272687650535
177225,2,-0.03170872603208788
177225,3,0.08720217217396722
177225,4,-0.0146732990395138
177225,5,0.15904638208574534
177250,1,-0.07706526620229107
177250,2,0.051045001128122824
177250,3,0.0863587947823153
177250,4,-0.009176318997224958
177250,5,0.08428262560724836
178062,1,-0.0026498307177397944
178062,2,2.402571897375188e-4
178062,3,0.013219855544855682
178062,4,-0.010858997698651016
178062,5,-0.0035215855643533824
178181,1,-0.010612814332767789
178181,2,-0.056593950885528085
178181,3,0.0032767109986899744
178181,4,-0.017425725558393196
178181,5,0.026410855538861945
178299,1,-0.00944178495405168
178299,2,-0.04609652768991505
178299,3,-0.00350271853003936
178299,4,-0.005449712828838841
178299,5,0.027399171529857363
178428,1,-0.016207853560202296
178428,2,-0.11537463388039852
178428,3,0.014091871033489519
178428,4,-0.014614142656770081
178428,5,0.05461623907190427
178729,1,-0.00712026239765038
178729,2,0.006509370752743735
178729,3,0.011011891131203738
178729,4,0.00401453971648087
178729,5,0.010339474285191283
178812,1,-0.07626526986180193
178812,2,-0.030451362711329748
178812,3,0.08465474737520008
178812,4,-0.012556529560753631
178812,5,0.17678602769310425
178815,1,-0.07445075073879161
178815,2,0.049021837280701135
178815,3,0.08694380834222501
178815,4,-0.007387858772506925
178815,5,0.10066066061198917
178856,1,-0.07129787774300471
178856,2,-0.03870856285416022
178856,3,0.09413492396532858
178856,4,-0.03085439389008971
178856,5,0.1677650896915918
179210,1,0.016540161536868686
179210,2,-0.003504136585167129
179210,3,-0.021847424379850062
179210,4,0.006004961058108461
179210,5,-0.02523882179107752
179455,1,-0.07064606645964036
179455,2,0.05484291912868535
179455,3,0.09179418862707335
179455,4,-0.01019614468341213
179455,5,0.10243444549826763
179562,1,-0.07618547024400653
179562,2,-0.040565668028279
179562,3,0.07920918417747444
179562,4,-0.025574577940209096
179562,5,0.17563146470546562
181412,1,0.00663737543249028
181412,2,-1.1521657414191092e-4
181412,3,0.004107916210313544
181412,4,0.008505692942693202
181412,5,0.010710200685360256
181638,1,-0.07454626967454388
181638,2,0.05068696629171738
181638,3,0.09064310630606177
181638,4,-0.02031310632395961
181638,5,0.0992460395454429
181720,1,-0.013065015540865628
181720,2,-0.11235152978205852
181720,3,0.011944307378219098
181720,4,0.01623679400686747
181720,5,0.05327428838194558
181967,1,-0.07371587448607556
181967,2,-0.03313352835033872
181967,3,0.0766184325927771
181967,4,-0.020819540875441415
181967,5,0.16595927623977458
182013,1,-0.07745444438634365
182013,2,-0.03034306706247611
182013,3,0.08340146053859852
182013,4,-0.02167178673455236
182013,5,0.14727285395576553
182059,1,-0.07816937520870203
182059,2,-0.03819998979751928
182059,3,0.07915058578283918
182059,4,-0.02901944787031604
182059,5,0.16040071338888645
182084,1,-0.008532471271461207
182084,2,-0.0661263430529321
182084,3,0.001708763664966722
182084,4,-2.491272302540686e-4
182084,5,0.012389487113859435
182288,1,-0.00788903325100191
182288,2,-0.05321436302725206
182288,3,0.001092044273937169
182288,4,-0.00987943232773964
182288,5,0.017906054659229693
183222,1,-0.07536340761474204
183222,2,0.055926790741376235
183222,3,0.08909980724689379
183222,4,-0.0013458595949614725
183222,5,0.08539350356123074
184221,1,-0.07290338582832155
184221,2,-0.03973160900048838
184221,3,0.08341018676326932
184221,4,-0.020658935096793542
184221,5,0.16451816530158506
184243,1,-0.0748232256054383
184243,2,0.049541591177723464
184243,3,0.07609139787673311
184243,4,-0.005353661850651355
184243,5,0.08100296730671588
184420,1,-0.01727479370429764
184420,2,-0.11296837803881292
184420,3,0.0027306862242310903
184420,4,0.0038148129236048947
184420,5,0.04552174686021835
184488,1,-0.07680048623137571
184488,2,0.04847383781389435
184488,3,0.08214302562526526
184488,4,-0.016150124091896194
184488,5,0.08925738561700149
184731,1,-0.07966119844407245
184731,2,0.050872011198886305
184731,3,0.08707508431797771
184731,4,-0.014042797702630627
184731,5,0.088118098127559
184863,1,-0.01976635883305899
184863,2,0.009571615749309339
184863,3,-6.942726016531144e-4
184863,4,0.014041917901931713
184863,5,0.007444078480784947
184956,1,-0.006965388431565541
184956,2,-0.11066180166222762
184956,3,0.007473233666848764
184956,4,0.003758833925624038
184956,5,0.05854367991541052
185285,1,-0.009768435376247022
185285,2,-0.047711180474797416
185285,3,0.0012082349825624956
185285,4,-0.02210057948459968
185285,5,0.025624889570392443
185926,1,-0.07137818660210815
185926,2,0.046965067174850036
185926,3,0.07981491899374785
185926,4,-0.014983135539570586
185926,5,0.09035672359794464
186405,1,-0.07291765468445141
186405,2,-0.03801012205635107
186405,3,0.08918974334623966
186405,4,-0.014469272930732132
186405,5,0.16519635725942242
186917,1,0.010865639736152401
186917,2,-0.004736033718214479
186917,3,0.006669953227821315
186917,4,0.024115247235610295
186917,5,-0.015972891130805474
187087,1,-0.016327208484730675
187087,2,-0.11290184495410056
187087,3,0.01846703591244301
187087,4,0.003545680637671489
187087,5,0.04599986583728816
188030,1,-0.07049233419818259
188030,2,0.010695792880075572
188030,3,0.08462727296022533
188030,4,-0.03140634525518432
188030,5,0.20596026315409038
188107,1,-0.00493540089255095
188107,2,-0.05496481772202682
188107,3,0.005667638786591429
188107,4,-0.012665662905160883
188107,5,0.09057400701409964
188318,1,-0.00344004535632336
188318,2,-0.05302849113073557
188318,3,0.005053904220484936
188318,4,-0.012409627560393722
188318,5,0.09372278269828867
188437,1,6.471844442790009e-4
188437,2,0.004718125968600931
188437,3,-0.007730946395692683
188437,4,0.0033941495168503776
188437,5,-0.009181345070109176
