SNP_ID,PC,loading
98930,1,0.044395800825654676
98930,2,0.014456992927880925
98930,3,0.06452248712291626
98930,4,0.14517157239644307
98930,5,0.040334780970923266
99667,1,0.014980333123369572
99667,2,0.0074122380122116915
99667,3,0.033690369165786625
99667,4,0.04179240312544419
99667,5,0.06482531978531621
99801,1,0.0020422916739448738
99801,2,2.7149394868897415e-4
99801,3,0.005714603224617186
99801,4,-0.003303515021819664
99801,5,0.03611317133897595
99907,1,-0.02214843124092426
99907,2,0.011095250584877729
99907,3,-0.0028886842662160296
99907,4,-0.0013996188444313669
99907,5,0.02710566426061014
100184,1,0.0038661757877161067
100184,2,0.002085308450648203
100184,3,0.006243319514951139
100184,4,-0.0074401035820104875
100184,5,0.018101537933210256
100272,1,0.006491385501315223
100272,2,0.00696299910241328
100272,3,-0.005224715393541625
100272,4,-0.02411008216545469
100272,5,0.03740845229442152
100495,1,0.004249887618180585
100495,2,-0.0034038291877890804
100495,3,0.008023883699982765
100495,4,-0.011332966504497494
100495,5,0.023340780615658023
100505,1,0.002963675637798908
100505,2,1.677966326596795e-4
100505,3,-0.007851286500599266
100505,4,-0.007229957379962643
100505,5,0.02661023203739915
100699,1,0.05527866564944434
100699,2,0.021032955486653022
100699,3,0.08599468341457989
100699,4,0.1837233722506328
100699,5,0.007616324535009884
100904,1,6.064822454441566e-4
100904,2,0.0011755351468714886
100904,3,-2.610626289393212e-4
100904,4,-0.009023153754480796
100904,5,0.021412803027944367
101362,1,0.039857440446073075
101362,2,0.0391204314233825
101362,3,-0.027980589048157197
101362,4,-0.14955248684868322
101362,5,0.026727100479443985
101905,1,-0.0023527557669030127
101905,2,0.0033471618329309074
101905,3,0.015355703155431005
101905,4,-0.0018506112681568189
101905,5,-0.013605032007247728
102181,1,0.06087623617134274
102181,2,0.028034429703741294
102181,3,0.08209110662621989
102181,4,0.19252564941531528
102181,5,0.038471322006975894
102205,1,0.004572290823384993
102205,2,0.0035505739751998354
102205,3,-0.0018223416034371443
102205,4,0.004312161828301194
102205,5,0.032943389442183044
102799,1,0.06156998816960307
102799,2,0.024827477276577074
102799,3,0.08418737899434406
102799,4,0.1737474798669992
102799,5,0.019203619158952252
103517,1,0.06571587540329162
103517,2,0.0211586794353514
103517,3,0.08592507582527806
103517,4,0.1901565195213436
103517,5,0.03658975184147573
103642,1,0.005140394774770026
103642,2,8.295045580001721e-4
103642,3,-0.005825946473256751
103642,4,9.848420036737834e-4
103642,5,0.03883309997351332
104520,1,0.002047810002698377
104520,2,-7.086905398995479e-4
104520,3,-0.0012451950982371837
104520,4,-3.7360958821330283e-4
104520,5,0.027509799886812274
104899,1,0.05618222643452847
104899,2,0.02090440298571896
104899,3,0.08674777841252321
104899,4,0.18429640274553488
104899,5,0.00476925011170921
106635,1,0.061962147365260074
106635,2,0.02066528230676066
106635,3,0.08373192138415757
106635,4,0.17891289993004442
106635,5,0.0470844031021961
106805,1,0.0065852198257847615
106805,2,-0.0019083088461624355
106805,3,-0.0014007539124888592
106805,4,-0.0027985474475648343
106805,5,0.028252894702863338
107157,1,0.00857220462948911
107157,2,0.00337607588010914
107157,3,0.004707255298097873
107157,4,0.015113847630882863
107157,5,-0.010984217646590591
107457,1,0.005825368812363472
107457,2,-0.002643172490016313
107457,3,0.005093358178005876
107457,4,-0.006427040612372664
107457,5,0.03654469206480757
107613,1,6.819148178625255e-4
107613,2,-0.0011577994854405742
107613,3,0.007371358014363212
107613,4,-0.005813847505525214
107613,5,0.028539213136671324
107629,1,0.006306696368171101
107629,2,0.0035542636597601118
107629,3,0.005568448864326266
107629,4,0.006722147406944516
107629,5,0.020741739486939994
108187,1,0.0038163344066890156
108187,2,-3.233192351622761e-4
108187,3,-0.00916651337455814
108187,4,-5.611009131378703e-4
108187,5,0.026834852654002542
108286,1,0.059994469648557584
108286,2,0.021210821062618145
108286,3,0.08373207867504953
108286,4,0.1850853529456349
108286,5,0.018611933805468925
108949,1,0.0023853972005056347
108949,2,0.005951974492194867
108949,3,0.0035704185616586685
108949,4,-0.012884600151872963
108949,5,0.033526795624156655
108958,1,-0.06291499760561417
108958,2,-0.031029848423344754
108958,3,0.03305655977607233
108958,4,-0.019569952813412714
108958,5,-0.03883979396801201
109272,1,0.006720274535533733
109272,2,5.693781639760254e-4
109272,3,-0.008036630372358876
109272,4,-0.015474960174856963
109272,5,0.02317307379697634
109288,1,0.0057898263391744
109288,2,0.008967663937729672
109288,3,1.4966132061489167e-4
109288,4,-0.005395498215113999
109288,5,0.03190157908983703
109377,1,0.027799435863099124
109377,2,0.004984619822459986
109377,3,-0.0037167969226979325
109377,4,0.06977268997906699
109377,5,0.0024456861956588215
110058,1,0.057900744350675555
110058,2,0.027927224446113147
110058,3,0.07393901497606269
110058,4,0.19306911541725627
110058,5,0.00787455944116882
110098,1,0.06002511777174652
110098,2,0.02309654306680519
110098,3,0.07724194996298454
110098,4,0.18270385849919105
110098,5,0.0349978191889706
110761,1,0.02022080416240639
110761,2,0.013406328124308899
110761,3,0.018465626877704006
110761,4,0.059161606763385825
110761,5,-0.028463615641312803
110771,1,-0.008087644335330445
110771,2,-0.04109855595183841
110771,3,-7.961937907423719e-4
110771,4,0.01864131706873344
110771,5,-0.05443633955616586
112877,1,0.04936183986470769
112877,2,0.036936720973622945
112877,3,-0.01348438498146551
112877,4,-0.1412377249356457
112877,5,0.020081292835814325
113620,1,-0.0104936866121189
113620,2,-0.037385504696793206
113620,3,0.004359032797624144
113620,4,0.011009497247069459
113620,5,0.029594439844519458
116465,1,0.004619092099935925
116465,2,-0.004703628515108265
116465,3,0.00381044725550058
116465,4,-0.007899475388091303
116465,5,0.038853644451376644
116787,1,0.06276465381328364
116787,2,0.028332874815959534
116787,3,0.08827436045425728
116787,4,0.17746004480215047
116787,5,0.03465701635093199
118008,1,0.0036480249049021143
118008,2,-0.0014152000134909268
118008,3,4.596979602747302e-4
118008,4,0.002600085544612778
118008,5,0.026373057207130794
118034,1,-0.007518465722484997
118034,2,-0.035551845580997624
118034,3,0.007912260632686302
118034,4,0.010037726513934848
118034,5,-0.040476350641134674
118087,1,0.003013200673289352
118087,2,0.010783361666507493
118087,3,-0.012277289560935588
118087,4,-0.005238497782465577
118087,5,0.0323930668415321
118150,1,-0.0020610982669454674
118150,2,0.004498296228467787
118150,3,0.0029873070169892345
118150,4,-0.011692080949186872
118150,5,0.0347901624443755
119730,1,0.0023000863845097767
119730,2,0.0024392895516428008
119730,3,-0.0026739468444675935
119730,4,0.003367290590644046
119730,5,0.030343190941642242
120093,1,0.0011858901985596173
120093,2,-0.002158625180514553
120093,3,-0.0026457070157304145
120093,4,-0.008740855974512431
120093,5,0.026298061003915484
120127,1,-8.019937331415357e-4
120127,2,9.062069329178015e-4
120127,3,0.004002391904363848
120127,4,-0.011837714378648988
120127,5,0.020756822864298596
120471,1,0.04803521974137447
120471,2,0.017861486411013247
120471,3,0.07927751157442749
120471,4,0.1667141380299226
120471,5,0.04330657637445541
121310,1,0.05786845821803855
121310,2,0.025440501122877827
121310,3,0.08483318642191902
121310,4,0.18054947273843586
121310,5,-0.005421758146564408
121470,1,1.2917316117613494e-4
121470,2,0.0037867849573711165
121470,3,0.0010281051720088267
121470,4,-0.006856450160726666
121470,5,0.026146910928507305
121478,1,0.06290709370047086
121478,2,0.01657441461280714
121478,3,0.08976490507794281
121478,4,0.17979996152689964
121478,5,0.051306389918958174
121824,1,0.05953958059096736
121824,2,0.012685168938073277
121824,3,0.07594481016390249
121824,4,0.1873914583193458
121824,5,0.04577017437035382
121976,1,0.05998297040219479
121976,2,0.014232879980606199
121976,3,0.07411795253132566
121976,4,0.17993245015118264
121976,5,0.04124655801198034
122508,1,0.056215300948936855
122508,2,0.021350165412843743
122508,3,0.07758972566206426
122508,4,0.1804935932940191
122508,5,-0.014496912572706494
124302,1,0.06353507497362015
124302,2,0.015894003813227274
124302,3,0.08117756811545092
124302,4,0.18428593602320772
124302,5,0.037839891702129466
124412,1,0.06086883988431836
124412,2,0.01721258301616537
124412,3,0.08148358653887629
124412,4,0.1801952338180899
124412,5,0.04519285470129602
124431,1,-0.00740642208456815
124431,2,0.0037153658610777655
124431,3,-2.1028277240852416e-4
124431,4,-0.023425088774996654
124431,5,-0.015807077705115306
125121,1,-0.06613105594802735
125121,2,-0.025404170558202467
125121,3,0.020156464183778464
125121,4,-0.005315792445970223
125121,5,-0.03775508559290319
125538,1,0.05830830206122071
125538,2,0.02004139600271411
125538,3,0.08717960218008682
125538,4,0.1839311146669123
125538,5,0.0014539938423152512
126149,1,0.007718280167804179
126149,2,-2.3005750435054693e-4
126149,3,0.008698464554577071
126149,4,-0.013613758498620985
126149,5,0.02773007205319544
126516,1,-0.001406411862760518
126516,2,0.004090274865860954
126516,3,0.0025867876562764903
126516,4,-0.015181369710121326
126516,5,-0.004430294392118235
126529,1,0.06448334073109009
126529,2,0.03413015802736687
126529,3,0.04129246808652044
126529,4,-0.04147554049665957
126529,5,0.027147670568859254
126600,1,0.06618173818046715
126600,2,0.010681901381099108
126600,3,0.05102728506298454
126600,4,-0.03874077479568993
126600,5,0.030300226791858963
126614,1,0.06270309219158038
126614,2,0.02182777282293132
126614,3,0.06431663287796582
126614,4,-0.047377576740735915
126614,5,0.013575098504422754
126730,1,0.06340987652916034
126730,2,0.015049379053096527
126730,3,0.06428671054743773
126730,4,-0.03681043892110164
126730,5,0.033145993127152495
126760,1,0.07023723540426464
126760,2,0.013668267757104037
126760,3,0.04986639373188689
126760,4,-0.05472867793965318
126760,5,0.033251285920051415
126923,1,0.07206960000220258
126923,2,0.010103476364405908
126923,3,0.06766020932801362
126923,4,-0.03680853174674636
126923,5,0.03762223315614574
126930,1,0.06798287712420406
126930,2,0.01273324104742697
126930,3,0.0584653261229936
126930,4,-0.0391889806488137
126930,5,0.026476822105320284
126971,1,0.009918598580968108
126971,2,0.011566073157080987
126971,3,-0.010281619600878842
126971,4,-0.03420044494230819
126971,5,-0.014827433946714492
127194,1,0.03004841143404053
127194,2,-0.009299254313852114
127194,3,0.0035982222148556783
127194,4,0.06459373154412616
127194,5,-0.001346668524405066
127720,1,0.074798456333233
127720,2,0.017232341546808132
127720,3,0.05945325374585063
127720,4,-0.05645889564975121
127720,5,0.02816429179846956
127952,1,-0.004699630810854721
127952,2,-0.003281119931878602
127952,3,0.012205222403505044
127952,4,0.010834572125423911
127952,5,0.0018433469058739018
128432,1,-0.0010066192411428288
128432,2,-5.009985769008923e-4
128432,3,-0.00813592615747373
128432,4,-0.011910154589494988
128432,5,0.015408434187650066
128713,1,0.06899245753377821
128713,2,0.018272641692622365
128713,3,0.06524128327855774
128713,4,-0.04704017987012817
128713,5,0.049518837791902526
128863,1,-0.0053396781688640205
128863,2,-0.008851666339410574
128863,3,0.013274300512981542
128863,4,0.004449078464924203
128863,5,0.023262712893589072
129063,1,-0.010047800486588949
129063,2,-0.008006165727150944
129063,3,0.015533031296062668
129063,4,4.842955280004854e-5
129063,5,0.013116300018226425
129503,1,-0.00546920432759705
129503,2,0.0025856739324474523
129503,3,0.007257419002713145
129503,4,0.0070348817793729765
129503,5,-0.006820674934588622
129635,1,-0.09670527022694803
129635,2,0.033645390209871104
129635,3,0.04066128637043593
129635,4,-0.004753674075502972
129635,5,-0.06497344605842588
129864,1,0.06647282240678767
129864,2,0.01388059721439681
129864,3,0.0659809809709223
129864,4,-0.036429791319503475
129864,5,0.017829755846584073
129987,1,0.0024097825210999528
129987,2,-0.0018955505108173823
129987,3,0.007940252155660639
129987,4,-0.002560048670434545
129987,5,0.036572367090091824
130133,1,0.042159756327887536
130133,2,0.030798943208332173
130133,3,-0.02308034177858509
130133,4,-0.11985626570299569
130133,5,0.02620063104796137
131059,1,0.0027891047060046277
131059,2,-4.469652554655446e-4
131059,3,0.010437588218314012
131059,4,-0.006082544493768115
131059,5,0.015949843672775382
131362,1,0.06847884955520324
131362,2,0.013764370953589601
131362,3,0.05895409285572611
131362,4,-0.04519311399389777
131362,5,0.028957595478613093
132258,1,0.005668794702990785
132258,2,0.002013566283875765
132258,3,0.0064066447884040135
132258,4,-0.015379115506362994
132258,5,0.03010316784220492
132539,1,-0.0022538207458055134
132539,2,-0.005053637024869854
132539,3,0.003586182245099626
132539,4,0.0039027688997260316
132539,5,0.014914573875608142
132775,1,-0.08399680687203102
132775,2,-0.03633583705101683
132775,3,0.045896017304107715
132775,4,-0.003038441363625349
132775,5,-0.03475927657762008
133433,1,-0.0879002053039579
133433,2,-0.04553506100594898
133433,3,0.05910370526485051
133433,4,-0.00672867413143703
133433,5,-0.0374506433723134
133900,1,-0.0881245684448076
133900,2,-0.04352918464201802
133900,3,0.058108030637165756
133900,4,-0.010248414876223407
133900,5,-0.030314606689034518
134017,1,0.06757178175694857
134017,2,0.019845125021779444
134017,3,0.057843909145633844
134017,4,-0.028702767870444262
134017,5,0.008716555851409253
134196,1,-0.08631371369831806
134196,2,-0.05004990310116406
134196,3,0.060080737543421456
134196,4,6.740164034942453e-4
134196,5,-0.01294992639533173
134281,1,-0.0036637296662511204
134281,2,-0.007353754553200421
134281,3,0.023250576445442546
134281,4,-0.0014274265377169145
134281,5,0.008940275765838434
134349,1,0.0030226597059439383
134349,2,0.004143541989834857
134349,3,-0.007537656264356197
134349,4,-8.209812890315476e-4
134349,5,0.027378868794948774
134400,1,-0.08984418842764794
134400,2,0.028498452403399068
134400,3,0.050783218620523436
134400,4,0.03065159811294303
134400,5,-0.078743772179355645
134539,1,-0.10238909047692228
134539,2,0.028692000342015255
134539,3,0.05256857974757115
134539,4,-0.013946233249102505
134539,5,-0.07579377392999989
135725,1,0.0071772253459451586
135725,2,-6.600367695288211e-4
135725,3,-0.007987952197323935
135725,4,-0.010020289979075316
135725,5,0.03354638243515917
136025,1,-0.09647346429779807
136025,2,0.037014061321948385
136025,3,0.059974428740496126
136025,4,-6.131790698934393e-4
136025,5,-0.046563680837187586
136374,1,-0.10264315081137074
136374,2,0.036144147639020456
136374,3,0.054771678052595904
136374,4,0.002575601107900298
136374,5,-0.06551072940399301
136454,1,-0.1089093905195416
136454,2,0.02988017016091757
136454,3,0.06788002539695642
136454,4,0.002158446756484826
136454,5,-0.06504928209876931
136461,1,-0.014814216863552462
136461,2,-0.10940643758198368
136461,3,0.00543746552013297
136461,4,-0.006985279813029093
136461,5,-0.022902744651334673
136568,1,0.0016254623030409732
136568,2,-0.005162832300706755
136568,3,-0.0035872275289329644
136568,4,-0.0071061535628461295
136568,5,0.025492470499772647
136721,1,-0.10357683903846221
136721,2,0.038533741810537855
136721,3,0.056957956917926336
136721,4,-0.0072252174199233165
136721,5,-0.07272787051244078
136983,1,0.0036665594277688314
136983,2,-0.00594075080666201
136983,3,0.011046504957327305
136983,4,-0.014854207329061678
136983,5,-0.006016605125685595
137114,1,-0.10348682353038906
137114,2,0.032288112990997216
137114,3,0.05734945976717515
137114,4,0.002639664036742105
137114,5,-0.08081510157821882
137127,1,0.03623717734969906
137127,2,-0.015462825258834892
137127,3,0.05721286484892578
137127,4,-0.028850687186921072
137127,5,-0.04531783692011748
137293,1,0.002700999106473764
137293,2,0.0026704081755895346
137293,3,-0.004869183920268811
137293,4,-0.01461526654669015
137293,5,0.025312102892924876
137310,1,-0.10181775485075414
137310,2,0.031405129066931936
137310,3,0.07004360010208516
137310,4,0.005963817064260781
137310,5,-0.08168738287170645
137454,1,-0.10223978814099155
137454,2,0.030510972996082898
137454,3,0.06353838075476251
137454,4,0.002009297743797934
137454,5,-0.06740699982245156
137674,1,0.06397593322929472
137674,2,0.021201010167519293
137674,3,0.050653747907094
137674,4,-0.034525360423154794
137674,5,0.02729509345589324
137900,1,-0.10404651543137444
137900,2,0.03763552482757111
137900,3,0.060019955926640216
137900,4,0.01655087619564085
137900,5,-0.0690857303390214
138125,1,-0.10248037011283573
138125,2,0.03511894114969856
138125,3,0.059721734321120754
138125,4,0.004504741573596855
138125,5,-0.07610018293737728
138148,1,-0.10312355114483028
138148,2,0.03421223333981694
138148,3,0.05735648628456589
138148,4,0.002539191262346461
138148,5,-0.06196005211644874
138460,1,-0.10027021374282509
138460,2,0.04298285495997441
138460,3,0.061832510061806026
138460,4,0.005399157374911625
138460,5,-0.06920137176105164
138555,1,-0.10538580985924009
138555,2,0.04035957302295211
138555,3,0.05681151798816811
138555,4,0.008434939274555459
138555,5,-0.07032458986247438
138601,1,0.033071643138180284
138601,2,-0.014368322144325079
138601,3,0.053544109865799695
138601,4,-0.022509126029795712
138601,5,-0.03373973309185436
138603,1,0.031495672902191525
138603,2,-0.01881960774869246
138603,3,0.04324788422692035
138603,4,-0.02640332267135887
138603,5,-0.03995130323196771
138620,1,-0.10085170270745379
138620,2,0.032042469256803284
138620,3,0.06089565620807219
138620,4,-0.0010364961994220948
138620,5,-0.07493933417571019
139154,1,-0.10510562891400711
139154,2,0.03324172465783163
139154,3,0.06402351849975246
139154,4,0.005601389029365224
139154,5,-0.06979958899502212
139173,1,-0.09791695430201258
139173,2,0.03730075827776943
139173,3,0.0556032615455303
139173,4,-0.013247199080604505
139173,5,-0.07566960926027241
139362,1,0.03839883848415123
139362,2,-0.020730370858912398
139362,3,0.04927080096204365
139362,4,-0.0294029063196285
139362,5,-0.05341866146334315
139409,1,-0.10434666027004691
139409,2,0.030260890744115112
139409,3,0.0648243991828088
139409,4,-0.004242837159070617
139409,5,-0.08389632196409265
139456,1,-0.1047163039924608
139456,2,0.029229446736298022
139456,3,0.057874338913015536
139456,4,0.006313364058093324
139456,5,-0.06602488041734308
139576,1,-0.09949420939041818
139576,2,0.02980291861108993
139576,3,0.06402419950992042
139576,4,0.003110613292646792
139576,5,-0.07109939031671739
139741,1,-0.06275061533935644
139741,2,0.01487866197146611
139741,3,0.040700772976717266
139741,4,-0.006535505029819792
139741,5,-0.05402399373719532
139841,1,0.03538090859538157
139841,2,-0.013300446549591671
139841,3,0.04968242311366512
139841,4,-0.03286940547132521
139841,5,-0.044987664231425334
140086,1,0.067177863163968
140086,2,0.015071438184347922
140086,3,0.055078459111541994
140086,4,-0.03916836305897192
140086,5,0.023112313891836184
140171,1,-0.09981755402262894
140171,2,0.025217074342344357
140171,3,0.06237224481390192
140171,4,0.014770310194951317
140171,5,-0.0764397797190748
140280,1,0.03520603848525363
140280,2,-0.006653723782218287
140280,3,0.0659399349858574
140280,4,-0.03693539906035536
140280,5,-0.054072066273207646
140505,1,-0.10900709460243442
140505,2,0.03573447388127391
140505,3,0.06517737183106623
140505,4,5.344677286026343e-4
140505,5,-0.05909940203269717
140506,1,-0.1079574426755701
140506,2,0.03625585860654628
140506,3,0.056815477757105944
140506,4,-0.005000989142376928
140506,5,-0.056830077369278025
140695,1,-0.10413335407602314
140695,2,0.03419799087722532
140695,3,0.0656400828765983
140695,4,0.009224775011307704
140695,5,-0.08035646178409266
140853,1,-0.1043286240748373
140853,2,0.028004912191352854
140853,3,0.06526588816919748
140853,4,-2.601263113361412e-4
140853,5,-0.06931816893688869
140909,1,-0.011212799471838054
140909,2,-0.035331189392401416
140909,3,0.014304966274065432
140909,4,-8.151507291548786e-4
140909,5,0.025812115690245677
141769,1,-0.1026196539165343
141769,2,0.03497266141466113
141769,3,0.05845888690601705
141769,4,0.008219745886297015
141769,5,-0.0746033857175665
143495,1,-0.10194004919335188
143495,2,0.03246870380780099
143495,3,0.07216954877167057
143495,4,-0.003549440698144733
143495,5,-0.06908999415102773
143723,1,-0.10245738071499948
143723,2,0.03157322965894774
143723,3,0.0577572928097763
143723,4,-0.007787478663049549
143723,5,-0.06846123944724929
143754,1,-0.1014665350078909
143754,2,0.03528623054418664
143754,3,0.05750498978390816
143754,4,0.013126932603999225
143754,5,-0.0733699854805329
144050,1,-0.015421395987913148
144050,2,-0.11206844629388553
144050,3,0.00357791903616968
144050,4,-0.003076787115687017
144050,5,-0.026536569863613836
144382,1,0.06036212148388241
144382,2,0.017975058749000426
144382,3,0.04906351721662894
144382,4,-0.024517662414427006
144382,5,0.00937915398629086
144460,1,-3.603291370007511e-4
144460,2,0.00533018246669569
144460,3,-0.012388926418694629
144460,4,-0.013467139460680221
144460,5,-0.02414843451009898
144535,1,0.07337169949427651
144535,2,0.02805474259954714
144535,3,0.08417037567198743
144535,4,-0.04570148943179921
144535,5,0.008614566238011094
144560,1,0.0796923638406934
144560,2,0.016459865441325893
144560,3,0.0748133913114372
144560,4,-0.04033263036705323
144560,5,0.009150403051263918
144570,1,0.0498369336065147
144570,2,-0.025527584685144128
144570,3,0.0820226471721361
144570,4,-0.03106967371926198
144570,5,-0.06560689202615078
144899,1,0.04333995914791068
144899,2,-0.023029995601669077
144899,3,0.07736079106844893
144899,4,-0.04787490112397635
144899,5,-0.05982418882689298
145413,1,0.04998193602024805
145413,2,-0.027978963191865776
145413,3,0.0918577561820377
145413,4,-0.0330694137088366
145413,5,-0.05674825178789101
145853,1,-0.10520340078088347
145853,2,0.03526763307130957
145853,3,0.0678130673890784
145853,4,0.007186357090034325
145853,5,-0.06926356524905354
146951,1,-0.10259034837187773
146951,2,0.03490591325967806
146951,3,0.06725810663786702
146951,4,7.794007091269701e-4
146951,5,-0.07948488757750057
146995,1,0.05078590000560791
146995,2,-0.02682306302745235
146995,3,0.08029630037374724
146995,4,-0.0407627910041283
146995,5,-0.0612292384351788
147093,1,-0.010730640615660272
147093,2,-0.11667432231544207
147093,3,0.0034471353768835765
147093,4,0.016678168537388346
147093,5,-0.01138960876754608
147486,1,-0.015072685514865642
147486,2,-0.12061623518037841
147486,3,0.009538896144778639
147486,4,-0.0010433529593540988
147486,5,0.002675747220477277
147497,1,-0.10266404814235974
147497,2,0.033692971748404375
147497,3,0.06217348826680074
147497,4,0.0028549037799076617
147497,5,-0.0795132677755253
147685,1,-0.10279914881506984
147685,2,0.03394664327653478
147685,3,0.06477685633665468
147685,4,0.00833977662462674
147685,5,-0.07428133622296762
147809,1,0.0054463340640887115
147809,2,-0.01343123258246657
147809,3,0.007495043006082472
147809,4,0.002940263042353151
147809,5,-0.008012662656474776
147915,1,-0.09951933800618619
147915,2,0.030047200741609253
147915,3,0.05951240268962536
147915,4,0.008961494674539269
147915,5,-0.06742355486840107
147917,1,-0.10406236023817483
147917,2,0.03358530379195096
147917,3,0.05209166875148745
147917,4,0.011202161049630443
147917,5,-0.07269228696090801
148703,1,-0.10040379713939708
148703,2,0.02492469999576122
148703,3,0.057963924081833276
148703,4,-0.008035938861593848
148703,5,-0.06276411830764417
149381,1,0.0020679666753375446
149381,2,0.0034703138411378096
149381,3,0.0012942579247841389
149381,4,-0.005568651721376249
149381,5,0.029653601559454082
149407,1,0.04819527940059115
149407,2,-0.026003446480381467
149407,3,0.07512898730493578
149407,4,-0.02649310825995648
149407,5,-0.06319138053504228
149599,1,0.005062083742555504
149599,2,0.005414161820265904
149599,3,-0.001037082271313645
149599,4,-0.013025957423557655
149599,5,0.02659305315627978
149913,1,-0.011250437533099074
149913,2,-0.11441443418407153
149913,3,0.006886731350143232
149913,4,0.00668945682267863
149913,5,-0.020261725111444442
149975,1,0.04753018000154863
149975,2,-0.02621149694326899
149975,3,0.08117769415330985
149975,4,-0.044323722381407346
149975,5,-0.057585020901403265
150262,1,0.002270965406467242
150262,2,0.0045671120790323145
150262,3,0.001537225630974304
150262,4,-0.05080384757660392
150262,5,0.005720308303695272
151330,1,0.05130178453648264
151330,2,-0.03275831239995708
151330,3,0.08926655823964483
151330,4,-0.047029622366486834
151330,5,-0.06117313163419818
151677,1,0.004257398313080096
151677,2,-0.0025753772121978875
151677,3,-0.0053331950029775355
151677,4,-2.4595588353409545e-4
151677,5,0.036730796543194895
152358,1,-0.0032661628088878967
152358,2,-2.3775335744026909e-4
152358,3,-0.02957976803177727
152358,4,-0.004433342871887476
152358,5,1.458767336755381e-4
152533,1,0.0414093671699215
152533,2,-0.024804149743432116
152533,3,0.07869113894740523
152533,4,-0.04204694496792508
152533,5,-0.050157215904881404
152570,1,0.05461269826520656
152570,2,-0.02414359739622148
152570,3,0.08399620066395941
152570,4,-0.03921695188394656
152570,5,-0.05719482257393223
152972,1,0.046884941722286765
152972,2,-0.028126408688245022
152972,3,0.08359944830047773
152972,4,-0.0488183443757256
152972,5,-0.05391792160786102
152992,1,0.04478460799364307
152992,2,-0.02485997307697332
152992,3,0.0768428912497826
152992,4,-0.049681007743582806
152992,5,-0.06555909995288692
153057,1,-0.005737539946258251
153057,2,-0.09285196045139674
153057,3,-0.01158339252856
153057,4,-0.006775554697585809
153057,5,-0.030478067973244614
153267,1,0.07290281158299092
153267,2,0.026803316851138192
153267,3,0.08368432575504675
153267,4,-0.050218007430435946
153267,5,-0.008518986552964415
153393,1,0.07057765185962989
153393,2,0.013964419429015355
153393,3,0.086661854730758
153393,4,-0.06598702745378096
153393,5,-0.009129898385178498
153430,1,-0.009528370048244994
153430,2,-0.11402566687439944
153430,3,0.01472315492539575
153430,4,3.8082693392990906e-4
153430,5,-0.010459434973192476
153691,1,0.07413749324505822
153691,2,0.023676417167126863
153691,3,0.09025185937547532
153691,4,-0.05567072986280321
153691,5,-0.012117689725337813
153856,1,-0.09884452631710332
153856,2,0.03510448930112702
153856,3,0.03876365399633827
153856,4,-0.013358855688175403
153856,5,-0.05964732026593232
154162,1,-0.0057572788799409025
154162,2,-0.10855754400193257
154162,3,0.00958206521335716
154162,4,0.007816751949181612
154162,5,-0.004768734130621734
154214,1,-0.0015915433223899144
154214,2,-0.005988869267261779
154214,3,7.299678525217078e-4
154214,4,-0.013162798273917562
154214,5,-0.008742752599812453
154241,1,-0.013237641616208204
154241,2,-0.11917010702679977
154241,3,0.0026804440658833133
154241,4,0.013266746813880558
154241,5,-0.014055565271559987
154322,1,0.008493191906175215
154322,2,-0.00887498483026389
154322,3,-0.007136748463918033
154322,4,0.02564033120085541
154322,5,-0.00910117193436137
154403,1,0.011934740704486985
154403,2,0.0024301066924999636
154403,3,-1.9564718722183953e-4
154403,4,-0.014507535242338675
154403,5,0.036300158200101
154584,1,-0.01290275493306296
154584,2,-0.12256762239060964
154584,3,0.0096597179497944375
154584,4,0.008866538346592375
154584,5,-0.0018857395268925378
154614,1,0.07611841420821203
154614,2,0.02969702341580918
154614,3,0.09108252379704032
154614,4,-0.05500672591238008
154614,5,-0.008926786484278278
154710,1,-0.008492278909770789
154710,2,-0.11297404494620854
154710,3,-0.004008008246626758
154710,4,0.022990963731625735
154710,5,-0.013512207487263044
154788,1,0.003459876049073926
154788,2,0.008890665051860851
154788,3,0.014736991931663977
154788,4,0.016651946845960736
154788,5,-0.0015738562398339856
154809,1,9.150783208163106e-4
154809,2,2.101786365119483e-4
154809,3,0.010122980910451138
154809,4,-0.020712353067639647
154809,5,0.03394041251620917
154837,1,-0.010585863943625123
154837,2,-0.11091914622397245
154837,3,0.009031906143608137
154837,4,0.006751511583584243
154837,5,0.0025308767933958586
155378,1,-0.0030023260992098483
155378,2,-0.009642891615288068
155378,3,0.009027511513048888
155378,4,-0.005638016867457561
155378,5,0.008387655779955035
155449,1,0.002449396165171355
155449,2,-0.002083338948036002
155449,3,-0.0036752841686126625
155449,4,-0.009280004170262073
155449,5,0.033206737756764595
155627,1,-0.0030866527127883744
155627,2,-0.006011300159943039
155627,3,0.013964580626786896
155627,4,0.017449433352551842
155627,5,0.019411488279240708
155732,1,0.006559045830995008
155732,2,-8.146107804111899e-4
155732,3,-0.003327125893774286
155732,4,-0.004381358416983134
155732,5,0.02793915122601904
155880,1,0.0019175172773196077
155880,2,-0.009825201272036739
155880,3,0.006320428670083688
155880,4,0.008137091761863467
155880,5,0.0184386313608007
155910,1,0.05081651615196709
155910,2,-0.027908956868019388
155910,3,0.08545938365358978
155910,4,-0.03941952186030067
155910,5,-0.03966838581786291
155954,1,0.02521175941160019
155954,2,0.007230325517561119
155954,3,-0.010789288348290826
155954,4,-0.05102721849433267
155954,5,0.006409504494110021
155955,1,0.07158258863301292
155955,2,0.027140692601238782
155955,3,0.08429349837035865
155955,4,-0.053264876186776645
155955,5,-0.017370881244486647
156018,1,-6.694606053424753e-4
156018,2,-0.07888438936902492
156018,3,0.005047602676211972
156018,4,-0.006616827845555082
156018,5,0.0355000992776442
156024,1,-0.003163195449241562
156024,2,-0.08006338302441832
156024,3,0.00397688756490822
156024,4,0.0085384297383611
156024,5,0.021500040982251303
156033,1,-0.001287258625953988
156033,2,-0.07900574612577464
156033,3,-0.002793244366448052
156033,4,0.013602947802021297
156033,5,0.017446941740643575
156142,1,-0.014540252031712357
156142,2,-0.11659048684574153
156142,3,0.011254927253598232
156142,4,0.01330572004028654
156142,5,0.022791043587158097
156165,1,0.0580093046852216
156165,2,-0.01477016889605362
156165,3,0.08076223327971382
156165,4,-0.04896868507546884
156165,5,-0.05319278003429723
156173,1,0.07375822056645019
156173,2,0.019525693052522365
156173,3,0.08491139915374336
156173,4,-0.05928256827222792
156173,5,0.006061644003417964
156204,1,-0.011405430010850636
156204,2,-0.11509544190868737
156204,3,0.019001527667466857
156204,4,0.014539576171772164
156204,5,-0.01334647935330806
156236,1,6.426593706614165e-4
156236,2,0.0035723880429023914
156236,3,0.009763407184396136
156236,4,0.0034701966930605122
156236,5,-0.0020891586424623904
156329,1,0.04703539983351656
156329,2,-0.026591021806967884
156329,3,0.07263611176478782
156329,4,-0.04762772350913385
156329,5,-0.05276785922702492
156330,1,0.05091354847160574
156330,2,-0.026348738295195073
156330,3,0.0873803064216503
156330,4,-0.04170734737349267
156330,5,-0.062388251745696933
156532,1,-0.004632799181040272
156532,2,7.649124578439535e-4
156532,3,-0.003594444582513409
156532,4,-0.016047645719358423
156532,5,0.03959363484820136
156534,1,0.04619447583052155
156534,2,-0.02480118789137664
156534,3,0.08076620689192605
156534,4,-0.05037832623150161
156534,5,-0.05603861444956861
156652,1,0.0765906342515027
156652,2,0.031637774423392606
156652,3,0.07884127702561167
156652,4,-0.057120023247006324
156652,5,-0.006040438375176561
156656,1,0.05104054776622542
156656,2,-0.03147606967233622
156656,3,0.07565750272869878
156656,4,-0.030138204168243768
156656,5,-0.06030343048192363
156769,1,-0.012009126682102021
156769,2,-0.11109402173319262
156769,3,0.01245047960712706
156769,4,0.00554521352626251
156769,5,-0.008354881710135256
156797,1,-0.011597385467790334
156797,2,-0.10950905199040162
156797,3,0.0082351013263102
156797,4,7.666519133358078e-4
156797,5,-0.005074783994741811
156966,1,4.7342311191650964e-4
156966,2,-0.01717688250692708
156966,3,0.0022863279342312257
156966,4,0.009222451018205355
156966,5,0.009038480095346633
157157,1,0.05108720114556239
157157,2,-0.02538818996823023
157157,3,0.08387768655118218
157157,4,-0.03927555315053256
157157,5,-0.059011177443139204
157272,1,0.04732024698145695
157272,2,0.038181045569940356
157272,3,-0.00870077559392506
157272,4,-0.137209540923822
157272,5,0.010110624600023061
157746,1,0.05195364126035225
157746,2,-0.03211377128414984
157746,3,0.07771701286608958
157746,4,-0.04446800970338794
157746,5,-0.05588880057883539
157851,1,-0.011830191684712619
157851,2,-0.11628218018258078
157851,3,-1.347275433772615e-4
157851,4,0.01470853843535719
157851,5,-0.007011774139931693
157975,1,-0.01482178317791461
157975,2,-0.11564457307069197
157975,3,0.011760023861039125
157975,4,0.011286607419853687
157975,5,-0.013020016635672736
157976,1,0.04289639803297556
157976,2,-0.032632761032086365
157976,3,0.09329019085467108
157976,4,-0.03348567418217573
157976,5,-0.05471043678909025
157984,1,-0.020792359635882506
157984,2,-0.11439008207355415
157984,3,0.014440041615431776
157984,4,0.01459424878863819
157984,5,-0.0037075113846783457
158114,1,0.044200907259052964
158114,2,-0.031167644146322795
158114,3,0.07104755101737799
158114,4,-0.028419716548455973
158114,5,-0.055632404511770615
158315,1,0.07381318515380232
158315,2,0.03388810998824587
158315,3,0.07452596675549479
158315,4,-0.04199927646857183
158315,5,0.010344611338303828
158390,1,-0.013186687858453157
158390,2,-0.11471740353802935
158390,3,0.016279364139727213
158390,4,0.01019581175100275
158390,5,-0.007842099043334043
158434,1,0.07216566704469818
158434,2,0.01966657016419536
158434,3,0.08376815250752787
158434,4,-0.05160638268222388
158434,5,-0.009823796692157357
158495,1,0.04970478683049883
158495,2,-0.03155400059853456
158495,3,0.08060902813702603
158495,4,-0.05149729809485053
158495,5,-0.05864433369964735
158684,1,-0.016650183512888137
158684,2,-0.11040670878214294
158684,3,0.02307079045323654
158684,4,0.018141968604703466
158684,5,-0.018184364742798945
158690,1,-0.015266309420637149
158690,2,-0.1219124864456227
158690,3,0.010943940745605289
158690,4,0.014989533228643622
158690,5,0.0076923004618901095
158744,1,0.003784720053724438
158744,2,0.0053708442485137274
158744,3,0.006954556459085913
158744,4,-0.006421935048897548
158744,5,0.02815988572094287
159097,1,-0.015438323600319164
159097,2,-0.11541239592524567
159097,3,0.007681758271124337
159097,4,0.011193467988827234
159097,5,0.0028299907793195105
159245,1,-0.015153618341236215
159245,2,-0.11607707811827742
159245,3,0.012360105200954468
159245,4,0.021700729996892303
159245,5,-0.005755759192228402
159289,1,0.07771863923240477
159289,2,0.01929291510871905
159289,3,0.08523671676016197
159289,4,-0.055272155721084695
159289,5,-0.020980418995921415
159745,1,-0.014897789579290381
159745,2,-0.1112880735298622
159745,3,0.014824540590432199
159745,4,0.001729434608861579
159745,5,0.00020866184826754126
160207,1,0.0037542217302366596
160207,2,-1.3890224393430873e-4
160207,3,-0.0010968728253827691
160207,4,-0.021838754511981584
160207,5,0.03170874995300066
160208,1,0.04479517653761261
160208,2,-0.026870922484579982
160208,3,0.08138955923330365
160208,4,-0.036152754642149405
160208,5,-0.05494357865576957
160216,1,-0.012492132963582937
160216,2,-0.10823789668903198
160216,3,0.010377886848628948
160216,4,0.01183842783387699
160216,5,6.77400584153507e-4
160533,1,0.07242328146953564
160533,2,0.023242357350118578
160533,3,0.09050707710374462
160533,4,-0.05454739664125393
160533,5,-0.010157839640365002
160551,1,0.04650578885903928
160551,2,-0.0301149790361729
160551,3,0.08882029848665712
160551,4,-0.038620651369563844
160551,5,-0.04747946198904406
161450,1,0.05085612791606928
161450,2,-0.02966046481894638
161450,3,0.07845422803566406
161450,4,-0.033203178153493794
161450,5,-0.06558459622411665
161502,1,-0.01871535690402378
161502,2,-0.11192374724113249
161502,3,0.010718882167121472
161502,4,0.019263780750746043
161502,5,-0.011501804069660546
161736,1,-0.012365414112289697
161736,2,-0.11394221148240556
161736,3,0.01682237754362417
161736,4,0.021357841222910637
161736,5,-9.743823326229181e-4
162102,1,-0.012547591113631025
162102,2,-0.11910812850904186
162102,3,0.014793166815857465
162102,4,0.015240609937999491
162102,5,0.001238564788720876
162217,1,-0.010138715102652313
162217,2,-0.1143728526289588
162217,3,0.020092669418210054
162217,4,0.021627519416142583
162217,5,-0.0017896334670226028
162276,1,9.240247733624924e-4
162276,2,0.01184307624745444
162276,3,-0.014511805368151456
162276,4,0.012451236015796747
162276,5,-0.01760279636120684
162292,1,-0.013701509526543034
162292,2,-0.11197063452282133
162292,3,0.012466542208022497
162292,4,0.013029975630015123
162292,5,-0.00726822964587628
162683,1,0.07704325159430295
162683,2,0.023523856657047697
162683,3,0.08355230932052869
162683,4,-0.05563373869490808
162683,5,4.2118146132776464e-4
162697,1,-0.016448712494339695
162697,2,-0.1167155082780502
162697,3,0.019772038664843512
162697,4,0.01626035363834709
162697,5,0.007858335230241077
162810,1,-0.002246504989864675
162810,2,-0.0050737159348883745
162810,3,0.007862273843503229
162810,4,-6.627748120444759e-4
162810,5,0.029993396820603944
163218,1,-9.225674446883761e-4
163218,2,0.01178517767280617
163218,3,0.03633714091924986
163218,4,0.02187214601254502
163218,5,-0.023272860050492016
164043,1,-0.001519254953740852
164043,2,0.008577146499088556
164043,3,0.009950437931607485
164043,4,-0.01617741040590514
164043,5,-0.006244197186283307
164083,1,-0.01484090819462605
164083,2,-0.1179053234033197
164083,3,0.01731640551362227
164083,4,0.018998528741119992
164083,5,-0.017253930450229906
164340,1,0.07379777157006878
164340,2,0.028754556756939106
164340,3,0.09283049102196661
164340,4,-0.048098677963327965
164340,5,-0.004363331882332188
164436,1,-0.01384731095579728
164436,2,-0.114712163631285
164436,3,0.014945443526498054
164436,4,0.021166094592120082
164436,5,-0.0042759543008227254
164741,1,-0.009028352918255322
164741,2,-0.11469297824426225
164741,3,0.004908060901128664
164741,4,0.0011667189156531665
164741,5,-0.0014853365076866075
164924,1,-0.015425643984718948
164924,2,-0.11447680248470946
164924,3,0.011555748208734508
164924,4,0.00404477687462091
164924,5,-0.002462134302528913
165124,1,-0.013540613805007089
165124,2,-0.10775630275757894
165124,3,0.018509118966520386
165124,4,0.011518146120219636
165124,5,-0.004149655111618191
165250,1,0.009862217897873341
165250,2,-0.010175127735759848
165250,3,0.003842237939371517
165250,4,0.04212059392683839
165250,5,-7.899526198486927e-4
165479,1,-0.014828749567904928
165479,2,-0.12044346341339757
165479,3,0.00842848712790816
165479,4,0.01804437793675654
165479,5,-0.0048785012362821956
165802,1,-0.018280792285358373
165802,2,-0.11588111926485843
165802,3,0.019152973969831653
165802,4,0.018560721457904075
165802,5,-1.2764187968873072e-4
165832,1,-0.015933076841728736
165832,2,0.008015176118796203
165832,3,-0.012894783204282384
165832,4,3.7902427052653455e-4
165832,5,0.016716944963082243
165908,1,0.05518400025152966
165908,2,-0.03142479140586744
165908,3,0.077525277941928
165908,4,-0.03885877689082303
165908,5,-0.06270863952242983
166163,1,-0.009087879670242204
166163,2,-0.1158692641656799
166163,3,0.018846052450420574
166163,4,0.007962507485381855
166163,5,-0.01658860356872626
166188,1,-0.015247785030833945
166188,2,-0.11176300107179413
166188,3,0.0158804414009825
166188,4,0.02188309445732172
166188,5,-0.015606736797794434
166310,1,-0.012577706142643414
166310,2,-0.1132131256802689
166310,3,-0.0011245523131065782
166310,4,0.002398542236333721
166310,5,-0.019090398064523888
166727,1,0.07579801850532913
166727,2,0.021267591143142174
166727,3,0.08414467793660241
166727,4,-0.057424408373923305
166727,5,-0.0017191568069343992
166824,1,0.07163452466491121
166824,2,0.019035100108059876
166824,3,0.08336539105284951
166824,4,-0.054698042667524295
166824,5,0.004356155595835577
167218,1,-0.011831968971754238
167218,2,-0.1148246401216681
167218,3,0.019701413299578287
167218,4,0.006958830989712878
167218,5,-0.004027772460663621
167310,1,0.06936091206450191
167310,2,0.016913208185152302
167310,3,0.10032427685303659
167310,4,-0.06299765609965358
167310,5,0.004830389021719019
167325,1,-0.013259120022700214
167325,2,-0.11121702972396295
167325,3,0.015818870941877422
167325,4,0.019268532915823023
167325,5,-0.0035553094369518336
167431,1,0.04455706949855998
167431,2,-0.032651402292692346
167431,3,0.07895858148673428
167431,4,-0.04780105436631062
167431,5,-0.06697828190986312
167441,1,-0.01703723375866061
167441,2,-0.11513808969396354
167441,3,0.020255064189628275
167441,4,0.00514744845696649
167441,5,0.0037424674237346704
167455,1,-0.009969610201237492
167455,2,-0.11813840301465926
167455,3,0.016534401378903923
167455,4,0.022770161525911197
167455,5,-0.0034041224091297608
167647,1,-0.015584934451317483
167647,2,-0.11871864812254962
167647,3,0.016183336681144998
167647,4,0.02252437494623323
167647,5,-0.015292526488334056
167774,1,-0.009892042705253299
167774,2,-0.10998854859189043
167774,3,0.015409496656057429
167774,4,0.010963316131664184
167774,5,-0.021290798862423816
167833,1,-0.010717589785207765
167833,2,-0.10927303904582157
167833,3,0.005835517821802903
167833,4,0.0014946360986223916
167833,5,-0.009181724267379426
167900,1,-0.010155329691959395
167900,2,-0.11068674886300148
167900,3,0.019476612823668766
167900,4,0.007707624019160578
167900,5,-0.004166581903743631
168020,1,-0.015577913938719087
168020,2,-0.11183280603434446
168020,3,0.009758114318128473
168020,4,0.018776691864907123
168020,5,5.6106201588705745e-5
168080,1,0.07633736365450891
168080,2,0.020886520435722502
168080,3,0.09102234193086452
168080,4,-0.06657546058852923
168080,5,0.011641223873573837
168139,1,-0.013614032216238664
168139,2,-0.11585872220827335
168139,3,0.012081881338967556
168139,4,0.015940214101885102
168139,5,-0.01007706661763634
168241,1,-0.014441995572191226
168241,2,-0.11772281031720253
168241,3,0.013753813161787419
168241,4,0.01789352599895112
168241,5,-0.004674991150354523
168466,1,0.07151025366203256
168466,2,0.02057425996239973
168466,3,0.0903324939349108
168466,4,-0.05175790981365925
168466,5,0.008760365479049721
168728,1,0.05084859445642601
168728,2,-0.024412508395623214
168728,3,0.06528042367690741
168728,4,-0.03681020059231847
168728,5,-0.056316031635197626
168781,1,-0.014029611172174805
168781,2,-0.11289807721442534
168781,3,-0.002265412816326852
168781,4,0.01066885720897304
168781,5,-0.009210321974026733
169701,1,0.07275834029216055
169701,2,0.02455876600127909
169701,3,0.09833351445662529
169701,4,-0.05384299993861131
169701,5,-0.0024623237468578397
169995,1,0.04621536494092679
169995,2,-0.02743449928310817
169995,3,0.08485817859344118
169995,4,-0.03827544212785291
169995,5,-0.0467224657906756
170589,1,0.047416610016495254
170589,2,-0.024938479686470127
170589,3,0.07935631358368182
170589,4,-0.044160750771437385
170589,5,-0.059660587911635816
170642,1,0.04549011062642245
170642,2,-0.029614390813575357
170642,3,0.07935929489498918
170642,4,-0.03645666091726377
170642,5,-0.05688608379885471
171189,1,0.07669898829620446
171189,2,0.020699547020541602
171189,3,0.08725350824119453
171189,4,-0.05660298572957973
171189,5,0.01476977221767583
171591,1,0.07186676396587609
171591,2,0.021197873478528112
171591,3,0.08980442112742816
171591,4,-0.05845943407127515
171591,5,0.002902368911282712
171627,1,0.07093861648099274
171627,2,0.02169463876227979
171627,3,0.09106041953888856
171627,4,-0.056271126993713345
171627,5,-0.01664962337212633
172518,1,0.030932247071082955
172518,2,-0.01798783629910584
172518,3,0.05085392013985523
172518,4,-0.029132264864038502
172518,5,-0.03287237896351289
172741,1,0.05113480031565279
172741,2,-0.03127720222020173
172741,3,0.07887444589886082
172741,4,-0.04565039260412149
172741,5,-0.05419781914846876
172799,1,0.0026007151652519666
172799,2,-0.004905125430912628
172799,3,-0.003645970679924119
172799,4,-0.015111694639941577
172799,5,0.02890339935871641
173747,1,-8.05180857050704e-4
173747,2,0.0034146525682125567
173747,3,5.837685776951642e-5
173747,4,-0.011046153958012207
173747,5,0.028537336802590595
173751,1,0.04732915170723071
173751,2,-0.029687993791399102
173751,3,0.08955336428425874
173751,4,-0.03845960713730577
173751,5,-0.052949650852567885
174069,1,0.04674399846047944
174069,2,-0.029811428937291953
174069,3,0.08189792432700314
174069,4,-0.0437404639077576
174069,5,-0.06897316722070004
174607,1,0.005382807565371774
174607,2,-0.002664475279611649
174607,3,-0.0012110387787810126
174607,4,0.005017313343605563
174607,5,0.0059059362831834165
174608,1,0.0052752687385434465
174608,2,-0.005293468930210163
174608,3,0.0054773730744486285
174608,4,-0.00932910265136194
174608,5,0.03855165328180328
174636,1,6.344525417482534e-4
174636,2,-3.070026597162992e-4
174636,3,-0.006659171140478019
174636,4,-0.021292266944927737
174636,5,0.025865749532780494
174649,1,-0.062045729315613835
174649,2,0.009338573354086263
174649,3,0.040774217665211276
174649,4,-0.005798874095436297
174649,5,-0.05751655397266933
174712,1,0.006347384103516454
174712,2,-0.0037935978253371763
174712,3,0.0013601968061894719
174712,4,-0.006806666489156066
174712,5,0.03641881685563497
175387,1,0.052834578830415826
175387,2,-0.025198883040066036
175387,3,0.08449746327185478
175387,4,-0.03349684365192261
175387,5,-0.06014010916146601
176527,1,-0.0024200620413654997
176527,2,-0.06274674947054776
176527,3,9.140454709321734e-4
176527,4,0.025676726108125995
176527,5,0.010293443214815056
176618,1,-0.009607171064171154
176618,2,-0.04253055661973607
176618,3,0.011774909508438685
176618,4,0.017817008341112908
176618,5,-0.006177183324881208
176747,1,-0.004388734352220411
176747,2,-0.07480891815291749
176747,3,0.011842782556497858
176747,4,0.0010245903347908941
176747,5,0.043842090940966354
177225,1,-0.07222523696352831
177225,2,-0.03813876626079393
177225,3,0.08723790090963338
177225,4,-0.01565547395318032
177225,5,0.10000538236674773
177250,1,-0.08373805963324975
177250,2,0.04368857975004534
177250,3,0.09257200536499344
177250,4,0.009744527439182851
177250,5,0.0773800494252934
178062,1,0.005650560526513626
178062,2,2.07622151861989e-4
178062,3,0.01267177911889655
178062,4,0.0021478923305858558
178062,5,-0.0183191249250765
178181,1,-0.0059171064410018905
178181,2,-0.05008086935901587
178181,3,0.011489682473184213
178181,4,-0.01633455764157009
178181,5,0.04223802167580216
178299,1,-0.001081464005187565
178299,2,-0.0467888936708212
178299,3,0.015371724121801574
178299,4,-0.012915427743172236
178299,5,0.04987035642674526
178428,1,-0.008900691176922496
178428,2,-0.11022635456308585
178428,3,0.007589288593641993
178428,4,-0.007524930655821302
178428,5,0.02553561612116585
178729,1,-0.00506447783514237
178729,2,-0.002092575939441994
178729,3,0.001859826473070768
178729,4,0.014411951103226782
178729,5,-0.0051287023178269
178812,1,-0.07545104377405316
178812,2,-0.04238826454411928
178812,3,0.09688404334136506
178812,4,-0.012059204904303475
178812,5,0.0914306242756017
178815,1,-0.0792159352703111
178815,2,0.04224634560392597
178815,3,0.08848258510661276
178815,4,0.006303270419878183
178815,5,0.07732686929380528
178856,1,-0.07448031468498917
178856,2,-0.040979545666358454
178856,3,0.10176962534323923
178856,4,-0.012915544421537589
178856,5,0.10689822558737795
179210,1,0.0235319347769253
179210,2,-0.0024134792499333198
179210,3,-0.006169852327488686
179210,4,-0.0010434891890637847
179210,5,-0.010680440559693572
179455,1,-0.08196884466800908
179455,2,0.04499006605688303
179455,3,0.08353497364786802
179455,4,0.023424288819747056
179455,5,0.0793467755116604
179562,1,-0.07555664056467883
179562,2,-0.04102649822979387
179562,3,0.0944741551392672
179562,4,-0.007505836830267869
179562,5,0.11993366000587542
181412,1,0.00583245920594108
181412,2,-0.0021874757397670097
181412,3,-0.005867575435484919
181412,4,0.004212457304534621
181412,5,-0.014612448706573555
181638,1,-0.08158558999635725
181638,2,0.047243255201612
181638,3,0.09144422386464897
181638,4,0.0019089046868536945
181638,5,0.07202071154805863
181720,1,-0.012004418945071389
181720,2,-0.11749388733489163
181720,3,0.00960750472315288
181720,4,0.0010665420240218882
181720,5,0.008021924923104645
181967,1,-0.07572755425781633
181967,2,-0.04125618561783092
181967,3,0.07689357071056527
181967,4,-0.006563835444706518
181967,5,0.10216725687873693
182013,1,-0.0710166089849677
182013,2,-0.043685615206794835
182013,3,0.08576919330883097
182013,4,-0.011912622854492997
182013,5,0.09376426675938841
182059,1,-0.07545932195423095
182059,2,-0.03915635361991742
182059,3,0.08212448304861686
182059,4,-0.014918624274720953
182059,5,0.09610711105144974
182084,1,-0.008258567663647041
182084,2,-0.05836705036546482
182084,3,0.0014015096339125921
182084,4,0.0010961578254274872
182084,5,-0.01573760372522232
182288,1,-0.005361056700938791
182288,2,-0.05047265904859001
182288,3,0.020608581533917827
182288,4,-0.024152533717337422
182288,5,0.05331481720813792
183222,1,-0.08439902800202656
183222,2,0.04454859023557618
183222,3,0.08464311893241015
183222,4,0.0017917957324911007
183222,5,0.08968941390103438
184221,1,-0.08166668414856622
184221,2,-0.039528857799576544
184221,3,0.08733713007151128
184221,4,0.00700434938557969
184221,5,0.10260333897278148
184243,1,-0.08610525167978872
184243,2,0.0467554520881465
184243,3,0.07252787363881595
184243,4,-0.006083113412155571
184243,5,0.0727296960376524
184420,1,-0.01062509044270113
184420,2,-0.11952981739528393
184420,3,0.011508323295582412
184420,4,-0.007853548419967438
184420,5,0.022395832928046852
184488,1,-0.08122615245705841
184488,2,0.04128119844417511
184488,3,0.08585114159671
184488,4,0.00526064273294038
184488,5,0.07453886450342623
184731,1,-0.08390013239312179
184731,2,0.03663926272432537
184731,3,0.07145912013390468
184731,4,0.01208900985025192
184731,5,0.07895640938649756
184863,1,-0.017051429501507717
184863,2,0.009977831030825283
184863,3,-0.007482362051663184
184863,4,0.0029654758796710937
184863,5,-2.5810213058259776e-4
184956,1,-0.0036269685859399705
184956,2,-0.10580822930311154
184956,3,0.004040649859874148
184956,4,-3.243971412171685e-4
184956,5,0.011531912618879798
185285,1,2.6260924364840204e-4
185285,2,-0.0493315963332519
185285,3,0.010606203058442627
185285,4,-0.031900051116307705
185285,5,0.05912480869610712
185926,1,-0.08288712090450566
185926,2,0.04197819539922563
185926,3,0.08919548098449814
185926,4,0.0034449980605598097
185926,5,0.08046465896226387
186405,1,-0.07811700930034432
186405,2,-0.045242534749259794
186405,3,0.08337718726853408
186405,4,-0.002790641980914683
186405,5,0.11324170608932416
186917,1,0.01613096831718934
186917,2,-0.014160755403296395
186917,3,-0.002991269511203011
186917,4,0.03568702528656812
186917,5,-0.008357105225454048
187087,1,-0.01491765443962638
187087,2,-0.11694625186001359
187087,3,0.01261846764877154
187087,4,0.014165965735580618
187087,5,0.01929383931861651
188030,1,-0.07365609725676608
188030,2,0.0046882715803434885
188030,3,0.10090933091435987
188030,4,-0.028986413491671793
188030,5,0.15177098565961278
188107,1,-8.153403027082808e-4
188107,2,-0.06131845024247844
188107,3,0.021075215729502952
188107,4,-0.01826546952561181
188107,5,0.0910827434754459
188318,1,-0.004576873870785554
188318,2,-0.052788372006170994
188318,3,0.017433782536723612
188318,4,-0.013899566443006656
188318,5,0.07016731588273847
188437,1,0.00834434046252119
188437,2,0.0016470003369182837
188437,3,-0.005977366743313679
188437,4,0.004287279428945591
188437,5,-0.01463343332469025
191101,1,-0.005475195672404789
191101,2,-0.048329323578301754
191101,3,0.01382999708275937
191101,4,-0.026819550271459373
191101,5,0.07241276384682171
191797,1,-0.08411675850499645
191797,2,0.0455518582117213
191797,3,0.09794348977613122
191797,4,5.799257681470338e-4
191797,5,0.07751770285390651
191809,1,-0.08418954884573746
191809,2,0.04456598337524982
191809,3,0.07213642552484487
191809,4,0.0013753938293506493
191809,5,0.07244433015486426
192069,1,-0.08118285629925544
192069,2,0.0419891214028732
192069,3,0.08481256385223435
192069,4,-0.0091513119830651
192069,5,0.08799855348066221
192769,1,0.003955384764959202
192769,2,-0.0027098826871656254
192769,3,-0.001142894591973265
192769,4,-0.021233716126797097
192769,5,0.010176732905069793
193321,1,0.002103557027432296
193321,2,-0.05346301267672574
193321,3,0.011835674398882398
193321,4,-0.021448831920975627
193321,5,0.07348134147643026
193761,1,0.0025663498917244637
193761,2,-0.07834426113896874
193761,3,0.004486319677845219
193761,4,-0.03963901355351271
193761,5,0.04555965724556056
193767,1,0.003948389160696927
193767,2,-0.07309138848988057
193767,3,0.013846795259693309
193767,4,-0.04899852680003161
193767,5,0.038675582540623914
193832,1,0.014924002367899774
193832,2,0.007283891548942739
193832,3,-0.0028847132746521315
193832,4,-0.035403642498676245
193832,5,0.03315337578412133
193837,1,0.01742055138483131
193837,2,0.009039785583280184
193837,3,-0.003807814181175616
193837,4,-0.026150849182953025
193837,5,0.04807802489507806
193864,1,-0.012334734411239646
193864,2,-0.03889908658911342
193864,3,0.007434919051442466
193864,4,0.026233089848235896
193864,5,-0.04880556394599802
193885,1,0.011150470495189167
193885,2,-0.03523083474031118
193885,3,-0.0020525047914630532
193885,4,-0.03578181247230577
193885,5,0.03598715532917493
194282,1,-0.005128292917302501
194282,2,0.0038911017734882345
194282,3,0.00602249072783755
194282,4,0.020642853464222784
194282,5,0.0029372345430374387
194290,1,-0.055787774539736004
194290,2,0.008762117744008611
194290,3,0.05898818273386884
194290,4,-0.06749620214018069
194290,5,0.19852552270719112
194527,1,-0.05382342703408345
194527,2,0.00772049273018371
194527,3,0.056847128767123584
194527,4,-0.07145316367063849
194527,5,0.1925302221588264
195085,1,-0.05743372552511302
195085,2,0.008262862108348194
195085,3,0.07005711590708932
195085,4,-0.07276291945312711
195085,5,0.20005247444847654
195102,1,-0.058948717255404647
195102,2,0.01178267165407088
195102,3,0.05752055383987026
195102,4,-0.0677518274655274
195102,5,0.1920957128901442
195465,1,-0.052438202089120006
195465,2,0.011803560410348237
195465,3,0.06894219261868578
195465,4,-0.06969824595126811
195465,5,0.20060910311720215
195520,1,-0.056609442344918395
195520,2,0.011348200855849892
195520,3,0.06589697587026933
195520,4,-0.06621465799007423
195520,5,0.1896420508883075
195672,1,-0.004912159231458032
195672,2,1.2821469400377283e-4
195672,3,0.010464701416534803
195672,4,0.019146231847426556
195672,5,-0.014062965873393674
195696,1,-0.06290256066221077
195696,2,-0.017406506533102682
195696,3,0.07207059460020915
195696,4,-0.058018262357695256
195696,5,0.14818216018016858
196604,1,-0.05632279138017644
196604,2,0.009916081218339663
196604,3,0.0692239424887543
196604,4,-0.0714276325820563
196604,5,0.19544918426227062
198397,1,-0.011000029907811007
198397,2,0.004449183660197914
198397,3,4.6415746689581366e-4
198397,4,0.01396990737224162
198397,5,-0.005022901429619855
198981,1,-0.00894476276234314
198981,2,-0.034778559711193875
198981,3,0.019799341815996123
198981,4,0.0184314202824688
198981,5,0.02903176349174291
200142,1,-0.06673947201096185
200142,2,-0.018052454586435285
200142,3,0.05806248816479473
200142,4,-0.0629250738347726
200142,5,0.1451059827167079
200755,1,-0.007946046125937455
200755,2,-0.00816092375776146
200755,3,-0.0044998036128033065
200755,4,0.001847261537122483
200755,5,-0.008081715770752618
