SNP_ID,PC,loading
63244,1,-0.01893520045691378
63244,2,0.0173526256625131
63244,3,0.07713935270449859
63244,4,-0.026104118270981396
63244,5,0.021317266170741197
63244,6,-0.06816581014136981
63244,7,-0.09188448809351342
63244,8,-0.06257403928841335
63452,1,0.004288971220716904
63452,2,9.18837109008874e-4
63452,3,0.025271003992890548
63452,4,-0.010647541704302026
63452,5,0.0030856394720976035
63452,6,-0.028179282821938434
63452,7,0.006497194894445608
63452,8,-0.038952355112279735
63799,1,-0.03288087543962826
63799,2,0.05065631095029949
63799,3,0.17067899720350532
63799,4,-0.11830016885755291
63799,5,0.03281289510236001
63799,6,-0.1360275971206036
63799,7,0.004163183792294645
63799,8,-0.029954019270696592
63967,1,5.302834808775331e-4
63967,2,0.004009041414955604
63967,3,0.017589737951118258
63967,4,-0.010861649003047587
63967,5,-9.50126739211181e-4
63967,6,-0.015461939007615015
63967,7,0.030917498361981183
63967,8,-0.018523032601675624
65288,1,-0.01428270484334426
65288,2,0.022938026858089475
65288,3,0.11091003627415269
65288,4,-0.1043072677417766
65288,5,0.018415869393844504
65288,6,-0.07381628516531706
65288,7,0.07028246474446641
65288,8,0.061150238505026815
67486,1,0.0035068853557065744
67486,2,0.011233473082116486
67486,3,1.034210984150857e-4
67486,4,0.0038444894942147464
67486,5,-0.04717925605899654
67486,6,0.05433310296346614
67486,7,0.015469748191381805
67486,8,0.049900903049060016
68749,1,-0.012241493771367944
68749,2,0.018441900411742526
68749,3,0.02892144639328153
68749,4,-0.00924147740416688
68749,5,0.007678371375651647
68749,6,-0.03671905681375446
68749,7,0.0499827559308405
68749,8,-0.025405032067884453
69094,1,0.01567398933016079
69094,2,0.04141326318914589
69094,3,0.02664815822868233
69094,4,-0.06811314665294799
69094,5,0.11090375130013184
69094,6,-0.13369103529559098
69094,7,0.018467207632878683
69094,8,0.29366515154424333
69408,1,-0.013230227529443058
69408,2,0.03472249485089826
69408,3,0.1269880822836453
69408,4,-0.06481017378575935
69408,5,0.029399194409081793
69408,6,-0.020795475392399558
69408,7,-0.016276631273595358
69408,8,-0.0075948651275646265
70980,1,0.005873962824972156
70980,2,-0.006282054062995774
70980,3,-0.0109927860004803
70980,4,-0.005447518333197353
70980,5,-0.12277720492166168
70980,6,-0.05523761510664895
70980,7,-0.003516884040670439
70980,8,0.03126300175425683
72719,1,0.05154996411616344
72719,2,-0.026581759061882992
72719,3,0.032831975408052896
72719,4,0.050397697222056004
72719,5,0.08003650920339085
72719,6,0.08047652427377905
72719,7,0.14800452647299547
72719,8,-0.25544732694555655
72892,1,0.004227612518084191
72892,2,-0.008864665797538349
72892,3,-0.013582474577763744
72892,4,-0.011184874557319454
72892,5,-0.1456995293843426
72892,6,-0.049963668003119924
72892,7,0.04177343034129118
72892,8,-0.004225181853179258
73858,1,-0.027104235884956047
73858,2,0.006020567701865463
73858,3,0.006823829272618899
73858,4,0.07800154302447156
73858,5,0.01923448845843246
73858,6,0.04623890422186825
73858,7,-0.01441019806828754
73858,8,0.038833399814006415
74347,1,0.004088198489182317
74347,2,0.07936094814582782
74347,3,-0.16476723690169878
74347,4,0.08825270900551842
74347,5,0.0696899363706719
74347,6,-0.09577342055625186
74347,7,0.09214301377596892
74347,8,0.2518967617782251
75230,1,-0.031306620985977314
75230,2,-0.019873750745399165
75230,3,-0.044171198761232495
75230,4,-0.010108136581699198
75230,5,0.00845914253980197
75230,6,0.08658352602660312
75230,7,0.026705781863231873
75230,8,0.06113393763444277
75254,1,0.012433572083638381
75254,2,-0.09860015599832087
75254,3,-0.033565399456250145
75254,4,0.05376724190833367
75254,5,0.037721331985372177
75254,6,0.198020279131925
75254,7,0.07716170929334881
75254,8,0.0016004901714493254
77816,1,0.006572521664373685
77816,2,0.01879405413778203
77816,3,-0.09774627011805666
77816,4,-0.02467781127514737
77816,5,0.08351691396646062
77816,6,0.031378025299756605
77816,7,0.13296114964954828
77816,8,0.09362978031015606
79234,1,-0.0023156414901552365
79234,2,-0.03340984756986591
79234,3,0.045206927206477864
79234,4,-0.014564461847385798
79234,5,-0.016915397207936687
79234,6,0.0772035874829307
79234,7,0.1056357562665226
79234,8,0.05757856138802858
80071,1,-0.005729579574877172
80071,2,-0.047944994126456086
80071,3,0.06542514335927078
80071,4,-0.0324833253850541
80071,5,0.06570635386268789
80071,6,0.09837391268988707
80071,7,0.11802966795669202
80071,8,0.04759027087664937
80183,1,0.006202524907658463
80183,2,0.006227942404641843
80183,3,-0.05959903470164482
80183,4,0.00214587303381545
80183,5,0.05029090629831072
80183,6,0.019283351546900467
80183,7,0.09450481205728221
80183,8,0.08970341927574689
80481,1,0.007902996714235189
80481,2,-0.005915740274589099
80481,3,-0.01417624138690926
80481,4,-0.0065139541097161
80481,5,-0.13650629938646766
80481,6,-0.06807852977952236
80481,7,0.010177123938625666
80481,8,0.013483364719528719
80728,1,0.005227942456847385
80728,2,0.030299716420736974
80728,3,-0.08411911331564484
80728,4,-0.04094607093887282
80728,5,0.07414333544235562
80728,6,0.03855956810390047
80728,7,0.19788758942746018
80728,8,0.12139152079654858
81979,1,-0.08261248306539479
81979,2,-0.012580290983786829
81979,3,-0.007113547494787027
81979,4,-0.03167581297111268
81979,5,-0.052092912645958216
81979,6,0.24910768737038005
81979,7,0.1163200407333408
81979,8,0.06421963201021567
81982,1,-0.009590026445433058
81982,2,-0.021266889310870937
81982,3,-0.007745078163121531
81982,4,-0.00803168452028019
81982,5,-0.0038758530071991773
81982,6,-0.06533738138175423
81982,7,-0.07305312020134865
81982,8,-0.06173696081323161
82012,1,0.013165882447372199
82012,2,0.0581706045513445
82012,3,-0.06294828112630318
82012,4,-0.01029598947600175
82012,5,0.07957243175811207
82012,6,-0.12789444821285154
82012,7,0.19254478067967346
82012,8,0.2783071249376113
82074,1,0.02540014658082587
82074,2,0.06348793634302134
82074,3,-0.08500458118888816
82074,4,0.08228302175659985
82074,5,-0.01515189462752069
82074,6,-0.11627987552810638
82074,7,-0.04494033172476946
82074,8,0.15083657908462073
82079,1,0.021980519547376808
82079,2,0.06607751864990745
82079,3,-0.0741103192416804
82079,4,0.07186970234512866
82079,5,-0.028320089368472436
82079,6,-0.09987663646275238
82079,7,-0.04876926306839529
82079,8,0.17599616400351376
82139,1,-0.09016766340685564
82139,2,0.031005387362925255
82139,3,0.02707906592787476
82139,4,-0.06588989916538966
82139,5,-0.01749904058588959
82139,6,0.19899576359486001
82139,7,0.004331816956511391
82139,8,0.023749490234553396
82146,1,-0.07909821050495139
82146,2,0.012418100284715683
82146,3,0.07332999777769468
82146,4,-0.140565561777166
82146,5,-0.012025795880362428
82146,6,0.21279944999502332
82146,7,0.055586260271676666
82146,8,0.10476824578254466
82204,1,-0.008247397802852106
82204,2,0.01686515062331729
82204,3,0.005855594536714964
82204,4,-0.027139995014238718
82204,5,0.0060489317828622685
82204,6,0.017215744076497435
82204,7,-0.0344152074259723
82204,8,-0.0061428883461425825
82209,1,0.00863156823692967
82209,2,0.04657308985424362
82209,3,-0.06686486618407589
82209,4,0.018782318568592898
82209,5,-0.04943576396264306
82209,6,-0.0521289420692383
82209,7,-9.39466459376456e-4
82209,8,0.04366873196783206
82215,1,0.06474122702697217
82215,2,-0.03531492871720507
82215,3,0.021334434414021414
82215,4,0.047479737959923114
82215,5,0.07387823774533926
82215,6,0.08023367614787225
82215,7,0.1614991310364484
82215,8,-0.23730081898672534
82216,1,0.0030680507722605638
82216,2,0.03496877561545459
82216,3,-0.061819442399808355
82216,4,-0.004359914604026879
82216,5,-0.04623572718317176
82216,6,-0.057369262883933465
82216,7,-0.0027108813681173145
82216,8,0.03972820675359738
82217,1,0.00819537800444779
82217,2,-0.005573130558611592
82217,3,0.036106406264271564
82217,4,4.5360507059904076e-4
82217,5,0.0018947897273557553
82217,6,0.02539777905131061
82217,7,0.09741776315960217
82217,8,0.030796162773294358
82220,1,0.006631753293693823
82220,2,0.03539613134246953
82220,3,-0.06359219982976472
82220,4,0.00497118400377892
82220,5,-0.04214672685447164
82220,6,-0.07297903577145147
82220,7,-0.020929194271373484
82220,8,0.04293483700516021
82223,1,0.006778543606333988
82223,2,-0.001645872057487256
82223,3,0.0025003258642322143
82223,4,-0.018033469934654104
82223,5,-0.019534655014243247
82223,6,-0.0017560513888946235
82223,7,-0.053263246282213975
82223,8,0.0045209307260716544
82701,1,0.08786823385115927
82701,2,-0.14581831842107362
82701,3,-0.007465238526535299
82701,4,0.007219984271029175
82701,5,0.06806290172408709
82701,6,0.007562471562336087
82701,7,0.059052111935524926
82701,8,-0.06688704131716078
83196,1,0.029718873653481352
83196,2,-0.07773028630626577
83196,3,0.012066727115541276
83196,4,0.004740805565102716
83196,5,-0.010308604623911186
83196,6,-0.0860061361886811
83196,7,-0.13185835266645568
83196,8,0.15880755831603843
83275,1,0.007293892548634767
83275,2,0.02288551818157417
83275,3,-0.044648912633964866
83275,4,0.010847495618728017
83275,5,-0.05981062736703856
83275,6,-0.04528572552118943
83275,7,0.028918857314379307
83275,8,0.012499495574342183
87023,1,0.018098629573759017
87023,2,-0.011171406370863566
87023,3,0.013692231990389235
87023,4,0.006157524407795316
87023,5,0.024593165551160385
87023,6,-0.006353502548194858
87023,7,0.06990803497562993
87023,8,-0.007114734865278727
87111,1,-3.996500607895029e-5
87111,2,-0.02304233606987192
87111,3,0.004625031980220954
87111,4,0.0020660935883901163
87111,5,0.0014324071579931963
87111,6,-0.04083525636264928
87111,7,0.005890480619274007
87111,8,0.005903348407186922
87112,1,-0.08115333804202238
87112,2,0.023965867734045812
87112,3,0.0961960626685722
87112,4,-0.12734205658246925
87112,5,-0.01847040089021258
87112,6,0.22252632687074106
87112,7,0.03626731062920767
87112,8,0.14154542319636176
87416,1,-0.007724511456880199
87416,2,-0.02274520334683723
87416,3,0.030368487172246186
87416,4,-0.014350919880604775
87416,5,-0.013934481555482848
87416,6,0.03970703863125205
87416,7,0.06659395869920849
87416,8,0.04704176027544872
87790,1,-0.0018824739575626637
87790,2,-0.001463136096785953
87790,3,0.0016545692993761739
87790,4,-0.019420902011502424
87790,5,-0.004589645435513064
87790,6,-0.0426954652109001
87790,7,-0.0462661069559179
87790,8,-0.011359534526176074
88155,1,0.004050899431488079
88155,2,-0.005938952339250198
88155,3,-0.009342495868891203
88155,4,-0.021490519696655462
88155,5,-0.019295105322078017
88155,6,-0.03768588287865546
88155,7,-0.04198581041696399
88155,8,-0.008717728304895324
88827,1,0.0850537962327897
88827,2,-0.13753488606944486
88827,3,-0.005744719367084782
88827,4,0.022598374167258954
88827,5,0.058210356959303364
88827,6,-6.973286393064229e-4
88827,7,0.029758228837253126
88827,8,-0.08120823180308084
88924,1,0.006967076182309969
88924,2,-0.0050900160682007655
88924,3,-0.013172135443699853
88924,4,-0.006109192434752445
88924,5,-0.14398601730276891
88924,6,-0.04709026135604847
88924,7,0.005265485771627282
88924,8,0.003343855780947446
90008,1,0.031004033755975536
90008,2,0.07665274463091472
90008,3,-0.19441516581483986
90008,4,0.0012990752530842094
90008,5,0.055864736523060954
90008,6,-0.11034708620536851
90008,7,0.16653313186335794
90008,8,0.22874122110786155
90570,1,0.0010052176453404424
90570,2,0.01167845674509148
90570,3,0.006178447741747199
90570,4,-0.0137898829053262
90570,5,0.003463058683725283
90570,6,-0.009827821585567638
90570,7,0.01705538732434673
90570,8,-0.006162323642399309
90814,1,-0.01805122404544067
90814,2,-0.013216847652960127
90814,3,0.02123620096159056
90814,4,0.038817477869512805
90814,5,0.017144917419348153
90814,6,-0.014849498767991732
90814,7,0.004406369803865616
90814,8,0.018489365504569047
90984,1,0.08714277680449747
90984,2,-0.14155322149157618
90984,3,0.007541359637353311
90984,4,0.02464950225196202
90984,5,0.0706617559676465
90984,6,0.022444814012138676
90984,7,0.046571468868443364
90984,8,-0.07616813935972293
91346,1,0.07829638928460711
91346,2,-0.13653178896419085
91346,3,-0.0011484810327912838
91346,4,0.012158402713022893
91346,5,0.07737944269892864
91346,6,0.014413545215049357
91346,7,0.025246703409415667
91346,8,-0.07764708585796064
91707,1,0.03193504542941111
91707,2,-0.0820892781354298
91707,3,0.00859040319966111
91707,4,0.0029823057871379735
91707,5,0.005039609095404638
91707,6,-0.06630491439418017
91707,7,-0.16526685737862748
91707,8,0.15864049787547452
91716,1,0.028908898620371486
91716,2,-0.05044365026339483
91716,3,0.012585999136742151
91716,4,0.009725856131282448
91716,5,-0.006425168162856483
91716,6,-0.10857161477719202
91716,7,-0.1353294410589368
91716,8,0.14622250979153412
92366,1,-0.07282023987188577
92366,2,-0.01092803449327101
92366,3,0.0744889622760235
92366,4,-0.12881796001140716
92366,5,-0.037494514810888745
92366,6,0.1763415176404126
92366,7,0.01550077019209902
92366,8,0.14851853039974375
92865,1,0.0016679029874090154
92865,2,0.010994404604002072
92865,3,-0.01754426334188285
92865,4,0.00898807949637416
92865,5,-0.1265702759173096
92865,6,-0.01911248204716741
92865,7,0.04037543759972994
92865,8,-0.004291626930324959
92891,1,0.009394633417593229
92891,2,0.015935189591982084
92891,3,-0.008460026982173935
92891,4,-0.006026675178251544
92891,5,-0.09909015080775971
92891,6,0.002534559574777592
92891,7,0.03360664639973487
92891,8,-0.008660079325041007
93298,1,0.004613550535637187
93298,2,0.0016258929639881854
93298,3,0.0032829422212946836
93298,4,0.005827939412525748
93298,5,-0.01618330878270141
93298,6,-5.040094350437814e-4
93298,7,-0.03403771416134856
93298,8,-0.03447327494244299
93440,1,0.08331353590616278
93440,2,-0.15695310408581967
93440,3,0.014337368108437663
93440,4,0.011164793690672515
93440,5,0.05657792394836508
93440,6,-0.006217121177924553
93440,7,0.013794040363928468
93440,8,0.0431426104643702
93499,1,-7.410953522696589e-4
93499,2,0.006253661485018723
93499,3,-3.1538035736602797e-4
93499,4,-8.866921377347569e-4
93499,5,-0.12967215778215152
93499,6,-0.026298976368938486
93499,7,0.021785299211508947
93499,8,-0.003930101168524363
93684,1,0.0051968969802142755
93684,2,0.014167310320282202
93684,3,-0.008941261392180069
93684,4,-0.009318331178920879
93684,5,-0.10876416065358213
93684,6,-0.017590445011528885
93684,7,0.03870621162767982
93684,8,-0.00434140719951968
93718,1,0.008984015255141378
93718,2,0.009571907206199588
93718,3,0.001458869171966789
93718,4,0.012133845340522482
93718,5,-0.11245148596007397
93718,6,-0.007937493966108607
93718,7,0.00695526449336574
93718,8,-0.008884989740662107
93739,1,0.007781705163525935
93739,2,0.005138802528330312
93739,3,-0.018431199635433528
93739,4,-0.016575759373166462
93739,5,-0.12860915201380474
93739,6,0.011799977086220588
93739,7,0.03930011734768493
93739,8,-0.03460288067909114
93863,1,-0.0350285981420006
93863,2,-0.019536108938159248
93863,3,-0.020093354036178148
93863,4,-0.06376479357015445
93863,5,-0.05665109187505827
93863,6,0.15603723108147155
93863,7,0.08597201805191819
93863,8,0.0199198559260921
93931,1,0.08387793570379608
93931,2,-0.15163083982072545
93931,3,0.03631848692204202
93931,4,8.256892186085707e-4
93931,5,0.053620494469956655
93931,6,-0.014583610992319439
93931,7,-0.018308904170956722
93931,8,0.025216232078957953
94091,1,0.006702533599356439
94091,2,0.014287342598091394
94091,3,-0.005646598974793452
94091,4,-0.0012972475937929162
94091,5,-0.10552949467636648
94091,6,0.011247132173278994
94091,7,0.028134910363562547
94091,8,-0.0058170457358954165
94528,1,0.005920378150557567
94528,2,0.01503520632969802
94528,3,0.008571793715284506
94528,4,0.0014488989887050706
94528,5,-0.11562155135988643
94528,6,0.005140505086466427
94528,7,0.013256045645725568
94528,8,0.020628035879737387
94592,1,0.0022773846064908804
94592,2,-0.0019582280852589035
94592,3,-0.0022672875477185296
94592,4,-0.004999047656081482
94592,5,-0.11884049990450156
94592,6,0.0012838023157640851
94592,7,0.03154937419277694
94592,8,-0.02907467488440087
94952,1,0.07048894641984695
94952,2,-0.12641473573226994
94952,3,0.0488381797588181
94952,4,0.01210929319789549
94952,5,0.04888204550764444
94952,6,0.01521895511548326
94952,7,-0.02704124382642311
94952,8,0.044028333020354235
95052,1,0.0035574424026973105
95052,2,0.010619600531056449
95052,3,0.002545350642913231
95052,4,-2.5033743955844834e-4
95052,5,-0.11972539836817406
95052,6,-0.0158821817056087
95052,7,0.030757901468042234
95052,8,-0.0034564080084790107
95093,1,0.004544779423533432
95093,2,0.013268104133298826
95093,3,0.0016612963706987651
95093,4,-0.006015133476212961
95093,5,-0.11979629691312986
95093,6,0.00883290235110712
95093,7,0.02321599928933757
95093,8,0.010369506208181846
96166,1,0.009769450177891058
96166,2,0.011659474613895422
96166,3,-0.0198032659879665
96166,4,8.745021494557813e-4
96166,5,-0.11608151395272855
96166,6,0.012193971652231562
96166,7,0.013739555614242628
96166,8,0.031196087958135194
96923,1,-0.019313295851497405
96923,2,0.008022696603163224
96923,3,0.020726357554788962
96923,4,0.05832364135431704
96923,5,-0.007592553141545348
96923,6,0.013808923955536285
96923,7,-0.04977582545655537
96923,8,0.05729827126211815
96931,1,0.08060113103150907
96931,2,-0.11770165469193451
96931,3,0.036563609031393704
96931,4,0.011945090432411869
96931,5,-0.07769802761954465
96931,6,0.02331195540672181
96931,7,-0.016034605669722268
96931,8,-0.004970269108736755
97122,1,0.07441917650040179
97122,2,-0.12985373981257328
97122,3,0.04064611062583587
97122,4,0.01659562609116832
97122,5,0.036800388815708573
97122,6,5.227122505274226e-4
97122,7,-0.04461724175364691
97122,8,0.021399254122614817
97394,1,0.07805839285716012
97394,2,-0.11096893580973308
97394,3,0.04270398103270949
97394,4,0.012561568515264675
97394,5,-0.09187846221140232
97394,6,-0.014984341225110553
97394,7,0.0077248609120629565
97394,8,0.019719543787399943
98930,1,0.07216840303326547
98930,2,-0.12789092632446458
98930,3,0.04926966501564897
98930,4,0.01527585802039945
98930,5,0.04766405680386546
98930,6,0.005287520326883835
98930,7,-0.007526374038443878
98930,8,0.034023826259694794
99667,1,0.024193124130137446
99667,2,-0.049276650563525926
99667,3,0.03068458869897404
99667,4,0.023311781910877242
99667,5,0.010444673062930178
99667,6,-0.06975931513957047
99667,7,-0.12519985805666337
99667,8,0.11761349892862737
99801,1,0.0049272074125773935
99801,2,0.0101916783054993
99801,3,-0.005367188173371935
99801,4,0.004498837193372376
99801,5,-0.12924463260092167
99801,6,-0.01011169181248035
99801,7,0.005545918159797041
99801,8,0.004161281925575887
99907,1,-0.017903250416403605
99907,2,-0.002521673860105397
99907,3,0.026999734018933824
99907,4,0.053665089295397664
99907,5,0.002618448285642585
99907,6,0.036730044944911985
99907,7,-0.0033135889312270374
99907,8,0.029547114791280103
100184,1,0.005025629182285195
100184,2,0.007834745884649755
100184,3,-0.005657797155122781
100184,4,0.0029839102235744053
100184,5,-0.11709033770454658
100184,6,-0.01374424225903417
100184,7,0.03425448283371582
100184,8,-0.003628772541005704
100272,1,0.0054849365857287434
100272,2,0.0012417276748385045
100272,3,-0.020169640794098553
100272,4,-0.0057057245806162215
100272,5,-0.11825772011732408
100272,6,0.0010810814440084973
100272,7,0.019634410797004984
100272,8,-0.0025643194674820078
100495,1,0.013753169836263584
100495,2,-0.0014215827384792012
100495,3,-0.004474893461914436
100495,4,-0.0026496156807113546
100495,5,-0.09980370126606664
100495,6,-0.012190762781963948
100495,7,0.014597151379071437
100495,8,-0.022864382793969323
100505,1,6.91630071207992e-4
100505,2,0.018220988851683845
100505,3,-0.010243251071312574
100505,4,0.015689981883069398
100505,5,-0.12936551117390435
100505,6,0.012071260067692468
100505,7,0.023998862402426685
100505,8,-0.00506371163428671
100699,1,0.0857089819053276
100699,2,-0.15498319671176342
100699,3,0.024947335636843374
100699,4,-0.004718871455435744
100699,5,0.026024060240820424
100699,6,3.629423206063964e-5
100699,7,-0.0010289767349671139
100699,8,0.06045530050987224
100904,1,9.695884036742991e-4
100904,2,0.009458274123287817
100904,3,-0.008348185891428607
100904,4,0.010281409547604231
100904,5,-0.13167021862630926
100904,6,-0.007587621616745903
100904,7,0.015939937575778124
100904,8,-0.010242581845472649
101362,1,0.037478454158582496
101362,2,0.08244051175999369
101362,3,-0.20623194071589812
101362,4,0.04758411297164514
101362,5,0.0979257452255465
101362,6,-0.042808743877869954
101362,7,0.15755192287750097
101362,8,0.009003899831259656
101905,1,-0.006001933163118344
101905,2,0.001556835495653768
101905,3,0.006537304963061409
101905,4,0.0011118774567304747
101905,5,0.006482019465074752
101905,6,0.003223948622788826
101905,7,-0.008861385878814465
101905,8,0.010485510636181125
102181,1,0.09580970505394683
102181,2,-0.14244177563222135
102181,3,0.025895818064646206
102181,4,0.008809085090695622
102181,5,-0.08754485277020024
102181,6,-0.0014428515195948064
102181,7,0.041154010070136395
102181,8,0.02198530473082621
102205,1,0.005428798549236169
102205,2,0.014334760357646371
102205,3,-0.024745682968975204
102205,4,-0.009261893861054103
102205,5,-0.12986013422645998
102205,6,-0.0061260720108338
102205,7,0.006984484187945457
102205,8,0.0030992082350946313
102799,1,0.07931232457271774
102799,2,-0.16055233906701927
102799,3,0.019441913497385787
102799,4,0.0030239017740664
102799,5,0.038662804524823784
102799,6,-0.0198893042247778
102799,7,0.0077719014933640505
102799,8,0.05125199685970406
103517,1,0.08772226958116038
103517,2,-0.1437859600438194
103517,3,0.011065756534234944
103517,4,0.020523639582826225
103517,5,-0.06294899005208451
103517,6,-0.016200856603605082
103517,7,0.06205125945983017
103517,8,0.0390479783597585
103642,1,0.007749550383488771
103642,2,0.0054958769549395365
103642,3,-0.0032453203255857917
103642,4,0.005764848151583691
103642,5,-0.10730068604629826
103642,6,-0.014971213982667245
103642,7,0.05367682998091215
103642,8,-0.01284059322552773
104520,1,0.005193253239473169
104520,2,0.0105138471389989
104520,3,-0.0058664420879367745
104520,4,-0.001903489959295449
104520,5,-0.11236104498648297
104520,6,-0.018892482587764943
104520,7,0.02217630750687394
104520,8,0.028310953923701608
104899,1,0.08230955353792523
104899,2,-0.1542354536180357
104899,3,0.023932225475522127
104899,4,8.513334999736893e-4
104899,5,0.06552100364128488
104899,6,-0.008364732277190999
104899,7,0.00502625391122065
104899,8,0.06744837308794072
106635,1,0.08783605816541792
106635,2,-0.14928244594078693
106635,3,0.024414416073814962
106635,4,-0.008568141605733064
106635,5,-0.08097476639728486
106635,6,0.005854229452982232
106635,7,0.050242280727631546
106635,8,0.018553589232866298
106805,1,0.004932787092895774
106805,2,0.0023975433222617345
106805,3,-0.0042588818818132335
106805,4,0.0031953788405878407
106805,5,-0.11014425017128837
106805,6,-0.003383499931757215
106805,7,0.028924667187528955
106805,8,1.4062580898658349e-5
107157,1,0.005476041120651858
107157,2,-0.013336598729547091
107157,3,-0.01985230519912811
107157,4,0.010026722180919798
107157,5,0.01661548326568886
107157,6,-0.028726335490387403
107157,7,0.04617151531275694
107157,8,-0.007019943159146231
107457,1,-4.423911294463056e-4
107457,2,0.007209711999573193
107457,3,-0.013973058236559551
107457,4,-0.01322451047177079
107457,5,-0.11673830255012498
107457,6,-0.009383682105168944
107457,7,0.01943623751556661
107457,8,-0.004138651977875176
107613,1,0.012046355800984022
107613,2,0.0013095401550090222
107613,3,-0.010108676063599721
107613,4,0.010798892592859499
107613,5,-0.10695456148645505
107613,6,0.017780333256897166
107613,7,0.04187259763364534
107613,8,0.011242182267963453
107629,1,0.009454155345439103
107629,2,0.014538511983015527
107629,3,-0.018780910842446163
107629,4,0.011712906791047174
107629,5,-0.12480652166489635
107629,6,0.0024398459513942446
107629,7,0.024596914517876156
107629,8,-0.019881583407809343
108187,1,0.004236699852731159
108187,2,0.0075744160714366965
108187,3,-0.005946902104069105
108187,4,0.012894274159221186
108187,5,-0.1285153091964743
108187,6,0.0018028345426557802
108187,7,0.03699174492648223
108187,8,0.0038616317105809343
108286,1,0.08147360066112265
108286,2,-0.15993035732474703
108286,3,0.020104482998821015
108286,4,0.0041157604315197605
108286,5,0.042951170345256445
108286,6,-0.020354020527604724
108286,7,0.012868515675634502
108286,8,0.019546791030338035
108949,1,0.010019515304552586
108949,2,0.004859320202633785
108949,3,-0.006222492214158132
108949,4,0.008832366460912946
108949,5,-0.11933528075527591
108949,6,-0.01573116332622712
108949,7,0.023200592722851073
108949,8,-0.004787490232539695
108958,1,-0.07975807951671221
108958,2,-0.011879606654536573
108958,3,0.09105041179537697
108958,4,-0.15321079705204207
108958,5,-0.051902745022232265
108958,6,0.19301418136786827
108958,7,-0.007008099175670979
108958,8,0.14497670734316045
109272,1,0.0029279900414264136
109272,2,0.015202198526082686
109272,3,-0.00542279807022309
109272,4,0.004489680290085803
109272,5,-0.10755918385506706
109272,6,-0.01027125689862943
109272,7,0.029044320067962738
109272,8,0.009486653105567417
109288,1,0.004949162202645035
109288,2,0.008189030745105708
109288,3,-0.016034574866787343
109288,4,0.005450125751594898
109288,5,-0.1356475671827928
109288,6,-0.015932165757623514
109288,7,0.03398012144380142
109288,8,-0.0014508094495832115
109377,1,0.04303126629913538
109377,2,-0.037369763536429415
109377,3,0.03285848876577116
109377,4,0.026306589641268235
109377,5,0.0420646154203182
109377,6,0.09212903328928787
109377,7,0.12274984123540342
109377,8,-0.16698509478227538
110058,1,0.08375490130998214
110058,2,-0.1553105274462007
110058,3,0.027440315797955216
110058,4,0.010781702138244139
110058,5,0.030025791343841157
110058,6,0.014476596468183526
110058,7,0.015322669329505878
110058,8,0.03795284162202922
110098,1,0.08964743683925976
110098,2,-0.15021119638348032
110098,3,0.032025025293646946
110098,4,0.0032428723257012537
110098,5,-0.06985031787587742
110098,6,-0.01085248564877732
110098,7,0.0263224818782884
110098,8,0.030457775546605826
110761,1,0.011034673794249827
110761,2,-0.03355038058134199
110761,3,-0.003263816794305538
110761,4,-0.016203826091017805
110761,5,0.026411067539054457
110761,6,-0.01179086710270958
110761,7,0.025673445469250652
110761,8,-0.025324265977409877
110771,1,-0.009763866710278226
110771,2,0.00558876969457689
110771,3,0.06683353331252365
110771,4,-0.03725040519735846
110771,5,0.013653712755470193
110771,6,-0.046332734053228596
110771,7,0.06982045788591347
110771,8,0.04020598396742147
112877,1,0.038138121505265965
112877,2,0.09687910167377041
112877,3,-0.21647600223246485
112877,4,0.030570254797422168
112877,5,0.08876103033345632
112877,6,-0.04551925245153617
112877,7,0.20859606025308922
112877,8,4.601049318947976e-4
113620,1,0.0012659920478466321
113620,2,0.006706947241520567
113620,3,0.07554761542804345
113620,4,-0.03924787671688238
113620,5,-0.01565585564978159
113620,6,-0.043949404724064486
113620,7,-0.024372206004264128
113620,8,-0.07891507031753711
116465,1,0.007506347463856175
116465,2,0.014957933442962474
116465,3,-0.0054499864909358636
116465,4,-7.42777404946208e-5
116465,5,-0.12258691578864266
116465,6,-0.009395763644110695
116465,7,0.04725608821206184
116465,8,-0.003987193319179022
116787,1,0.08366546543304872
116787,2,-0.13540608967433546
116787,3,0.015819852627775324
116787,4,0.003024581584627618
116787,5,-0.06045580304981972
116787,6,-0.0046119868839322375
116787,7,0.05113145410040454
116787,8,0.03548448723712825
118008,1,0.0022768865975759875
118008,2,0.0013543494395187492
118008,3,-0.00771849174465455
118008,4,-0.007043531522352332
118008,5,-0.09758329353119345
118008,6,-0.011349854121096877
118008,7,0.048497285103636
118008,8,-0.002899415379466903
118034,1,-0.010628175648376792
118034,2,0.004784857663129561
118034,3,0.07935626464488825
118034,4,-0.043811812643210095
118034,5,-0.003985392064434594
118034,6,-0.02763751356461552
118034,7,0.06221128492069493
118034,8,0.02299467692040483
118087,1,0.010488900201233014
118087,2,0.010094618018957736
118087,3,-0.006596131407541442
118087,4,-0.00128234298651132
118087,5,-0.09808432685630569
118087,6,-0.021396472444120202
118087,7,0.02572104706312324
118087,8,-0.04166184100651044
118150,1,0.006655397012967861
118150,2,-0.0032773450496835638
118150,3,-0.01581207626774398
118150,4,-0.012430750521671832
118150,5,-0.1202798053415207
118150,6,-0.013366469636126472
118150,7,0.047337042208203506
118150,8,-0.017865418179759292
119730,1,0.003058439299545661
119730,2,0.011158950910944048
119730,3,-0.00894296572658293
119730,4,-0.004624801688144591
119730,5,-0.12394486179964771
119730,6,-0.007193985060577354
119730,7,0.03954555011890327
119730,8,-8.561068949556373e-4
120093,1,0.0036188314297099494
120093,2,0.01283827123975372
120093,3,-0.017784309956047344
120093,4,0.006758158693638369
120093,5,-0.11193070835475588
120093,6,-0.004912858644180885
120093,7,0.05332063330122215
120093,8,-0.0210272550815147
120127,1,0.0014696302072916456
120127,2,-8.930997204598789e-4
120127,3,-0.009821590194596027
120127,4,-0.009428590404760722
120127,5,-0.11957996679407211
120127,6,-0.021905087361776165
120127,7,0.035791259736196
120127,8,-0.014307821537233168
120471,1,0.07769919182475211
120471,2,-0.12095235831576871
120471,3,0.015056835519693399
120471,4,-0.0021243060956215314
120471,5,-0.0934044776685871
120471,6,-0.06522399932573682
120471,7,-0.014548770723748876
120471,8,0.10970884707087133
121310,1,0.08651873633097856
121310,2,-0.15706939097907832
121310,3,0.03580069868332324
121310,4,0.018523871822594195
121310,5,0.03731277478155435
121310,6,-0.030648410786579035
121310,7,0.019178194077797684
121310,8,0.06489414809332268
121470,1,0.007329112025362567
121470,2,0.006113592192358011
121470,3,-0.005620524848762865
121470,4,-0.0029138326738605783
121470,5,-0.10295043019335698
121470,6,-0.006108620019386065
121470,7,0.019522002799755068
121470,8,0.004164323354023942
121478,1,0.08782719305371138
121478,2,-0.15819402172508795
121478,3,0.043473686657474635
121478,4,-0.007858869439965386
121478,5,-0.08192977241059463
121478,6,-0.005632655033864196
121478,7,0.03860552134035143
121478,8,0.055861147248368714
121824,1,0.0803697179854548
121824,2,-0.14857864038183252
121824,3,0.036591447882639606
121824,4,-0.00913540556345753
121824,5,-0.07557209878972085
121824,6,0.016844165401262667
121824,7,0.04198485698015574
121824,8,0.0349007253659769
121976,1,0.08797339094887839
121976,2,-0.13781589365297103
121976,3,0.03796508105334405
121976,4,-2.633548863502877e-4
121976,5,-0.07488392167104095
121976,6,-0.010494373535478201
121976,7,0.018068745632459804
121976,8,0.05513053317558878
122508,1,0.085188638956407
122508,2,-0.16178793127283472
122508,3,0.028573535942601355
122508,4,-0.0010357411360579641
122508,5,0.038725177932962464
122508,6,-1.6125775290100396e-4
122508,7,0.013804391515695284
122508,8,0.01390299368409707
124302,1,0.08997445902624897
124302,2,-0.1474599189328512
124302,3,0.03609895153832508
124302,4,-0.0036535342359272642
124302,5,-0.05854211415045618
124302,6,-0.010327504684224524
124302,7,0.03489911957987263
124302,8,0.03843031236628219
124412,1,0.08621139888762323
124412,2,-0.15257809777701742
124412,3,0.03606804137908852
124412,4,0.006936192303708074
124412,5,-0.07474100935957231
124412,6,-0.015588672106640935
124412,7,-0.0020633523028264953
124412,8,0.039949847114181175
124431,1,-0.002029388306174043
124431,2,0.0011204103771954488
124431,3,0.012167234211181321
124431,4,-0.008500579408421182
124431,5,0.013596632250097832
124431,6,-0.016316333111337383
124431,7,0.009423205240767021
124431,8,-0.019600094054416074
125121,1,-0.08618006149313279
125121,2,-0.010436330761665603
125121,3,0.09808933447286952
125121,4,-0.14848761997828813
125121,5,-0.042779855079140026
125121,6,0.22456716143409094
125121,7,0.0048663703985532426
125121,8,0.15468812355747696
125538,1,0.07611066663476257
125538,2,-0.16377756455152107
125538,3,0.03082697632553563
125538,4,-0.012590191828364133
125538,5,0.06020588599880797
125538,6,-0.009163571854017697
125538,7,0.004694581940650346
125538,8,0.0673044468047303
126149,1,0.0028093996475445342
126149,2,0.009889417885726068
126149,3,-0.012847918740402722
126149,4,-0.003164520137096989
126149,5,-0.12970820533788358
126149,6,-0.029541432141775265
126149,7,0.048081335853009895
126149,8,-0.008475081390180729
126516,1,-0.00498476821601237
126516,2,0.014195112254435444
126516,3,0.02927702821567671
126516,4,-0.017679123399490407
126516,5,-0.012454612253097571
126516,6,-0.011647478275383137
126516,7,-7.589179504336128e-4
126516,8,0.016645307271583056
126529,1,0.068335708152473
126529,2,0.0030689488584229327
126529,3,-0.14730841773808065
126529,4,-0.07284919537425054
126529,5,-0.04587305575115271
126529,6,0.004020336805026956
126529,7,-0.17430113368702582
126529,8,0.024818680969164068
126600,1,0.07608787978943936
126600,2,0.0039272323562702955
126600,3,-0.13701460258819295
126600,4,-0.14098295981137135
126600,5,-0.008161166267317664
126600,6,0.06100601247899122
126600,7,-0.051404891504470585
126600,8,-0.05807704054294375
126614,1,0.07545461062651596
126614,2,-5.547418504042866e-4
126614,3,-0.12821711679790743
126614,4,-0.1353058253890131
126614,5,0.007430626794096457
126614,6,0.05470500984063057
126614,7,-0.06991332680087016
126614,8,-0.02808323040955173
126730,1,0.0762569275536771
126730,2,-0.01077419206224695
126730,3,-0.11781790007430218
126730,4,-0.13407543242204303
126730,5,-0.00593486034599898
126730,6,0.06566349940041172
126730,7,-0.08290529198996772
126730,8,-8.613699405505175e-4
126760,1,0.06587733508687739
126760,2,0.0072990778129775
126760,3,-0.10316886059296188
126760,4,-0.11977570709142886
126760,5,0.005690660938387929
126760,6,0.08356163982638758
126760,7,-0.04775737382403802
126760,8,-0.0314515668212003
126923,1,0.07598566923581557
126923,2,0.0026157663389981003
126923,3,-0.11859639407632401
126923,4,-0.13029520205747172
126923,5,6.26710376374909e-4
126923,6,0.051334679312358446
126923,7,-0.09759225068328309
126923,8,0.0064404254759116535
126930,1,0.07458469292329672
126930,2,-0.010866710356127681
126930,3,-0.13004909888320185
126930,4,-0.1299086595393655
126930,5,0.029458758623816753
126930,6,0.06013781116600094
126930,7,-0.08503775632027039
126930,8,-9.561027161701337e-4
126971,1,0.009304629932075334
126971,2,0.005477131486299278
126971,3,-0.0636487022586908
126971,4,0.006550247747115215
126971,5,0.05950245007965589
126971,6,0.01759308434324217
126971,7,0.10519331891296461
126971,8,0.0716006711598674
127194,1,0.03859991769201566
127194,2,-0.045392359841561716
127194,3,0.05915875136118801
127194,4,0.01672044317312965
127194,5,0.05841871130993554
127194,6,0.09368595727620664
127194,7,0.12828695280664598
127194,8,-0.14543719162391483
127720,1,0.07538434244516934
127720,2,-0.009413641580969441
127720,3,-0.11449541742913996
127720,4,-0.1346632947850746
127720,5,-0.006042171157775226
127720,6,0.061677502307673035
127720,7,-0.07485856031513947
127720,8,-0.016115965692122307
127952,1,-0.005645412555381736
127952,2,-0.0036956672448391625
127952,3,-1.7645465241754142e-4
127952,4,0.0023782328261318514
127952,5,0.0037772106614185103
127952,6,-0.08125689828583725
127952,7,-0.09752088567169664
127952,8,-0.03483450784245753
128432,1,-0.0012510642648424215
128432,2,0.032495943846256835
128432,3,-0.005817603918581097
128432,4,-0.0324097130907752
128432,5,-0.011723129358509521
128432,6,0.020664758504997875
128432,7,-0.20889922123586827
128432,8,-0.08057307677685968
128713,1,0.07781576788206405
128713,2,-0.010689030138899875
128713,3,-0.1284845083865995
128713,4,-0.13739109537048058
128713,5,-0.009067745406525315
128713,6,0.05954865876490034
128713,7,-0.07407125051605855
128713,8,-0.020771231089547718
128863,1,-0.015177267225175577
128863,2,-0.015875065998421218
128863,3,-0.01611466180374717
128863,4,-0.0039507647523127545
128863,5,0.006135733331875829
128863,6,-0.0844765971361064
128863,7,-0.10718874600173617
128863,8,-0.07422367644075918
129063,1,-0.013335007451365736
129063,2,-0.001170597549253377
129063,3,-0.008816422018184613
129063,4,8.557716974016881e-4
129063,5,0.014271517481168068
129063,6,-0.10193599040061943
129063,7,-0.0798793091593208
129063,8,-0.06790833053417145
129503,1,-0.0013201104131103363
129503,2,-0.012733229554783539
129503,3,-0.016268650261951494
129503,4,-0.0024712666252258287
129503,5,-9.878606683996376e-4
129503,6,-0.007571040897073212
129503,7,-0.05360422443553616
129503,8,0.009276605412378918
129635,1,-0.11173733354797899
129635,2,-0.06554727143108138
129635,3,-0.04393166345034657
129635,4,-0.00636943258171107
129635,5,0.003639153704996735
129635,6,0.054152861365797535
129635,7,0.054181687597633386
129635,8,0.09407297493826822
129864,1,0.07629866521033282
129864,2,-0.002841933011753617
129864,3,-0.12489820020601505
129864,4,-0.12980458683737484
129864,5,-0.013704243039004485
129864,6,0.06827099708870214
129864,7,-0.07783385815312105
129864,8,-0.027310407510410886
129987,1,0.0038099151316499137
129987,2,0.012979491621534063
129987,3,-0.007341904799231747
129987,4,0.0024641625383892275
129987,5,-0.13278380957291797
129987,6,-0.017250773584674407
129987,7,0.022983917352779527
129987,8,-0.021033122544258175
130133,1,0.03177707124621732
130133,2,0.06302974703932687
130133,3,-0.12682625953331003
130133,4,-0.01736652799576543
130133,5,0.06033383344932134
130133,6,0.17916854138478477
130133,7,0.17957176783875828
130133,8,-0.06865096519385076
131059,1,5.123598076991812e-4
131059,2,-0.004665572764278672
131059,3,0.01356106500041971
131059,4,0.001350212608361338
131059,5,0.007239391798881083
131059,6,-0.01537501635260117
131059,7,-0.039145647107408525
131059,8,-0.008879123628045155
131362,1,0.07492798909879764
131362,2,-0.0023039022406863897
131362,3,-0.10825553899724874
131362,4,-0.15736236013407426
131362,5,0.005474757016569814
131362,6,0.06164317078296969
131362,7,-0.0985621684233582
131362,8,-0.03333072715276203
132258,1,0.004705002750989778
132258,2,7.873975685546694e-4
132258,3,-0.010853692715013012
132258,4,0.0015011932008844224
132258,5,-0.10973499344406035
132258,6,0.00323308066838949
132258,7,0.01797057510855608
132258,8,-0.001899244882741309
132539,1,-0.0035630014216803886
132539,2,-0.002825178190533874
132539,3,-0.007927301686826033
132539,4,-0.008688734655434327
132539,5,0.025226012372609668
132539,6,-0.062280286471095965
132539,7,-0.02939054770092091
132539,8,0.007557041038674369
132775,1,-0.09865768681285508
132775,2,-0.02167733399158621
132775,3,0.07955094835555933
132775,4,-0.1430204508094206
132775,5,0.03048193125101829
132775,6,0.09092959260234781
132775,7,-6.263002269395267e-4
132775,8,0.11931088296400841
133433,1,-0.09800525684732843
133433,2,-0.03164480342212466
133433,3,0.07204524371579617
133433,4,-0.160643388002674
133433,5,-4.8140590489012286e-4
133433,6,0.02670799803911122
133433,7,-0.0922416567255196
133433,8,0.0720264550344043
133900,1,-0.09802115420651018
133900,2,-0.02672563174688267
133900,3,0.0642017690524283
133900,4,-0.14700885220365298
133900,5,0.007567755304956229
133900,6,0.012025354137894432
133900,7,-0.09849130369534737
133900,8,0.020189726922141493
134017,1,0.07003417866161293
134017,2,-0.0130211249673306
134017,3,-0.1302910740080408
134017,4,-0.129722327735129
134017,5,-0.01060458504231211
134017,6,0.06072005987192305
134017,7,-0.09758191530384679
134017,8,-0.010013463783447538
134196,1,-0.10363249859399602
134196,2,-0.02129664053749809
134196,3,0.0927012770602888
134196,4,-0.1621843440208448
134196,5,0.006911970105751496
134196,6,-0.008421532125481057
134196,7,-0.06094464268832172
134196,8,0.02320737238674313
134281,1,-7.167040095783887e-4
134281,2,-0.007900866478765157
134281,3,-0.020242844845469166
134281,4,-2.760554301827839e-4
134281,5,0.013647326192553162
134281,6,-0.05767732884881116
134281,7,-0.06624539064570893
134281,8,-0.025939109886078116
134349,1,0.004255196800709239
134349,2,0.003226674779399604
134349,3,-0.02081853761452062
134349,4,0.006231602676530518
134349,5,-0.12474863987170391
134349,6,0.004301639476486754
134349,7,0.022781616101278556
134349,8,-0.011520945807442024
134400,1,-0.10148467011984966
134400,2,-0.08692757998263913
134400,3,-0.023120391707651976
134400,4,-6.607473461046068e-4
134400,5,0.030439678533046233
134400,6,-0.01916230506969662
134400,7,0.11753459608240312
134400,8,-0.010535392319524215
134539,1,-0.12111672914661918
134539,2,-0.07677872380838931
134539,3,-0.04641608169715284
134539,4,-0.012310166469146408
134539,5,0.019593068556369282
134539,6,-8.737924656122103e-4
134539,7,0.027032231875354015
134539,8,-0.03248886266103954
135725,1,0.0017968531298449455
135725,2,0.006547561077505478
135725,3,-0.0028047486611622457
135725,4,-0.022432717192884453
135725,5,-0.10242709959104411
135725,6,-0.008916504235750094
135725,7,0.03730473644426677
135725,8,-0.01393709978279283
136025,1,-0.12351215587235245
136025,2,-0.07539564472088314
136025,3,-0.04162514144085652
136025,4,-0.04358899085257358
136025,5,-0.1277149664673809
136025,6,-0.051624264398212466
136025,7,0.050465372706584764
136025,8,-0.022111901038569033
136374,1,-0.1239898690820805
136374,2,-0.0842422494777428
136374,3,-0.041502166108863155
136374,4,-0.005125295444375573
136374,5,2.9819548702511296e-4
136374,6,-0.012565109724957696
136374,7,-0.012805060112710652
136374,8,-0.03508767504120787
136454,1,-0.1236307028136954
136454,2,-0.08918317796449429
136454,3,-0.05954933075710569
136454,4,-0.02498066788240628
136454,5,-0.020618979247366512
136454,6,-0.007478496899322287
136454,7,-0.007896967403720263
136454,8,-0.009174976492901136
136461,1,-0.017489000702266205
136461,2,0.062852955033838
136461,3,0.2033647144309018
136461,4,-0.15825803274180714
136461,5,0.043539761171341375
136461,6,-0.1277628738110279
136461,7,0.03699963350086185
136461,8,0.0033626493054857223
136568,1,0.008030109748062921
136568,2,0.010217976147532375
136568,3,0.005444579691950525
136568,4,0.00930842595301584
136568,5,-0.10604862976180246
136568,6,-0.018496697497866307
136568,7,0.036792537375692165
136568,8,0.01719575923179762
136721,1,-0.11996621128869714
136721,2,-0.07804589063673313
136721,3,-0.05186098049719214
136721,4,-0.01854540300326737
136721,5,0.01473680891265265
136721,6,-0.03777178824347778
136721,7,0.0014702814129263849
136721,8,0.00940100298690991
136983,1,9.994033988912575e-4
136983,2,0.010021178915915075
136983,3,0.016316959674380866
136983,4,-0.015649873915965982
136983,5,-0.006449865904430655
136983,6,-0.02701839062049634
136983,7,-0.10511131312592938
136983,8,-0.030475227341445806
137114,1,-0.12042418114141429
137114,2,-0.08391792446159536
137114,3,-0.052129284935751447
137114,4,-0.02624861476888859
137114,5,-0.004465482206143828
137114,6,-0.013613524118110914
137114,7,-0.012774706471142079
137114,8,-0.03183826618400511
137127,1,0.03454118650542154
137127,2,6.41291245620011e-4
137127,3,-0.0447108112685404
137127,4,-0.1398604534794911
137127,5,0.002651374764553865
137127,6,-0.06398839476075806
137127,7,0.0492026238597482
137127,8,-0.05371604341898195
137293,1,0.0056748929610666524
137293,2,0.012384791713542911
137293,3,0.002801060850925315
137293,4,-0.005951717760593885
137293,5,-0.12118033921904518
137293,6,0.006173929723422081
137293,7,0.02949056116538647
137293,8,-0.030179496810873504
137310,1,-0.12908478171418541
137310,2,-0.08137488093312739
137310,3,-0.053638961440115936
137310,4,-0.015255546747096794
137310,5,-0.002811028250541397
137310,6,-0.028226014226371162
137310,7,-0.0013336975462287166
137310,8,-0.023280494729460324
137454,1,-0.12891955526509455
137454,2,-0.08720159792383875
137454,3,-0.05269355876630744
137454,4,-0.021718439743839652
137454,5,-0.005720763676268984
137454,6,-0.027369381976775204
137454,7,0.009423978383767328
137454,8,0.014769710228156669
137674,1,0.07179978876962793
137674,2,-0.002524697286766868
137674,3,-0.125168577060955
137674,4,-0.1304200732288864
137674,5,-0.0015325850717436715
137674,6,0.0633225746880369
137674,7,-0.08264789006853462
137674,8,0.006408857382349273
137900,1,-0.1303807682373296
137900,2,-0.0878861717628928
137900,3,-0.04234166119438969
137900,4,-0.0150255889320866
137900,5,0.018011054288060446
137900,6,-0.04296939752656773
137900,7,0.013273394181739418
137900,8,-0.0125538765721878
138125,1,-0.11638323785452243
138125,2,-0.07398654727046619
138125,3,-0.05611467864724819
138125,4,-0.010106690374234293
138125,5,-0.0010027476415479413
138125,6,-0.05603687541321724
138125,7,0.007617764142134816
138125,8,-0.005985686173579504
138148,1,-0.11859909020888393
138148,2,-0.08163995342712888
138148,3,-0.05041058647623231
138148,4,-0.018730833943926675
138148,5,-0.010209389218446219
138148,6,-0.0338375429643927
138148,7,0.0032115700147123402
138148,8,-0.005049705927682049
138460,1,-0.12340673628935889
138460,2,-0.0796934655502431
138460,3,-0.04460938619902734
138460,4,-0.0091471813121503
138460,5,-0.006247616361767331
138460,6,-0.02791135635467028
138460,7,0.0037124517120347995
138460,8,-0.04083550460402152
138555,1,-0.12407540232504131
138555,2,-0.07642321290799288
138555,3,-0.05529638957506394
138555,4,0.002941519126120015
138555,5,0.008716305578535012
138555,6,-0.04968051156379955
138555,7,0.013799741374268622
138555,8,0.0019120660108198108
138601,1,0.027214729182164547
138601,2,0.0040082388923281705
138601,3,-0.04144987445707396
138601,4,-0.1306600885319513
138601,5,-0.0017521157895379342
138601,6,-0.07811869460344509
138601,7,0.040214915045226396
138601,8,-0.07773424633815078
138603,1,0.030503458443716134
138603,2,0.006709786196927226
138603,3,-0.030943095730683354
138603,4,-0.11782249371763802
138603,5,0.020165494293876454
138603,6,-0.06062916476615775
138603,7,0.018111544803061676
138603,8,-0.038882537521882754
138620,1,-0.12728452538662244
138620,2,-0.07518264766275698
138620,3,-0.045134587232455656
138620,4,-0.0056442723723385945
138620,5,-0.0027881261249971313
138620,6,-0.01977794150920005
138620,7,0.026141174198763936
138620,8,-0.019356408184257847
139154,1,-0.12397854484748332
139154,2,-0.0813124592833675
139154,3,-0.05655223021139407
139154,4,-0.01551112307336516
139154,5,-0.006700316602635469
139154,6,-0.0412987155854981
139154,7,0.005880167266746248
139154,8,-0.011144481072973314
139173,1,-0.11851657867772301
139173,2,-0.07857819629415347
139173,3,-0.055731736098700746
139173,4,-0.013433266604567305
139173,5,0.013148994370027504
139173,6,-0.004538083883933238
139173,7,0.005729805887005793
139173,8,-0.026404741732465018
139362,1,0.036102307489830336
139362,2,0.0013326965658486
139362,3,-0.032736384196254346
139362,4,-0.16153863457861617
139362,5,0.015896781024288868
139362,6,-0.09379179049418847
139362,7,0.05233119684311006
139362,8,-0.058948282972559975
139409,1,-0.12475377172549776
139409,2,-0.08478607514732626
139409,3,-0.05182014446438614
139409,4,-0.01989612783950203
139409,5,-3.122386111276066e-4
139409,6,-0.04744365899147606
139409,7,0.03340586420554995
139409,8,-0.04889395627815298
139456,1,-0.11962992694748358
139456,2,-0.07652254771558413
139456,3,-0.06719508550509234
139456,4,-0.02115269324321766
139456,5,0.003912508622798056
139456,6,-0.023093879142074846
139456,7,0.015200783841225782
139456,8,-0.03655787287508513
139576,1,-0.1327131705232188
139576,2,-0.07954405322119047
139576,3,-0.05707870547748183
139576,4,-0.016285468827600704
139576,5,0.005058739639737989
139576,6,-0.030429092650584057
139576,7,0.018334810944459903
139576,8,-0.0029608828232919344
139741,1,-0.07291609372609971
139741,2,-0.055680824009841215
139741,3,0.001006292472185767
139741,4,-0.013956724863313152
139741,5,0.008298535571906266
139741,6,0.02726352207166324
139741,7,0.06823309163659891
139741,8,0.07543086343029994
139841,1,0.03142205638226939
139841,2,0.0035927892597138627
139841,3,-0.02957270986719899
139841,4,-0.142291432048635
139841,5,-0.008433845691324009
139841,6,-0.07166038636727566
139841,7,0.065027996641647
139841,8,-0.04219217691520103
140086,1,0.06831040896615825
140086,2,0.0023232414946928116
140086,3,-0.12897823192887403
140086,4,-0.12764164110041087
140086,5,0.0054507710643070684
140086,6,0.045607672302619445
140086,7,-0.09441516693249864
140086,8,-0.0010017863774073035
140171,1,-0.12741979539080078
140171,2,-0.08422811759648967
140171,3,-0.06404257070001537
140171,4,-0.011606451990071837
140171,5,0.0012925717013180633
140171,6,-0.03431363128513518
140171,7,0.008116434937096833
140171,8,-0.03174787928428242
140280,1,0.035995622713173726
140280,2,-0.0060927728591758145
140280,3,-0.0427003436209599
140280,4,-0.144032882398829
140280,5,0.00885182005583484
140280,6,-0.05491539938131312
140280,7,0.03625632311635773
140280,8,-0.0606543043730882
140505,1,-0.12633392029771953
140505,2,-0.07725124532526098
140505,3,-0.054722202083311494
140505,4,-0.02450994326241084
140505,5,5.23792378311172e-4
140505,6,-0.01827882867377705
140505,7,-0.0013109583567683513
140505,8,-0.014948965405098168
140506,1,-0.11892619508592932
140506,2,-0.08600825531635445
140506,3,-0.04584524084709127
140506,4,-0.006987226716004155
140506,5,0.013409237202098643
140506,6,-0.026453882777688995
140506,7,-4.1589980862779364e-4
140506,8,-0.022163266253848374
140695,1,-0.11736557390115876
140695,2,-0.08065096025054228
140695,3,-0.03841898238985545
140695,4,-0.015743818957768326
140695,5,-0.016119847000944893
140695,6,-0.0386804284323321
140695,7,-0.01492282694359421
140695,8,-0.020817673622334037
140853,1,-0.11878427922117286
140853,2,-0.07261947787116202
140853,3,-0.0463183667366587
140853,4,-0.02566036109538293
140853,5,-3.785452559301026e-4
140853,6,-0.02692067231461887
140853,7,0.0217298120886383
140853,8,-0.03837247098047295
140909,1,-0.0011383806383937606
140909,2,0.013595353062424008
140909,3,0.08325080087415017
140909,4,-0.04482428389144991
140909,5,-0.005248388245062259
140909,6,-0.047184292205488074
140909,7,0.014179847285005709
140909,8,-0.050741488880256466
141769,1,-0.12204203967046195
141769,2,-0.07650841387814891
141769,3,-0.0380947300991601
141769,4,-0.013871483715159323
141769,5,0.006592090957023032
141769,6,-0.029411422373333208
141769,7,-0.007331135967613274
141769,8,-0.031815345965309244
143495,1,-0.12377640604567366
143495,2,-0.07086614770189971
143495,3,-0.04931483131030057
143495,4,-0.019135087034624482
143495,5,0.022524402991988712
143495,6,-0.050449289873775435
143495,7,-0.008075105385553734
143495,8,-0.010179515501531214
143723,1,-0.1177316834529568
143723,2,-0.07704459891345777
143723,3,-0.06525756407430565
143723,4,-0.017646645477034834
143723,5,-0.004190944259812751
143723,6,-0.03072704254158319
143723,7,-0.003978017654861666
143723,8,-0.01747321486281585
143754,1,-0.12130054142826316
143754,2,-0.07255797435354537
143754,3,-0.054538434699143566
143754,4,-0.014323512482317297
143754,5,0.013890148101058784
143754,6,-0.03434454976052496
143754,7,0.00803570005493106
143754,8,-0.0089635225687092
144050,1,-0.0106168428554111
144050,2,0.059739544764411096
144050,3,0.20323819955736086
144050,4,-0.1578551560580721
144050,5,0.03975212175731692
144050,6,-0.1135594398143264
144050,7,0.057474238793739904
144050,8,-0.0031290594564480152
144382,1,0.07673868431445104
144382,2,-0.008928578054407834
144382,3,-0.1309591358307865
144382,4,-0.12288108314634799
144382,5,-0.013503510413085772
144382,6,0.05701444681284313
144382,7,-0.10633822463528869
144382,8,-0.006502620175909768
144460,1,0.004782462517349988
144460,2,-0.009442565151906862
144460,3,0.012576719102269342
144460,4,0.012117804674402185
144460,5,-0.004735473343697964
144460,6,0.014918842668564261
144460,7,-0.021606034811418786
144460,8,0.05797017730168154
144535,1,0.0784318190153054
144535,2,-0.011590477973766543
144535,3,-0.1374650218403466
144535,4,-0.0906472940771123
144535,5,0.003413753447778143
144535,6,0.02405702313557847
144535,7,-0.020507832882760257
144535,8,6.334142327615333e-4
144560,1,0.07714354448893883
144560,2,-0.019863307785554032
144560,3,-0.11966218629397053
144560,4,-0.12433726011482167
144560,5,0.020202524004785
144560,6,0.009816927969452648
144560,7,0.002989086177838602
144560,8,0.007933548117080615
144570,1,0.04376430028490342
144570,2,-0.005339611080094008
144570,3,-0.025795213926308874
144570,4,-0.15559139824087678
144570,5,-0.005468277383176539
144570,6,-0.09902736497596
144570,7,0.09530078368163043
144570,8,-0.040638535332526295
144899,1,0.05249958148235991
144899,2,-0.00421422292448617
144899,3,-0.01749635414062065
144899,4,-0.15291913426161924
144899,5,0.00903325395643974
144899,6,-0.12260202266527732
144899,7,0.11590585677505781
144899,8,-0.01738298711846538
145413,1,0.051656213815141114
145413,2,-0.005308390704534399
145413,3,-0.016849245949348734
145413,4,-0.14891919759652222
145413,5,0.027247964997782623
145413,6,-0.10780644791021908
145413,7,0.10754807838673186
145413,8,-0.05203632370326908
145853,1,-0.12428842619782161
145853,2,-0.07254858122893396
145853,3,-0.04864972806332828
145853,4,-0.004180910941250017
145853,5,-0.006267731660485728
145853,6,-0.017789140752261658
145853,7,0.013031641418652679
145853,8,-0.02721397242215336
146951,1,-0.12804426946972738
146951,2,-0.08067784599935718
146951,3,-0.06241151688887081
146951,4,-0.01124902373474204
146951,5,0.010020285566799752
146951,6,-0.062305353628546875
146951,7,0.015049976888198114
146951,8,0.0024694270308634387
146995,1,0.04880292092987605
146995,2,-0.008377774230392144
146995,3,-0.015508431859588587
146995,4,-0.1577495264636376
146995,5,0.03143548317165825
146995,6,-0.10873701661731507
146995,7,0.1185727703456034
146995,8,-0.053135113738731546
147093,1,-0.008537111727008493
147093,2,0.0500177357033992
147093,3,0.18344130553223834
147093,4,-0.16602805954552113
147093,5,0.020759329473468997
147093,6,-0.08130120162815331
147093,7,0.03522991130636504
147093,8,-0.031493813416111814
147486,1,-0.006812203970498651
147486,2,0.05966516122549173
147486,3,0.1903532710060901
147486,4,-0.14155439667035588
147486,5,-0.0020688397553536575
147486,6,-0.06679205800840776
147486,7,0.037598126455611704
147486,8,0.010219057665744949
147497,1,-0.12108332485850841
147497,2,-0.08637746324163958
147497,3,-0.03994632110240417
147497,4,-0.024071760123743444
147497,5,-0.001182347696590216
147497,6,-0.058186670756014976
147497,7,-0.011302919568853135
147497,8,-0.030534248869490035
147685,1,-0.12418517037823165
147685,2,-0.07478940836618767
147685,3,-0.06599338487971719
147685,4,-0.011334253366535261
147685,5,-0.01656146224991319
147685,6,-0.04260012980202992
147685,7,-0.024591898622769445
147685,8,-0.029236748915563014
147809,1,-0.004044423909685392
147809,2,0.00850375226925426
147809,3,0.017743516914619208
147809,4,-0.0323598291601363
147809,5,-0.0032259811574408973
147809,6,0.03269174981816163
147809,7,-0.02921126986197154
147809,8,-0.02573064369898748
147915,1,-0.12007157348963633
147915,2,-0.08092263747803752
147915,3,-0.03328070619033559
147915,4,-0.008280575001222024
147915,5,-0.008063588010520002
147915,6,-0.026918884986903303
147915,7,0.01522017965282636
147915,8,-0.016669449578025398
147917,1,-0.12104645325238389
147917,2,-0.08549829726632377
147917,3,-0.04017855092453538
147917,4,-0.019022732386285737
147917,5,0.012781706783402387
147917,6,-0.023753301862090296
147917,7,0.018301462157620692
147917,8,-0.006498055037535794
148703,1,-0.11912947518405698
148703,2,-0.07786533098020036
148703,3,-0.03231366432932407
148703,4,-0.020011773883700075
148703,5,0.010775273378460426
148703,6,-0.024760895662632235
148703,7,-0.04052466781818156
148703,8,-0.016094285407346774
149381,1,0.0066116872883154815
149381,2,-0.0022322280654754837
149381,3,4.0121609228154783e-4
149381,4,-0.012305061460268999
149381,5,-0.13764721450396974
149381,6,0.012842262981287522
149381,7,0.03409933359780486
149381,8,-0.0040791014497404314
149407,1,0.04938939845085348
149407,2,-5.870258437693715e-5
149407,3,-0.017434654309381237
149407,4,-0.14738468329053045
149407,5,0.006742904774670483
149407,6,-0.1128699401355762
149407,7,0.0999492808869349
149407,8,-0.027451000370944303
149599,1,0.0022965255254117226
149599,2,0.006171430502881943
149599,3,-0.008431021053169728
149599,4,-0.011211909862986145
149599,5,-0.1221499461377694
149599,6,-0.006260240017281073
149599,7,0.040974004742317
149599,8,-0.004035152949522398
149913,1,-0.009720344168393681
149913,2,0.05820043491078141
149913,3,0.19132719356453612
149913,4,-0.15249461098150682
149913,5,0.010607527477527893
149913,6,-0.09663033903535068
149913,7,0.05055330202225759
149913,8,-0.016314225033395004
149975,1,0.048423287120537145
149975,2,6.404023441604393e-4
149975,3,-0.008986509261397461
149975,4,-0.16365939587639153
149975,5,0.006345966376399301
149975,6,-0.13895507031602386
149975,7,0.10757573255047641
149975,8,-0.03575907725366076
150262,1,-0.008628817854757456
150262,2,0.029192120326924614
150262,3,-0.025916133441759654
150262,4,-0.02369660615433211
150262,5,0.020366812430027994
150262,6,0.004610025712089432
150262,7,0.0765635240718692
150262,8,0.040372145866623334
151330,1,0.04642104021484568
151330,2,5.163577487145438e-4
151330,3,-0.017741748901152012
151330,4,-0.14834522880088927
151330,5,0.03993738369478679
151330,6,-0.12254156088445284
151330,7,0.10506310423104369
151330,8,-0.03922526901893091
