SNP_ID,PC,loading
448286,1,0.00605357264029023
448286,2,-0.006621167845356663
448286,3,-0.0058333937532657944
448286,4,0.016044586752612944
448286,5,-0.05359738581009023
448286,6,0.009668652168060326
448286,7,0.011015252209791068
448286,8,0.021958249102799747
448286,9,0.005741991691998546
448286,10,-0.12138525501246997
448286,11,0.035378404487408074
448382,1,-0.007233967164764034
448382,2,0.08958901325095968
448382,3,0.0562966449158905
448382,4,0.004039436288917947
448382,5,0.011549984025737028
448382,6,-0.043710151363029776
448382,7,-0.11901220924574162
448382,8,0.03695500727627627
448382,9,0.022842902531629846
448382,10,-0.0388298407852665
448382,11,-0.032311131534576806
448503,1,-0.015182666844298014
448503,2,0.08227008099970615
448503,3,0.06564172781402444
448503,4,0.02163445029380491
448503,5,-0.004183935340958285
448503,6,-0.038902116922383295
448503,7,-0.0676060338905995
448503,8,0.04855883640089462
448503,9,0.0369905520022808
448503,10,-0.0962426929070584
448503,11,-0.0313001158668462
448913,1,-0.06080104887430874
448913,2,0.002531484888208608
448913,3,-0.17433702569815523
448913,4,-0.0534423888392573
448913,5,-0.1746855733205302
448913,6,-0.1490566115418569
448913,7,0.10559473426914313
448913,8,-0.023720797904148598
448913,9,-0.1796825381206492
448913,10,-0.09214323897145874
448913,11,0.05193753202924677
449145,1,-0.010423887160976262
449145,2,-0.045687587148478544
449145,3,0.02414322621875452
449145,4,0.03145015697572386
449145,5,0.03844819299501198
449145,6,0.0565553423666025
449145,7,-0.03714743904927678
449145,8,3.798984868011719e-4
449145,9,-0.05601704039104416
449145,10,0.07143894016427293
449145,11,0.0133056161679783
449275,1,-0.007415821876211478
449275,2,0.08639102303928924
449275,3,0.0663540353946244
449275,4,0.014086665011389731
449275,5,0.0015848418239035784
449275,6,-0.05839953418499871
449275,7,-0.1151503323292434
449275,8,0.06096326439367114
449275,9,0.017358633297304086
449275,10,-0.07522435964179836
449275,11,-0.04843706207797205
449279,1,0.001872445995800325
449279,2,-0.028371836380283948
449279,3,0.05797672105883443
449279,4,0.022734565347267397
449279,5,0.007973177848955137
449279,6,0.03024109296308776
449279,7,-0.07132086717216124
449279,8,-0.0018028937848578648
449279,9,-0.05601231493446586
449279,10,0.002683763990531188
449279,11,-0.02166549575518913
449893,1,-0.05123105546046431
449893,2,-0.04463531903515096
449893,3,-0.1340414718577187
449893,4,-0.08529419384014032
449893,5,-0.14856281192382878
449893,6,-0.04109433910359172
449893,7,0.09798651276409699
449893,8,-0.02276762035907095
449893,9,-0.06402349983510534
449893,10,-0.11819499683796394
449893,11,-0.01040246501049195
449901,1,-0.04941454470678197
449901,2,-0.007582425245246582
449901,3,-0.16337157191093848
449901,4,-0.03839907950037101
449901,5,-0.16238695219837007
449901,6,-0.16668102082493738
449901,7,0.060162381730814916
449901,8,-0.022855790581240588
449901,9,-0.19398691457961384
449901,10,-0.0940228609453356
449901,11,0.015136014468913188
450375,1,-0.0044575099037637
450375,2,0.08492043178143478
450375,3,0.0659410344870238
450375,4,0.017266635179037107
450375,5,0.019876588333604794
450375,6,-0.04469595392202439
450375,7,-0.11620086822143835
450375,8,0.05236379509733424
450375,9,0.03140346085705152
450375,10,-0.07519800037160951
450375,11,-0.008003882921133328
450704,1,0.1429248635304042
450704,2,0.07717366794533143
450704,3,0.0038958451120739155
450704,4,0.052348877379014995
450704,5,-0.007022767478820947
450704,6,-0.13120838662986567
450704,7,-0.14349332578683718
450704,8,0.18087799506759653
450704,9,-0.01276646860142233
450704,10,-0.04728205087491807
450704,11,-0.05492183292883911
451401,1,-0.01125140611448879
451401,2,0.08844976283851898
451401,3,0.07235363222258834
451401,4,0.019143502512340545
451401,5,0.0022392665550473637
451401,6,-0.03143157096217606
451401,7,-0.14525333655302208
451401,8,0.05190112976271548
451401,9,0.01937965026976759
451401,10,-0.12200564350194382
451401,11,-0.02023332070602324
451402,1,-0.011181909509715723
451402,2,0.10268288391855399
451402,3,0.05511134122658251
451402,4,0.0073192355130451605
451402,5,5.892630348998633e-5
451402,6,-0.027749190208208464
451402,7,-0.10809106866849537
451402,8,0.07117742861668995
451402,9,0.033059323743532536
451402,10,-0.0816974888185966
451402,11,-0.06522171037730967
451683,1,-0.007742320296595702
451683,2,0.09248063414450308
451683,3,0.06822697928887829
451683,4,0.0028891582923927404
451683,5,0.016726133350773876
451683,6,-0.02995601856570553
451683,7,-0.10363025345769418
451683,8,0.05956897094417053
451683,9,0.02756944971424001
451683,10,-0.06705111451638675
451683,11,-0.023884534418763884
451812,1,0.1469129925505839
451812,2,0.01851152259489304
451812,3,-0.015636568574631665
451812,4,0.014237592176003443
451812,5,-0.051937890098365615
451812,6,-0.10415660013336117
451812,7,-0.05481063937603977
451812,8,0.14462725442359145
451812,9,-0.08444248112296097
451812,10,0.0365406396833009
451812,11,-0.03789599535556968
452602,1,-0.0148181656243196
452602,2,0.0857201924051057
452602,3,0.06335702062447833
452602,4,0.016507197015461002
452602,5,0.018601926098980523
452602,6,-0.050456166000329525
452602,7,-0.14099667788657863
452602,8,0.05695798394404843
452602,9,0.05820060811193657
452602,10,-0.09765901158889781
452602,11,-0.0013858235190759613
452618,1,0.010617441023771181
452618,2,-0.0051938824161241294
452618,3,0.00718973097382964
452618,4,-9.93446474290049e-4
452618,5,0.013022203089414248
452618,6,-0.04679971787272237
452618,7,-0.0027874654922984284
452618,8,0.002826764574942523
452618,9,0.006929882717387135
452618,10,-0.0270888738535856
452618,11,0.001434972592775627
453461,1,-0.007665888981364382
453461,2,0.08874141323584664
453461,3,0.05874438099393328
453461,4,0.013129072200428585
453461,5,0.004436905752382803
453461,6,-0.022098146387578677
453461,7,-0.10340043493215025
453461,8,0.06407124151847603
453461,9,0.02495686355851836
453461,10,-0.05365704431201302
453461,11,-0.06485826462696484
453911,1,1.7009707962063178e-4
453911,2,-0.004330634498453002
453911,3,0.006323245586316041
453911,4,0.01505816641019493
453911,5,-0.0014214399318879063
453911,6,-0.028533303997447315
453911,7,0.017962143696945817
453911,8,-0.011733403668792849
453911,9,-0.043997586303348477
453911,10,0.0069542179989084225
453911,11,0.008329986391858085
455009,1,-0.009689677056145145
455009,2,0.08537367767473968
455009,3,0.06261121316671363
455009,4,0.005029337962619921
455009,5,0.008935921092225296
455009,6,-0.0033698863850520422
455009,7,-0.12589418971743085
455009,8,0.049700359807124735
455009,9,0.04774217260541654
455009,10,-0.07508936091142017
455009,11,-0.021302147467644455
455365,1,-0.005596668578462541
455365,2,0.09030033916005271
455365,3,0.05944452651801427
455365,4,0.008447261915604107
455365,5,0.004621962815200364
455365,6,-0.05097093012668758
455365,7,-0.11023810680715943
455365,8,0.038490574944067095
455365,9,0.021339160008665866
455365,10,-0.05102664450639278
455365,11,-0.04398632651585911
455794,1,0.0049582992616618304
455794,2,-0.012706930205347114
455794,3,-0.0025070774380228965
455794,4,0.011392443048259721
455794,5,0.004643830915980737
455794,6,-0.0686585511792803
455794,7,0.01029700932084315
455794,8,-0.032748152541323176
455794,9,-0.005403954157661925
455794,10,-0.00923718145028411
455794,11,-0.01465841149245501
455835,1,-0.012536601338460202
455835,2,0.09015945040685985
455835,3,0.06415320319965011
455835,4,-0.0036815675596970935
455835,5,0.01776127248356784
455835,6,-0.02763596947571591
455835,7,-0.09975703986707249
455835,8,0.07214098248762456
455835,9,0.020802980306103683
455835,10,-0.07651812061595833
455835,11,-0.018265321572486795
456249,1,-0.006563925835779246
456249,2,0.09211025819544881
456249,3,0.06818696327303377
456249,4,0.015210358293226818
456249,5,0.016707117068408533
456249,6,-0.005574583801698451
456249,7,-0.10923938610107972
456249,8,0.030578799250385254
456249,9,0.02874776914783832
456249,10,-0.06713167400497251
456249,11,-0.0636825916000357
456452,1,0.1480094585812547
456452,2,0.0879505195782263
456452,3,-0.024211481173402383
456452,4,0.011514229385941748
456452,5,-0.027399691519316774
456452,6,-0.052554369154891825
456452,7,-0.07058673577245614
456452,8,0.15935991472377609
456452,9,-0.018403193887221513
456452,10,-0.021972231062893893
456452,11,-0.03853609301746566
456473,1,0.15706180391542937
456473,2,0.09154342948692458
456473,3,-0.01867253319064351
456473,4,0.012140949908003938
456473,5,-0.01648197975616751
456473,6,-0.05963938476124419
456473,7,-0.0954248299375841
456473,8,0.14336256405484596
456473,9,-0.017056058333443404
456473,10,-0.0411750210011772
456473,11,-0.04141787513971796
456717,1,-0.008667005550292999
456717,2,0.09182198327332006
456717,3,0.062044649155922456
456717,4,6.45842894048393e-4
456717,5,-0.0015390577537122718
456717,6,-0.03214062994969888
456717,7,-0.08570893251917346
456717,8,0.0386371657083823
456717,9,0.018073796674113594
456717,10,-0.08472244917788209
456717,11,-0.024085775067437174
456980,1,-0.006687154689372929
456980,2,0.08415331117447801
456980,3,0.0742876975390582
456980,4,0.020485543870887014
456980,5,-0.01648466885017723
456980,6,-0.02368523299993069
456980,7,-0.07728811189983079
456980,8,0.025803711364928775
456980,9,0.026570558960193526
456980,10,-0.07580225909104307
456980,11,-0.030879161787030023
456984,1,-0.016945070287843395
456984,2,0.013890080246335609
456984,3,-0.033098007072692205
456984,4,-2.2789006177093162e-4
456984,5,0.061470886368268904
456984,6,0.020815918838677467
456984,7,0.06962110160681946
456984,8,0.019743555493042464
456984,9,-0.12178284111721238
456984,10,-0.10053216558191287
456984,11,-0.062482011262671056
457159,1,-1.0016522271828585e-5
457159,2,0.08776377381606651
457159,3,0.058389190481810974
457159,4,0.021483148949536585
457159,5,0.014728230979505619
457159,6,-0.04217410200675181
457159,7,-0.06139259486697251
457159,8,0.01147758120893398
457159,9,0.02365960322727386
457159,10,-0.049652206719695
457159,11,-0.03471304439746228
457367,1,-0.006687745661178004
457367,2,0.08808578029215197
457367,3,0.06637246177682617
457367,4,0.016803075402326277
457367,5,-0.00569423216822234
457367,6,-0.030864444712334696
457367,7,-0.08790291304063563
457367,8,0.04945308794831883
457367,9,0.029336284876354625
457367,10,-0.04627576500418502
457367,11,-0.030413990540730334
458373,1,-0.04695325833890842
458373,2,-0.04814465109189963
458373,3,-0.08755551291953273
458373,4,-0.13462068911402292
458373,5,-0.2247595458347759
458373,6,-0.03855296386389168
458373,7,0.016518442321828294
458373,8,-0.04670699384185675
458373,9,-0.009166608742219418
458373,10,-0.030819829610787646
458373,11,0.06461544712380728
458633,1,0.023347319475291693
458633,2,-0.007728363051338928
458633,3,-0.01003770324428416
458633,4,-0.01949207075615677
458633,5,-0.008851362643403481
458633,6,-0.06614928239552936
458633,7,0.08016570134213201
458633,8,5.883109014480133e-4
458633,9,-0.017744450492972352
458633,10,-0.17159113386651353
458633,11,0.04289553771049173
458643,1,0.02586127660356211
458643,2,-0.008166785753828626
458643,3,0.0018792803158349386
458643,4,-0.037121729433392106
458643,5,0.006673923834208698
458643,6,-0.056874501976236634
458643,7,0.04044194544108365
458643,8,0.018558622123911895
458643,9,-0.024365355267469246
458643,10,-0.1667465353782641
458643,11,0.055190244949405984
459306,1,-0.010373323673069782
459306,2,0.018828067537457624
459306,3,-0.01734298853379924
459306,4,0.0031414035769378726
459306,5,-0.03619495624209638
459306,6,0.03768724908269103
459306,7,-0.016519348109077417
459306,8,0.07119526036045246
459306,9,0.039636505268783546
459306,10,-0.035520437760930765
459306,11,0.01063807388360132
459506,1,0.1682162782427738
459506,2,0.0011290209565893749
459506,3,-0.07352648139542126
459506,4,0.00509114193407342
459506,5,0.00624436687907468
459506,6,-0.03942079898877909
459506,7,0.02911208983074446
459506,8,0.0036984017466496323
459506,9,-0.04341091359348141
459506,10,0.04697718809724764
459506,11,-0.04326277146166162
459654,1,0.16399723639912642
459654,2,9.860248375788796e-4
459654,3,-0.07584137718445852
459654,4,0.020601030676343023
459654,5,-0.017488262818407093
459654,6,-0.023179256732222736
459654,7,0.008697797964187917
459654,8,0.018035219371413894
459654,9,-0.038911721373092484
459654,10,0.06640309623082334
459654,11,0.002464116586210436
459720,1,0.16490455072230903
459720,2,-7.493700537876075e-4
459720,3,-0.07214808190054903
459720,4,0.0017909907483966577
459720,5,-0.01482164961356033
459720,6,-0.06835351775753291
459720,7,-0.012172444199233984
459720,8,0.003125096174192976
459720,9,-0.022129317252155202
459720,10,0.023565483745611366
459720,11,0.002286866771719244
462008,1,0.08865251402605946
462008,2,0.013298152052841955
462008,3,0.02120620891541929
462008,4,0.002700873197271747
462008,5,0.011248890458799532
462008,6,-0.10789150275520099
462008,7,0.23209743150289341
462008,8,0.165970386634566
462008,9,0.046204751566918646
462008,10,-0.0877094928278137
462008,11,0.0908273228660997
462055,1,0.002175269486407275
462055,2,0.024378472613945736
462055,3,0.018659647943230627
462055,4,-0.00670949336610424
462055,5,0.016259010894582995
462055,6,-0.033674653646664214
462055,7,-0.052628099867880015
462055,8,0.008417632650733954
462055,9,0.009661935547094215
462055,10,-0.07384556020790474
462055,11,-0.04259665139558387
462355,1,0.04732390009115517
462355,2,-0.005937797706163999
462355,3,-0.04253482766219309
462355,4,-0.052180467339756384
462355,5,0.00443020801807318
462355,6,0.07660978823104124
462355,7,-0.19839687949876833
462355,8,-0.12340158055884139
462355,9,-0.0790899824978666
462355,10,0.08746504380707663
462355,11,-0.05964130969844137
462738,1,0.005119289168949198
462738,2,0.01336882621860461
462738,3,-0.025809842618008054
462738,4,0.024199556381102827
462738,5,0.013575573430940503
462738,6,0.024865832315967524
462738,7,0.054698004637591335
462738,8,0.01206218080848727
462738,9,-0.04670910270558138
462738,10,-0.016399740635086903
462738,11,-0.06765688919147539
462765,1,-0.0030184001909514097
462765,2,0.0930739912283233
462765,3,0.07717599860223703
462765,4,-0.008346137544614395
462765,5,-0.042831265926029725
462765,6,0.03353784427770088
462765,7,0.06860341229156877
462765,8,-0.00979310057161083
462765,9,-0.059867785661021584
462765,10,0.05366983773356247
462765,11,0.08745108399743844
463608,1,-0.0072175285718463714
463608,2,0.08995591792391247
463608,3,0.07054159882552545
463608,4,-0.01301677529337366
463608,5,-0.048892960375136185
463608,6,0.022597961041182443
463608,7,0.06520266111776954
463608,8,-0.0425451902152301
463608,9,-0.04383833149347245
463608,10,0.06301229200856599
463608,11,0.07919695238410004
463753,1,-0.015259849660819847
463753,2,-0.004346261123373664
463753,3,-0.010639055620500505
463753,4,-0.020645017672821925
463753,5,-0.020498538479598812
463753,6,-0.08063385180613085
463753,7,0.004638027082558269
463753,8,-0.11096396222096848
463753,9,0.09616635837423962
463753,10,0.02383608319592914
463753,11,-0.20785032394357292
463995,1,0.13988946602689756
463995,2,0.10764774837511067
463995,3,-0.01785126137384549
463995,4,-0.01769795450145618
463995,5,-0.060512228758773885
463995,6,-0.14201626712257526
463995,7,0.036254856038286466
463995,8,-0.10539572192091617
463995,9,-2.6168403145444336e-4
463995,10,0.08261599846343314
463995,11,-0.19343155918801802
465574,1,0.15871809809410548
465574,2,0.10527234822831658
465574,3,0.013582580652336258
465574,4,0.0034161297391151948
465574,5,-0.0642977110218766
465574,6,-0.042195545806964094
465574,7,-0.03128351746431776
465574,8,0.015486677093242309
465574,9,-0.046876092655686
465574,10,0.007517340045254343
465574,11,-0.01466936716296608
467283,1,0.16679140358721534
467283,2,-0.0025128530253210727
467283,3,-0.07626433297285996
467283,4,0.010164799360908748
467283,5,-0.03820339714289528
467283,6,-0.03297031665011387
467283,7,0.026232596889277822
467283,8,0.025332062391906884
467283,9,-0.049353071418212296
467283,10,0.04399360099663705
467283,11,0.0069194679437841345
467358,1,0.16555848975925508
467358,2,-0.014445872616176662
467358,3,-0.07758243252715287
467358,4,0.008027772635162357
467358,5,-0.02418134915436616
467358,6,-0.04778314836099128
467358,7,0.0031997429861276364
467358,8,0.02829476095107668
467358,9,-0.02837526636806705
467358,10,0.04169643288006197
467358,11,-0.0010566156105542496
468001,1,-0.006442222130029965
468001,2,0.12434865543789815
468001,3,0.08402552062426184
468001,4,-0.006973560975478178
468001,5,-0.03657783069519659
468001,6,0.0034309299698047206
468001,7,0.015296195517372031
468001,8,-0.025358689257943316
468001,9,-0.04238655204141142
468001,10,0.008351666414092044
468001,11,0.02068514578775917
469666,1,0.03919258735092104
469666,2,-0.004035138614997654
469666,3,-0.013390139921428503
469666,4,-0.016797291920165734
469666,5,-0.011216294505644245
469666,6,-0.05003344943323834
469666,7,0.04565469231241165
469666,8,0.015127050228925675
469666,9,-0.02330928400372487
469666,10,-0.1858300363007773
469666,11,0.027218746920391335
470264,1,-0.0027591545722439356
470264,2,0.08868557668130804
470264,3,0.06240980011120728
470264,4,-0.01413782446082041
470264,5,-0.036744761333652856
470264,6,0.03906486345566451
470264,7,0.08759859208668339
470264,8,-0.03285023184846414
470264,9,-0.04873667599394573
470264,10,0.048994741765391515
470264,11,0.06189989374005855
471125,1,-0.004853903005556235
471125,2,0.1162824556959824
471125,3,0.07215456616665673
471125,4,-0.016491120822959157
471125,5,-0.030980173006326425
471125,6,-0.02312712976335807
471125,7,0.03232703527788483
471125,8,-0.022135900466365363
471125,9,-0.032398398295916495
471125,10,-0.009173042479510039
471125,11,-7.859534862060037e-4
471553,1,-0.02657195367440475
471553,2,-0.05734857378216128
471553,3,0.023842577844851925
471553,4,-0.10755115028090333
471553,5,-0.29020231998789175
471553,6,0.24199974088894188
471553,7,-0.08842714247881597
471553,8,0.0698557904034846
471553,9,-0.09504488377674415
471553,10,-0.10362438720105015
471553,11,-0.10882152307970085
472727,1,-0.0051826004769424195
472727,2,0.13093405956771254
472727,3,0.08790727361551987
472727,4,-0.00807986917899078
472727,5,-0.012119171425448683
472727,6,0.021827230942431643
472727,7,0.022993677991499345
472727,8,-0.034535246478242326
472727,9,-0.005949742449960014
472727,10,0.030524615652391514
472727,11,0.021434492786410367
473592,1,0.15961161683037103
473592,2,-0.004533842040818823
473592,3,-0.07509650063647584
473592,4,-2.335181145543404e-4
473592,5,-0.008940009374480789
473592,6,-0.03763715507139722
473592,7,0.0028673963607339223
473592,8,0.01567703229485251
473592,9,-0.0463252114935973
473592,10,0.04069081259796696
473592,11,0.012279339065406509
473846,1,0.012194844747612602
473846,2,0.0201137347635427
473846,3,-0.027637650999685966
473846,4,-0.04404589189554077
473846,5,-0.1188687702700796
473846,6,-0.06105565595230156
473846,7,-0.02830892845348148
473846,8,0.016503735052950573
473846,9,0.13101264346985403
473846,10,-0.034613807931466144
473846,11,0.008160617225221569
473902,1,0.15828632558877098
473902,2,0.10333582268982637
473902,3,0.00298932432936807
473902,4,0.001943285632710365
473902,5,-0.05795184208334629
473902,6,-0.049996825350009134
473902,7,-0.016958382467813837
473902,8,0.015658341610652684
473902,9,-0.062094679994815265
473902,10,0.04929008689560408
473902,11,0.013124440334368432
474358,1,-0.011929666582660913
474358,2,0.11938952655085522
474358,3,0.07251398448792695
474358,4,-0.004094759150906824
474358,5,-0.04034810731645298
474358,6,0.006138364730483699
474358,7,0.020870001006713115
474358,8,-0.03513681461860855
474358,9,-0.013033406219624101
474358,10,0.033904955257593475
474358,11,0.019257387401661927
476230,1,0.024032263862822867
476230,2,6.513287684807694e-4
476230,3,0.015143015132730565
476230,4,0.01732857217678292
476230,5,0.017992725723454613
476230,6,0.02888039976535
476230,7,-0.059436001885144515
476230,8,-0.06640557384744089
476230,9,-0.052515058426461945
476230,10,0.0326221206141185
476230,11,-0.004919701432480878
476285,1,0.15824651641937157
476285,2,0.11048772733529437
476285,3,0.015102101336105681
476285,4,0.007905902849129842
476285,5,-0.042101198000853796
476285,6,-0.0346922729931462
476285,7,-0.006960446673095047
476285,8,6.802807810711798e-4
476285,9,-0.06421832179955674
476285,10,0.0014801969195164146
476285,11,-0.03535314775706655
476469,1,-7.117888612685974e-4
476469,2,0.0653244703852358
476469,3,0.035427187862665604
476469,4,-0.02528985275906369
476469,5,-0.059348796951951596
476469,6,0.03580251069448225
476469,7,0.0802881307292518
476469,8,-0.06326284948900189
476469,9,-0.0442895577471138
476469,10,0.05943113414193709
476469,11,0.04989695236870801
477165,1,-0.005583227014568652
477165,2,0.00690035360176513
477165,3,0.01889230464332378
477165,4,0.02142241137881901
477165,5,0.03001732431303543
477165,6,-0.006380476243556447
477165,7,-0.03513401351447576
477165,8,-4.8734546952031936e-4
477165,9,-0.06250945114891693
477165,10,-0.040860616574165225
477165,11,-0.029184945350275077
479319,1,0.16673884597477573
479319,2,-0.012212869110160951
479319,3,-0.06757984026000066
479319,4,0.012077710245488845
479319,5,0.0021221071108470015
479319,6,-0.05719959588463597
479319,7,-0.01650708164867656
479319,8,0.016281125875817603
479319,9,-0.03644676561796101
479319,10,0.08467873891798902
479319,11,0.008018002715715296
479450,1,0.07447975741337648
479450,2,0.003334764011221991
479450,3,-0.05265837989793892
479450,4,-0.011949182915249412
479450,5,4.4370768933552e-4
479450,6,0.027703267686424532
479450,7,-0.2096198722137018
479450,8,-0.11337319602568076
479450,9,-0.045814533455083226
479450,10,0.16459995446732378
479450,11,-0.1068239096188062
480851,1,0.017280422233888093
480851,2,0.009324330032211428
480851,3,-0.03409058521145529
480851,4,0.003559138109635758
480851,5,0.04293370558045838
480851,6,0.003396168450159205
480851,7,-0.002116232711145773
480851,8,-0.005431165587838741
480851,9,0.03733365597691708
480851,10,0.04225582134037743
480851,11,-0.009147197584237472
481193,1,-0.006493154168315829
481193,2,0.13012032344507135
481193,3,0.07084789731875758
481193,4,-0.005888151995685021
481193,5,-0.024030823227428968
481193,6,0.01995004871568161
481193,7,0.034932725474361874
481193,8,-0.0027316055548212903
481193,9,-0.025056184645371172
481193,10,-0.027710169854499565
481193,11,0.029928676638722916
481929,1,-0.029794441647059505
481929,2,0.004333288648519628
481929,3,0.09569358801002013
481929,4,0.03811932511752211
481929,5,0.20297764076970756
481929,6,0.14592035752293872
481929,7,-0.051400120421204995
481929,8,-0.0480188077821836
481929,9,-0.010463653042286776
481929,10,-0.11483731353574606
481929,11,0.16764520542702713
483893,1,-0.00570227247369368
483893,2,-0.0069435707304974234
483893,3,0.025567472219375314
483893,4,0.009159747609963284
483893,5,0.016500822478503405
483893,6,0.011187649026559074
483893,7,-0.01682520994746699
483893,8,0.02571785897965288
483893,9,0.01930367612729389
483893,10,0.04459950701349152
483893,11,0.02210319437844706
483933,1,0.03875409750358628
483933,2,-0.004239252673956474
483933,3,-0.027042940102014384
483933,4,-0.04405892543126969
483933,5,-0.002200897333250457
483933,6,0.059897655337062636
483933,7,-0.21229923771840256
483933,8,-0.10493143158904836
483933,9,-0.10040901446630193
483933,10,0.08034486242147075
483933,11,-0.0318737670498544
484732,1,-0.00343985655045928
484732,2,0.13085304772300124
484732,3,0.07294793074259752
484732,4,0.0028558230518214295
484732,5,-0.04986312904693823
484732,6,-0.0038277099913675825
484732,7,0.02960344684188311
484732,8,-0.0187604918587691
484732,9,-0.03798462299264921
484732,10,0.043002289146536345
484732,11,0.027266528863084866
484754,1,0.1662140380436422
484754,2,-0.0014179173522976605
484754,3,-0.06783175901000546
484754,4,1.6570248090065856e-4
484754,5,-0.011232071789328899
484754,6,-0.06009546086725103
484754,7,-0.016390090344200314
484754,8,0.010710643403746565
484754,9,-0.049804358206426515
484754,10,0.049320061259343385
484754,11,-0.029438945174080165
485321,1,-0.0050736491092054645
485321,2,0.1170163548953235
485321,3,0.07745455062674605
485321,4,-0.003965614308468426
485321,5,-0.04776084870749694
485321,6,0.011648989157745806
485321,7,0.03189269790863789
485321,8,-0.010185812501204108
485321,9,-0.030084296446966582
485321,10,0.027639885047267432
485321,11,0.015367777017499461
486247,1,-0.019499466946379645
486247,2,0.11877452036543702
486247,3,0.06071358058316553
486247,4,-0.002038599254726014
486247,5,-0.06612584230573632
486247,6,-0.065388620975523
486247,7,0.042029578192367856
486247,8,-0.1079464404049468
486247,9,0.04847681721619915
486247,10,0.029188865987250522
486247,11,-0.20674224304149033
486549,1,-0.013304765806504679
486549,2,0.005607363944635043
486549,3,-0.010570189748960995
486549,4,-0.018373064219950403
486549,5,0.006251301878247171
486549,6,-0.02980064775301951
486549,7,0.005546182802907981
486549,8,-0.006915147598979009
486549,9,0.016237117237367985
486549,10,0.03501025966293191
486549,11,-0.08319370764718872
486581,1,0.009574988601605638
486581,2,0.0035125632578173823
486581,3,-0.01478275701544447
486581,4,0.029242575901464566
486581,5,0.021343167563389595
486581,6,0.01718992821189309
486581,7,0.03025484229604006
486581,8,0.01545220981489533
486581,9,-0.030466944234855613
486581,10,0.017025949265663406
486581,11,-0.061238689684582896
486612,1,0.002698163507396107
486612,2,-0.009504451834860244
486612,3,-0.0014933321194486745
486612,4,0.01769097619742475
486612,5,-0.022775775495367096
486612,6,-0.08123710603269259
486612,7,-0.026975535507623185
486612,8,-0.03992112235154371
486612,9,-0.007358590596414061
486612,10,-0.0014696486522277482
486612,11,-6.763350862888482e-4
486714,1,-0.024161738229278657
486714,2,0.009248026283714642
486714,3,0.016352105006010795
486714,4,-0.0363179025223609
486714,5,-0.03736631330873802
486714,6,-0.001752628632546899
486714,7,0.0071668331539681916
486714,8,0.015554053515740159
486714,9,-0.09355500233786303
486714,10,-0.037034709169335316
486714,11,-0.052410920763758057
486721,1,0.003200302290758776
486721,2,0.003453751342196671
486721,3,-0.013947032077722982
486721,4,0.03625958916729979
486721,5,0.02294375004980224
486721,6,0.0034103904299437704
486721,7,0.054313144959139664
486721,8,0.031802477016842315
486721,9,-0.038025334408589496
486721,10,0.01674668485114515
486721,11,-0.02255822428723211
486727,1,0.003594790009366885
486727,2,6.187445309967659e-5
486727,3,-0.020153074934598985
486727,4,0.03929381860661789
486727,5,0.003240573735252428
486727,6,0.01906732229450997
486727,7,0.04765545560671841
486727,8,0.028526317696985843
486727,9,-0.03835252894036029
486727,10,-0.008048678325393325
486727,11,-0.025555065473318546
486742,1,-0.01918215502910993
486742,2,-0.027145668224988543
486742,3,-0.005677694784107666
486742,4,0.04670558758264756
486742,5,0.005538750683587149
486742,6,-0.14606128140614097
486742,7,-0.050343104142389704
486742,8,-0.14021448808164033
486742,9,0.03587678712282085
486742,10,0.06593691616906394
486742,11,0.220436244754097
486755,1,-0.020783224586814447
486755,2,-0.004985938105633506
486755,3,-0.02151979671711997
486755,4,-0.012869357804532593
486755,5,-0.028420138895387723
486755,6,-0.09457551241764273
486755,7,0.01802979786034132
486755,8,-0.13218363183037662
486755,9,0.07113166326896196
486755,10,0.04016362274621011
486755,11,-0.1871258427175402
486767,1,-0.0031994439707312486
486767,2,0.005232402086964243
486767,3,-0.003084894690114957
486767,4,-0.07968575191800335
486767,5,-0.03570525715608815
486767,6,-0.017792486666063208
486767,7,-0.09970260532315738
486767,8,0.11375306411771603
486767,9,-0.08779603992426074
486767,10,0.1143777985713385
486767,11,0.11281939886530709
486793,1,-0.003943142627442987
486793,2,-0.011542403611940885
486793,3,0.01415821944227116
486793,4,-0.026479667503786223
486793,5,0.009427616687246025
486793,6,-0.03663665961198985
486793,7,-0.005490964620066103
486793,8,0.04505088681438042
486793,9,-0.006649617765594005
486793,10,-0.0024858220456456213
486793,11,0.05676135272131886
486794,1,-0.012929343446209468
486794,2,-0.022803292904719635
486794,3,-0.025269265048039675
486794,4,-0.1525382505458462
486794,5,-0.28036088441352586
486794,6,0.2235763010391848
486794,7,-0.044365212187730506
486794,8,0.0036620577487532905
486794,9,-0.11907995110420203
486794,10,-0.21231682749910702
486794,11,-0.01734110045451446
486810,1,0.0033444103538318613
486810,2,0.011011768294777404
486810,3,0.014675186273485612
486810,4,0.0072152976414298214
486810,5,0.011361871179365102
486810,6,-0.044509983958890185
486810,7,-0.0016390319898365177
486810,8,-0.003795311115471617
486810,9,-0.007016930256252358
486810,10,-0.013322983580234414
486810,11,-0.014873666466922312
486812,1,0.0017897591829441155
486812,2,9.068387544319828e-4
486812,3,0.031141293915479297
486812,4,-0.002072958723752563
486812,5,-0.009695253762845316
486812,6,-0.03982387493547502
486812,7,-0.027915227418520025
486812,8,0.05252588989684159
486812,9,0.013332634368626028
486812,10,0.02339669519465379
486812,11,0.020307040642667085
487165,1,0.004869564605192371
487165,2,-0.004132409705437559
487165,3,-0.02009739643478777
487165,4,-0.05507162937601763
487165,5,-0.018998777171179773
487165,6,0.04739859362223167
487165,7,-0.09235670024229083
487165,8,0.01611696290645602
487165,9,-0.04507960170011387
487165,10,0.05578871741980803
487165,11,0.08611190018551856
487303,1,0.14665682031312888
487303,2,0.10054542562087834
487303,3,0.012282004955548606
487303,4,-0.046791770404291326
487303,5,-0.001938872797815701
487303,6,-0.037174308081908025
487303,7,0.01563619568932596
487303,8,0.07594465970925156
487303,9,-0.08213781360834004
487303,10,-0.012693964617626216
487303,11,0.03335376233584748
488433,1,0.15269134983755375
488433,2,0.09275313032081008
488433,3,0.02024340914459789
488433,4,-0.03436977541009038
488433,5,-0.023219696606274293
488433,6,-0.0393804008649062
488433,7,0.006599125479065132
488433,8,-0.006317589488375386
488433,9,-0.06687396623434788
488433,10,-0.03841807749014691
488433,11,0.010741043108746968
488930,1,0.021554214733222013
488930,2,-0.0044382888583985765
488930,3,0.007204333709356713
488930,4,-0.02816807261101709
488930,5,-0.12421069962712554
488930,6,-0.05878180786695916
488930,7,-0.046327935643718746
488930,8,0.02447893142788498
488930,9,0.09862060353867956
488930,10,0.011895218021662263
488930,11,0.015348109778157532
490648,1,0.047830792386644505
490648,2,3.026641977890801e-4
490648,3,-0.022545551582537352
490648,4,-0.044510906157827386
490648,5,-0.011418462027182363
490648,6,0.07275543718214977
490648,7,-0.2045045172221636
490648,8,-0.08144982974820715
490648,9,-0.10942640210420357
490648,10,0.11202181984423736
490648,11,-0.03479563460774304
490762,1,-0.0062277628617029
490762,2,0.011372945943870906
490762,3,0.005197343179758346
490762,4,-1.4038138665738175e-4
490762,5,-0.024172653099476728
490762,6,0.015960004245300623
490762,7,-0.04742961937392849
490762,8,0.07270728201441495
490762,9,-0.0171269532071448
490762,10,-0.009390876595291819
490762,11,-0.02816941362202106
491024,1,0.02621285889237348
491024,2,-0.0010164364363639549
491024,3,-0.005595300328233138
491024,4,-0.024334632765451402
491024,5,-0.004400404024137415
491024,6,-0.07153219800880786
491024,7,0.05832354672899647
491024,8,0.022770450560418327
491024,9,0.01433845538951023
491024,10,-0.19160639281106132
491024,11,0.04757867904636491
491721,1,-0.001877079502641345
491721,2,0.12376816073584619
491721,3,0.07306044217635103
491721,4,0.0019163398479526104
491721,5,-0.04468884036287916
491721,6,0.00427679434589763
491721,7,0.010823010523735443
491721,8,-0.03585419018964933
491721,9,-0.039068048919064825
491721,10,0.010397965416232377
491721,11,0.041242678784866135
492207,1,-0.004514177366100835
492207,2,0.1153504329189578
492207,3,0.07613264943540134
492207,4,0.004364529594671684
492207,5,-0.04593913202990045
492207,6,0.026765647255905342
492207,7,0.04596520863430248
492207,8,-0.007327652419819456
492207,9,-0.02780474395962959
492207,10,0.027137747781494605
492207,11,0.016430921032237276
492502,1,-0.004357774843784908
492502,2,0.12453091430360891
492502,3,0.07968431546149779
492502,4,0.003998078948454651
492502,5,-0.027052617638314118
492502,6,0.01643948408569675
492502,7,0.0044680726132877695
492502,8,-0.010965120795308415
492502,9,-0.006099317951232769
492502,10,-0.020866889235696306
492502,11,0.001359501890210809
492758,1,0.16470085731416995
492758,2,0.007401943212836585
492758,3,-0.06735227405081058
492758,4,-0.032523336853327076
492758,5,-0.0038842496830677744
492758,6,-0.022644832822017732
492758,7,0.003793833235872751
492758,8,-0.00904486228583661
492758,9,-0.0853166542841983
492758,10,0.003862020057563818
492758,11,0.02999556715331216
492830,1,-0.005848548190171083
492830,2,0.13245042854675915
492830,3,0.07814259891310085
492830,4,-0.01941040094628167
492830,5,-0.034450327902886574
492830,6,-0.004770411714705187
492830,7,0.01966801688540579
492830,8,-0.02654376528592211
492830,9,-0.005507791010086252
492830,10,0.015252071256559158
492830,11,0.016816827327063796
493205,1,-0.04903069687059522
493205,2,-0.07637483795690593
493205,3,-0.043511614940264245
493205,4,-0.11185693496293699
493205,5,-0.2049095936589368
493205,6,-0.052507785063483504
493205,7,-0.05138070997378245
493205,8,0.03482642806958484
493205,9,0.053955223324366385
493205,10,0.01023705479500198
493205,11,0.008548241849235402
493243,1,0.1622187729952629
493243,2,9.440775380208662e-4
493243,3,-0.06611388772873127
493243,4,-0.02718811674551979
493243,5,-0.006654735920140218
493243,6,0.0028883685039671073
493243,7,0.013253350170107496
493243,8,0.008885595257553901
493243,9,-0.032449090247447965
493243,10,0.00519529847566692
493243,11,0.021101082865746537
493609,1,-0.013810170701757713
493609,2,-0.08587861857498037
493609,3,0.052987654107387316
493609,4,-0.07081965038682056
493609,5,-0.2823467524989145
493609,6,0.2568398343375803
493609,7,-0.06822892737753518
493609,8,0.1033759470095916
493609,9,-0.05261395308306277
493609,10,-0.005585481327428391
493609,11,-0.10694513869894033
494654,1,-0.011907452293586529
494654,2,0.12228173217113962
494654,3,0.08153947796547056
494654,4,-9.217746260894863e-4
494654,5,-0.043175049863191386
494654,6,0.013707935328633817
494654,7,0.021247701288274468
494654,8,-0.022880601412641175
494654,9,-0.0031122821543889297
494654,10,-0.0045018413427726205
494654,11,0.03963989022605411
494808,1,-0.04268593140490242
494808,2,-0.08111829953206985
494808,3,-0.07037625259529645
494808,4,-0.11089261289227548
494808,5,-0.20543046844693444
494808,6,-0.06092855368637643
494808,7,-0.03231376016179715
494808,8,-0.017440677258018438
494808,9,0.025491064475601732
494808,10,-0.05660469186931057
494808,11,0.025020497712118263
495444,1,0.014067994070309425
495444,2,-0.002990337695311563
495444,3,0.018726877845455597
495444,4,-0.002537730231059261
495444,5,0.02115271257308776
495444,6,-0.04825630551116916
495444,7,0.019774262094736227
495444,8,-0.04104754160537425
495444,9,0.010179442442555201
495444,10,-0.03232032393394352
495444,11,0.004247194780864435
495519,1,-0.009847232943681642
495519,2,0.09952017831358712
495519,3,0.06943325073434993
495519,4,-0.01848251855710261
495519,5,-0.048770065968207425
495519,6,0.029319447484219167
495519,7,0.0657697280232225
495519,8,-0.02622516268944662
495519,9,-0.051382594326526844
495519,10,0.052656485548809764
495519,11,0.09115044572157459
495739,1,0.16758569578047305
495739,2,0.00971386849461643
495739,3,-0.06469164519554817
495739,4,-0.027655562011326892
495739,5,0.02342855537948542
495739,6,-0.033119962229710476
495739,7,0.0330143178190126
495739,8,0.008298606717137627
495739,9,-0.014099218272154407
495739,10,0.002347161162295564
495739,11,-0.017039834614553682
495744,1,0.1621915444829892
495744,2,-4.730884095089565e-4
495744,3,-0.07793795679042427
495744,4,-0.028546249303276608
495744,5,0.03136288190137933
495744,6,-0.007643109864853828
495744,7,0.027863483845086714
495744,8,-0.0038347900912369727
495744,9,-0.06577941947006402
495744,10,-0.02837100716885259
495744,11,0.03467974559705135
496397,1,0.159995453647669
496397,2,-0.00819399119815508
496397,3,-0.06688750894977122
496397,4,-0.041254399994788284
496397,5,-0.002675118524148377
496397,6,-0.04215359066690049
496397,7,0.0140733202121763
496397,8,-0.008956988514217645
496397,9,-0.06443952072282046
496397,10,0.022913053765067238
496397,11,0.009725906597978748
497683,1,-0.0054062331414563404
497683,2,0.09549117167530832
497683,3,0.06559348390569866
497683,4,-0.021085201667544684
497683,5,-0.0653019848402748
497683,6,0.04594306907454798
497683,7,0.06942586771037934
497683,8,-0.025374774887884168
497683,9,-0.023560614043429608
497683,10,0.05734669069772666
497683,11,0.08766009349307911
499001,1,-0.01578971422493351
499001,2,0.01303974590960774
499001,3,-0.024954872167648332
499001,4,-0.02427500398109036
499001,5,-0.01885752292167283
499001,6,-0.1104844998620381
499001,7,0.021397262095669244
499001,8,-0.1221663583856326
499001,9,0.07322049779913113
499001,10,0.04490825915425381
499001,11,-0.2031956259944108
500293,1,-0.0025656499729740643
500293,2,0.120124766163054
500293,3,0.08213780575380467
500293,4,-0.023586714763722576
500293,5,-0.02308381834706206
500293,6,0.02329445889873837
500293,7,0.02839734979501073
500293,8,-0.04289008420106477
500293,9,-0.03092630263530717
500293,10,-0.006571295111070665
500293,11,0.048416803237615796
501034,1,8.209959246152631e-4
501034,2,0.12353916205382068
501034,3,0.0708177652099544
501034,4,-0.014258724088464812
501034,5,-0.03574975102531988
501034,6,0.013246168689938002
501034,7,0.018119117892404404
501034,8,-0.016808498907492496
501034,9,-0.041074278747833703
501034,10,-0.014344874684454193
501034,11,0.005607967291180877
501627,1,-0.03053816471602567
501627,2,0.033433037065621576
501627,3,-0.01536898312376385
501627,4,0.01541218177112359
501627,5,0.10529436240899051
501627,6,0.022270144317018452
501627,7,0.029659306946590105
501627,8,-0.004286467959274901
501627,9,-0.12827079433675304
501627,10,-0.15604521981865685
501627,11,-0.023566590588773743
502429,1,0.0021163861093791898
502429,2,-0.009064477785828034
502429,3,-0.013609208295783944
502429,4,0.03813231989904468
502429,5,0.031194973627663592
502429,6,0.024443118054378498
502429,7,0.03388233095373601
502429,8,0.011278956592056836
502429,9,-0.04118347695968288
502429,10,-0.001986234035858835
502429,11,-0.02759408495628558
502620,1,0.15695388867182083
502620,2,-0.004627834587606129
502620,3,-0.08468169870473413
502620,4,-0.043631379367093825
502620,5,2.689336911333279e-4
502620,6,-0.031097068738529257
502620,7,0.019201605872297668
502620,8,0.012333017032029308
502620,9,-0.07298541066303747
502620,10,-0.01843157759847901
502620,11,0.035798962483603494
502793,1,-0.006564263416251136
502793,2,0.12264762862499468
502793,3,0.07258749487477581
502793,4,-0.010734001157973487
502793,5,-0.029680260469296272
502793,6,-0.014618748147434421
502793,7,0.03978647667070863
502793,8,-0.008215469471130112
502793,9,-0.04953760040486592
502793,10,-0.013293066536716231
502793,11,0.025371435613532223
502937,1,-0.05162532912499519
502937,2,-0.06518953071220422
502937,3,-0.03081620873848425
502937,4,-0.11174528185604629
502937,5,-0.22787539514014304
502937,6,-0.0662931304203219
502937,7,-0.04129818504502105
502937,8,0.012170248448532768
502937,9,0.07781569800783035
502937,10,0.003207910881821303
502937,11,0.017030145143782347
503543,1,0.02498910237323615
503543,2,-0.007013904722422701
503543,3,0.0030887723152012705
503543,4,-0.012168711227633605
503543,5,-0.02977134094661541
503543,6,-0.07725784116711708
503543,7,0.07574826652203374
503543,8,-0.013670601031502813
503543,9,0.006217376192412236
503543,10,-0.20282137061322397
503543,11,0.04323187031202793
504263,1,-0.0013649239103929777
504263,2,0.0324505226100098
504263,3,0.03365289503086905
504263,4,0.009242231549298707
504263,5,0.008127891378571908
504263,6,0.003268927151867003
504263,7,-0.023437538496836597
504263,8,-0.0012924023195331953
504263,9,0.023534507152232424
504263,10,-0.015784237396560336
504263,11,-0.0130998398260791
504671,1,0.16610943118063445
504671,2,-0.012581650431923932
504671,3,-0.05617108590117298
504671,4,-0.06709085547949936
504671,5,0.015563148202474505
504671,6,0.08623009147151446
504671,7,0.034369225060100136
504671,8,-0.00903163809272785
504671,9,0.046158127071851726
504671,10,-0.027239648462239984
504671,11,0.03560738158066454
504789,1,-0.049656803277651956
504789,2,-0.060077178230296666
504789,3,-0.031955141549666145
504789,4,-0.10969529248519028
504789,5,-0.19969844440164153
504789,6,-0.056385474821656255
504789,7,-0.0411663468571603
504789,8,0.06605281255129407
504789,9,0.06562296406985921
504789,10,0.006783152919559308
504789,11,0.04305385055637499
505120,1,0.06984933803322181
505120,2,-0.029812846588785143
505120,3,-0.012084423102317554
505120,4,-0.09788333954049003
505120,5,0.0026758550839927372
505120,6,0.03591499499121483
505120,7,-0.06029067967808247
505120,8,-0.08246472402947709
505120,9,0.02861281182326742
505120,10,-0.15014572624028402
505120,11,0.004273390092715652
505298,1,-0.002999581685121081
505298,2,-0.023716474379967937
505298,3,-0.033643474008526277
505298,4,-0.042924800411170055
505298,5,-0.01074352007318281
505298,6,0.10853946912703771
505298,7,-0.14558055864226385
505298,8,0.074176247941243445
505298,9,-0.10503962812046087
505298,10,0.10817313716850349
505298,11,0.06088173089526329
505714,1,0.00586380237712636
505714,2,0.005144767980131066
505714,3,0.010823539682380343
505714,4,0.012008448500104598
505714,5,-0.08538899116692662
505714,6,0.06255205067833759
505714,7,0.038190697898047944
505714,8,-0.042721295888880295
505714,9,-0.05221403349747848
505714,10,-0.0151058447085499
505714,11,-0.08034535378750833
505916,1,-0.004325979088403228
505916,2,-0.011736879988968874
505916,3,0.0037357425390153664
505916,4,-0.010816255280012795
505916,5,0.03853579004283903
505916,6,-0.019070755165528294
505916,7,-0.03470713812386763
505916,8,-0.010669798794860384
505916,9,-0.023573139432276156
505916,10,0.009568529662816728
505916,11,0.2202838013628352
506002,1,-0.011545466284473237
506002,2,0.005477956082705493
506002,3,-0.017101759230560593
506002,4,0.022150554802616643
506002,5,-0.027781992868262714
506002,6,-0.0780367086888087
506002,7,-7.159205913009012e-4
506002,8,-0.08463595674741388
506002,9,-0.00769499750207077
506002,10,0.028008152331357648
506002,11,0.005308002718444559
506068,1,-0.00415305843459831
506068,2,-0.004313299080565012
506068,3,0.007437867487640891
506068,4,0.024896910524631125
506068,5,-0.06894530349803059
506068,6,0.028798449673529063
506068,7,0.03135586793787144
506068,8,-0.04558514643819453
506068,9,-0.038357460942671055
506068,10,0.01059973808426588
506068,11,-0.049558388959536515
506213,1,0.0014659055259741076
506213,2,-0.006106747391341556
506213,3,0.01288089246261483
506213,4,-0.0023015166149674584
506213,5,-0.00659480514163542
506213,6,-0.009050288689328417
506213,7,-0.004214845125561546
506213,8,0.01917955862584373
506213,9,-0.009871264425496554
506213,10,0.002949499543025921
506213,11,-0.041157122622581734
506320,1,0.1600608510973859
506320,2,-0.013648978004167115
506320,3,-0.057412123713570934
506320,4,-0.07270749799270258
506320,5,0.02206508664067767
506320,6,0.14080573902396387
506320,7,0.05309860361236625
506320,8,-0.03909335272684124
506320,9,0.0787896323553531
506320,10,-0.04904578523997403
506320,11,-0.017928313340342335
506375,1,4.6999565040982036e-4
506375,2,-0.031348191943329336
506375,3,0.038522575986067044
506375,4,0.01624149577376866
506375,5,0.020375766556849473
506375,6,0.029095988914238466
506375,7,-0.03232682090582716
506375,8,-0.014714197232287281
506375,9,-0.043165325532633574
506375,10,0.036360313815487745
506375,11,0.004783339215452649
507329,1,-0.007168222581872766
507329,2,0.12922726337871948
507329,3,0.06852404891419478
507329,4,-0.009648629589234384
507329,5,-0.05381978017700062
507329,6,0.010730689830974822
507329,7,0.020695949737827596
507329,8,-0.017576110727935034
507329,9,-0.019386674461709906
507329,10,4.317940959546714e-4
507329,11,-0.0021788201859831375
508373,1,-0.006371911586004558
508373,2,0.0027503380269397622
508373,3,-0.011086849262012153
508373,4,0.004484212997883853
508373,5,0.030474024951988313
508373,6,0.021529563189428308
508373,7,-0.012217960838259184
508373,8,0.031760419392505235
508373,9,-0.03881023793720693
508373,10,0.0014185040064942167
508373,11,0.015951983843168253
508426,1,0.14859208920237524
508426,2,0.10876949238280006
508426,3,0.023463453200955296
508426,4,-0.07360129473990697
508426,5,0.012736338636845222
508426,6,0.1320103047101866
508426,7,0.013389212501520255
508426,8,-0.06347038133371101
508426,9,0.12712738583665914
508426,10,-0.08981292484650566
508426,11,0.04606957297117677
509618,1,-0.006991569750238234
509618,2,0.09990319064778688
509618,3,0.0526607589162207
509618,4,-0.004157663976215042
509618,5,-0.06470462530141571
509618,6,-0.004368467428607133
509618,7,0.04990858080463461
509618,8,-0.040596087850295885
509618,9,-0.05505329718153501
509618,10,0.04492839859759334
509618,11,0.0725178008023261
510586,1,0.016230538311044682
510586,2,0.002889788019207802
510586,3,-0.02285237124110663
510586,4,-0.011101682754269778
510586,5,0.01438273394069187
510586,6,0.041884110919952484
510586,7,0.009547428344253902
510586,8,0.0183407344715557
510586,9,0.01892818530436618
510586,10,0.03859796307342645
510586,11,0.00388639741272903
511356,1,0.14890506561033473
511356,2,-0.00625979883533588
511356,3,-0.041819141456995564
511356,4,-0.07984376680046147
511356,5,0.0460424914999346
511356,6,0.10515983587205034
511356,7,0.032687239646789094
511356,8,-0.012013539992838579
511356,9,0.14942328323989748
511356,10,-0.08668169117703856
511356,11,0.01689677242715666
511897,1,0.14297726360886498
511897,2,0.10618136640454268
511897,3,0.022841679473330392
511897,4,-0.0525915432211984
511897,5,0.02156841103391843
511897,6,0.14363948496476645
511897,7,0.021377596729871308
511897,8,-0.06524753573916321
511897,9,0.10740799467298633
511897,10,-0.0809157313532183
511897,11,0.008692564374409125
512067,1,0.15105779290476415
512067,2,-0.008205759141557184
512067,3,-0.038707929365504774
512067,4,-0.07121745402499322
512067,5,0.05202022243482696
512067,6,0.1269077364040019
512067,7,0.04128444783313398
512067,8,-0.05077284404612319
512067,9,0.11635454679597869
512067,10,-0.02337414080073213
512067,11,0.035232846140932465
513980,1,6.424910044027928e-4
513980,2,0.09668837837283784
513980,3,0.05803303444023255
513980,4,-0.023289149381938698
513980,5,-0.052425548425472736
513980,6,0.023120769545766452
513980,7,0.0780062938218023
513980,8,-0.04559930553770386
513980,9,-0.06438296632114872
513980,10,0.10080737862655442
513980,11,0.09511982079908922
516012,1,-0.006509486574181433
516012,2,0.005167974894048509
516012,3,0.002176519561122365
516012,4,-0.003214811806855667
516012,5,0.024789315626644545
516012,6,0.03569443863333765
516012,7,-0.0158900857099143
516012,8,7.251445334922874e-4
516012,9,-0.022761451347605488
516012,10,0.021528409530664937
516012,11,0.006032155932628103
517857,1,0.1393957692009721
517857,2,0.002627293064738073
517857,3,-0.03036333527444282
517857,4,-0.029804802826597844
517857,5,0.06634455924044379
517857,6,0.19007837250912177
517857,7,0.018813230375917357
517857,8,-0.04279266444422813
517857,9,0.08222377056669414
517857,10,0.1160597184026338
517857,11,-0.026375010579350027
519697,1,-0.01957376198482266
519697,2,0.12589947081873717
519697,3,0.06659704655439037
519697,4,-0.003871777859854007
519697,5,-0.05918996404535524
519697,6,-0.08252216127661598
519697,7,0.05901334724872715
519697,8,-0.15650934145068726
519697,9,0.053146071092907726
519697,10,0.029832411967820504
519697,11,-0.18170617336424863
520723,1,-0.006960611684789771
520723,2,-0.014756513146569906
520723,3,-2.4496729313212747e-4
520723,4,-0.028279104339464803
520723,5,-0.016084794036095612
520723,6,-0.00703828420706452
520723,7,0.035409726770764954
520723,8,0.07289963960329299
520723,9,-0.01718176309633027
520723,10,0.04343670480651339
520723,11,-0.06395057792749038
521770,1,0.010345956554499262
521770,2,0.09863678639672921
521770,3,0.06373349424961125
521770,4,-0.01940036242492257
521770,5,-0.04285663804516356
521770,6,0.02690704577987581
521770,7,0.04424454181283352
521770,8,-0.04428950792294833
521770,9,-0.009509459933648611
521770,10,0.0761844676566276
521770,11,0.08797260653235929
521982,1,0.007293404549945044
521982,2,-0.0013831845631626044
521982,3,0.002223913003632285
521982,4,0.008918112480452984
521982,5,0.004066405939286268
521982,6,-0.019527635811209157
521982,7,3.183834116401843e-4
521982,8,0.024668395796754058
521982,9,6.003406169431166e-4
521982,10,0.016662495616923297
521982,11,-0.0072861832966124584
523267,1,-0.003183997025247556
523267,2,0.1168701011070819
523267,3,0.07690840148125784
523267,4,-0.008894944745846265
523267,5,-0.04776286969169993
523267,6,-0.02947727055841954
523267,7,0.021326388244880635
523267,8,-0.03840612805138476
523267,9,-0.005559512961731849
523267,10,0.007258593980635152
523267,11,0.00825259940268024
526252,1,0.004495164711416944
526252,2,-0.03990139973826604
526252,3,0.07488028962756932
526252,4,-0.06811126761547323
526252,5,-0.056875234671943234
526252,6,0.11942267921893979
526252,7,0.08765348280823192
526252,8,-0.04297766237043455
526252,9,0.014707604829320882
526252,10,-0.028525731553004433
526252,11,-0.11739945148794265
526276,1,-7.349791317112561e-4
526276,2,0.09797173412558263
526276,3,0.0571697056010232
526276,4,-0.0071703210857375745
526276,5,-0.043987492537163775
526276,6,0.03492712545084282
526276,7,0.09899942080171714
526276,8,-0.026819921830414532
526276,9,-0.04506436362690852
526276,10,0.0910058152710898
526276,11,0.06475250228244082
526766,1,-0.009626436711061835
526766,2,-0.009135574148377065
526766,3,-0.027305075914769175
526766,4,0.038656204467329675
526766,5,-0.03374383487908487
526766,6,-0.13761477722016965
526766,7,2.7411741950775193e-4
526766,8,-0.1081486638087521
526766,9,0.050764211300111745
526766,10,0.024873061169400343
526766,11,0.019328311943068718
527495,1,0.15376061909545868
527495,2,-0.002977700580487289
527495,3,-0.05321126502209811
527495,4,-0.07990318725992501
527495,5,0.053118857491607184
527495,6,0.12635981886349396
527495,7,0.05456719859603546
527495,8,-0.06505784539873538
527495,9,0.12481362985980725
527495,10,-0.0373055499772867
527495,11,0.06572305248371024
527676,1,0.0016303728299003925
527676,2,0.09780069217263201
527676,3,0.0717193831679788
527676,4,-0.011746684747909216
527676,5,-0.06356365002816061
527676,6,0.039703932603179275
527676,7,0.08214330439691171
527676,8,-0.06545327551531718
527676,9,-0.02984336593672689
527676,10,0.08186107846875224
527676,11,0.07376878277217942
528866,1,0.1254787658941283
528866,2,0.07529666173433423
528866,3,0.013272567641111883
528866,4,-0.05218139928132251
528866,5,-0.030251603651353497
528866,6,0.08431454178572112
528866,7,0.1799046576678877
528866,8,0.09465130905123216
528866,9,0.17496057839857967
528866,10,0.05495445702206616
528866,11,0.022958104526976452
528873,1,0.006258848551278293
528873,2,-0.020147169849358094
528873,3,0.0037669639149139206
528873,4,0.019845087661755474
528873,5,-0.023306594316675498
528873,6,-0.06265623363043389
528873,7,0.014308886848302359
528873,8,0.09755178945144793
528873,9,0.009068322650989018
528873,10,0.09207561601096692
528873,11,-0.05748872063286713
529389,1,-0.026067418038350547
529389,2,0.012314790616390014
529389,3,-0.04166558311537016
529389,4,-0.013064460956803359
529389,5,-0.01901533927736544
529389,6,-0.09851458828555593
529389,7,0.04907700520767122
529389,8,-0.15170248124560587
529389,9,0.09194485595541374
529389,10,0.013322755541354547
529389,11,-0.217579805624523
529615,1,0.08901576173573852
529615,2,0.06667840355103231
529615,3,-0.017013612657544187
529615,4,-0.15978054604886122
529615,5,0.02364204711419433
529615,6,0.05403888481329223
529615,7,0.029317102033567813
529615,8,-0.2916469629041923
529615,9,0.12179301783549502
529615,10,-0.054889388220169415
529615,11,-0.05030399879511573
530260,1,-0.0033536714580506078
530260,2,-0.0031766517866328374
530260,3,0.010144462065619388
530260,4,0.011585464835858598
530260,5,-0.02185556035078857
530260,6,0.017100386932816552
530260,7,-0.033419037888954214
530260,8,-0.030951925905595125
530260,9,-0.0038318938758150904
530260,10,-0.013957328973211119
530260,11,0.15755924102744143
530310,1,0.02374080529148971
530310,2,-0.0011445723203745595
530310,3,-0.0078054694444747675
530310,4,-0.02370502729996145
530310,5,0.014894671796287378
530310,6,-0.06493203643419798
530310,7,0.08861523096648138
530310,8,-0.021740488040815572
530310,9,0.013887368006471482
530310,10,-0.19095961874098014
530310,11,0.06032266666347314
530812,1,-0.00486575509477556
530812,2,0.08958938418281631
530812,3,0.061195876759357615
530812,4,-0.0282066696513997
530812,5,-0.059548671999654114
530812,6,0.007345110973411478
530812,7,0.06834328810904547
530812,8,-0.03737526216420095
530812,9,-0.06580392230389683
530812,10,0.08469734706139906
530812,11,0.059716522922050604
530838,1,-0.0051694600548957545
530838,2,0.007334694907083634
530838,3,-5.528089984984621e-4
530838,4,0.014465328501148211
530838,5,4.6127141109776626e-4
530838,6,0.004052677711660183
530838,7,0.03264028511929169
530838,8,-0.03763075235426508
530838,9,0.02973864108841111
530838,10,0.04052620923853216
530838,11,-0.0369593401332078
531174,1,0.10939424076612093
531174,2,0.0021247748754985724
531174,3,-0.04094777491407068
531174,4,-0.09664300943538451
531174,5,0.09978313286746833
531174,6,0.07295297914412699
531174,7,-0.1282770750701756
531174,8,-0.12141037261729964
531174,9,0.13111775461686165
531174,10,-0.21924546480802334
531174,11,-0.0137438966407255
531221,1,0.01615621198379767
531221,2,-0.013935656410129608
531221,3,0.027303233179301105
531221,4,-0.029864183233076567
531221,5,-0.0732559765080552
531221,6,-0.04036243322510753
531221,7,-0.05600450265048197
531221,8,0.009929763894673361
531221,9,0.14122735233884734
531221,10,0.04497766286595045
531221,11,0.037326329441593
531978,1,0.015909375190588465
531978,2,-0.01029596845458595
531978,3,0.0201897538076236
531978,4,-0.036474617205362984
531978,5,-0.07531852887407745
531978,6,-0.04480354936354755
531978,7,-0.042331228029500664
531978,8,0.011960813740959487
531978,9,0.11770322187888066
531978,10,0.03243252531841263
531978,11,0.04533166828999518
532059,1,0.009527981662054964
532059,2,-0.004255611755843345
532059,3,0.01409821576278511
532059,4,-0.030274793135455454
532059,5,-0.06903814375089297
532059,6,-0.021354915998206866
532059,7,-0.025791573516295938
532059,8,0.010690862832947002
532059,9,0.16302413745243574
532059,10,0.06045793561753123
532059,11,0.07422249280289517
532068,1,0.011129587134136632
532068,2,0.006208396370378892
532068,3,0.007270483655648882
532068,4,-0.043962291395237524
532068,5,-0.09073285770821937
532068,6,-0.056403168968061
532068,7,-0.046660545856700965
532068,8,-0.021574391177043916
532068,9,0.17336544108886398
532068,10,-0.02614898559069792
532068,11,0.10632403408106206
532103,1,0.01276199908320538
532103,2,-0.01354261182088729
532103,3,0.017721226149867698
532103,4,-0.032846240879281306
532103,5,-0.056723603161807974
532103,6,-0.047087550397166736
532103,7,-0.031073617334565908
532103,8,0.028788512803836912
532103,9,0.14597734080536082
532103,10,0.05103281935363717
532103,11,0.07626872187311458
532207,1,0.0019244777058841736
532207,2,-0.031224064320198478
532207,3,0.055476458363484
532207,4,0.021021601279688152
532207,5,0.010726156938509469
532207,6,0.048582382214273884
532207,7,-0.049604427829513305
532207,8,-0.05351422019727666
532207,9,-0.06719502486222809
532207,10,0.044703984317400504
532207,11,-0.004597381213904488
532332,1,-2.341439603758106e-4
532332,2,0.09366535031526226
532332,3,0.0632355928286913
532332,4,-0.0164401108795091
532332,5,-0.055799619568959
532332,6,0.043482801642506015
532332,7,0.06423500589702089
532332,8,-0.04017447699229418
532332,9,-0.018516254329766415
532332,10,0.09415649641577153
532332,11,0.04811759299002121
532794,1,-0.001325583976882036
532794,2,-0.01073511278285563
532794,3,-0.0012197846876996485
532794,4,0.027105709707189833
532794,5,-0.014932394406061688
532794,6,-0.05664692567321772
532794,7,-0.021184962192490154
532794,8,-0.06610657238218708
532794,9,0.014891876668064786
532794,10,0.04713182878379148
532794,11,0.01718910555373117
532805,1,0.015316843291841123
532805,2,-0.008104555702715253
532805,3,0.018231675862369446
532805,4,-0.03543434510872033
532805,5,-0.08088713353392349
532805,6,-0.048816812192336585
532805,7,-0.05447154669726608
532805,8,0.0269175249812753
532805,9,0.16134755662876782
532805,10,0.059534974488688004
532805,11,0.08335315931383672
532897,1,0.02198596214633882
532897,2,0.002597531670305413
532897,3,0.03805302649405656
532897,4,-0.030464682011069878
532897,5,-0.08105789507739979
532897,6,-0.030664365320079517
532897,7,-0.06080866817464894
532897,8,0.018654914224895968
532897,9,0.13035354486772566
532897,10,0.04952299184949089
532897,11,0.06796491555407509
532925,1,0.00949415826991847
532925,2,0.003413040098797692
532925,3,0.02482519873688939
532925,4,-0.01835356012307818
532925,5,-0.08503763958083604
532925,6,-0.032104396468966886
532925,7,-0.054492146829874806
532925,8,0.018874826649163273
532925,9,0.15922209266449133
532925,10,0.03867909484272833
532925,11,0.06487943605044928
533889,1,0.0059343417308045515
533889,2,-0.005001494242533988
533889,3,0.01325677780448464
533889,4,-0.02164440192831697
533889,5,-0.04922272471883963
533889,6,-0.05885752601155835
533889,7,-0.03385527958393061
533889,8,0.022760875917532758
533889,9,0.11625086567320411
533889,10,0.03426563124406762
533889,11,0.07920975652901917
533925,1,-0.009626170665356868
533925,2,0.003799673043398449
533925,3,0.029229001337550884
533925,4,-0.003919906537024275
533925,5,0.019039171867586968
533925,6,-0.04751200360739804
533925,7,0.0019136410654335108
533925,8,0.10965793410574286
533925,9,0.016050701620452888
533925,10,0.041081491424623084
533925,11,0.01944992900443958
534413,1,-0.008339699718168966
534413,2,4.734008854380952e-4
534413,3,0.012849202296273775
534413,4,-0.018630344516133886
534413,5,-0.005254280797960415
534413,6,-0.05685250628594984
534413,7,-0.006333442072253711
534413,8,0.06980541819578313
534413,9,0.01256313267989116
534413,10,0.0030418495353194764
534413,11,0.03754742973828644
534563,1,0.009163422585907558
534563,2,-0.020524511354218213
534563,3,0.005221590808414809
534563,4,-0.026042073955775107
534563,5,-0.07108018317754086
534563,6,-0.019514921907207126
534563,7,-0.040032640578604846
534563,8,-0.03195493928456106
534563,9,0.1823079153297451
534563,10,0.052919354348538256
534563,11,0.016487941207118148
535141,1,-0.012609794361152074
535141,2,-0.003993685949457934
535141,3,-0.012136996483086773
535141,4,0.001105425336932408
535141,5,0.02134716389131828
535141,6,0.008996503951359466
535141,7,0.00404495888824098
535141,8,0.014112169997884717
535141,9,-0.010836686548268032
535141,10,0.02925379051893476
535141,11,0.010144211034523383
535497,1,0.011799071718717595
535497,2,-5.526725191629115e-4
535497,3,0.01970405801248332
535497,4,-0.015894196570422896
535497,5,-0.09453281248076723
535497,6,-0.04970516782286081
535497,7,-0.06108347668268107
535497,8,0.01880525044254755
535497,9,0.18489083859392969
535497,10,0.029960376774467782
535497,11,-0.0019468360169113855
536429,1,-0.007190888988478984
536429,2,-1.8465316962858105e-4
536429,3,-0.03973663599297789
536429,4,0.038633939130902586
536429,5,-0.004512045988891195
536429,6,-0.14660212962882185
536429,7,0.02733582579984639
536429,8,-0.1309085420692186
536429,9,0.034312628508496645
536429,10,-0.02668973034971004
536429,11,0.04843795872497924
536536,1,-0.0175543557388856
536536,2,0.0020020736597457693
536536,3,0.024708889218089853
536536,4,-0.07846813395302041
536536,5,0.03676925745322783
536536,6,-0.02578690846268197
536536,7,-0.029196084624070417
536536,8,-0.104605093115979
536536,9,-0.02670917060626457
536536,10,-0.08348342836578722
536536,11,0.0031615699597914793
536763,1,-0.08572815579263925
536763,2,0.11053637368082213
536763,3,-0.12134455830430796
536763,4,-0.17063035105644483
536763,5,0.09922741655441526
536763,6,0.04862408832010226
536763,7,-0.005115451765404407
536763,8,0.05400585791707022
536763,9,0.08613419847190347
536763,10,0.042685382678159814
536763,11,0.004892835832610297
536785,1,-0.007682427825501645
536785,2,0.01694365813014647
536785,3,0.013839814048591947
536785,4,-0.11020390108768854
536785,5,0.05456698942889789
536785,6,-0.051087839055990195
536785,7,-0.041743163096534
536785,8,-0.12673159234512552
536785,9,-0.056946739641096485
536785,10,-0.030847391584925013
536785,11,-0.02568350961473414
536859,1,-0.09104131762373997
536859,2,0.11366469852363617
536859,3,-0.13890266285517652
536859,4,-0.15283906259231717
536859,5,0.05913692535980425
536859,6,0.033280175819212096
536859,7,0.0025519822043640664
536859,8,0.08574826803105828
536859,9,0.057508812032762584
536859,10,0.0292038120176245
536859,11,-0.019186626284143284
537075,1,0.027799780869270704
537075,2,-0.10652564157124599
537075,3,0.20116625313498496
537075,4,-0.1573520961503133
537075,5,0.06094659874298416
537075,6,-0.08086107925220498
537075,7,0.1967755375502657
537075,8,0.0879010592398833
537075,9,0.02986072124124175
537075,10,0.0035390560900701237
537075,11,-0.08738902335783272
537079,1,-0.08664986703311255
537079,2,0.10806045744625306
537079,3,-0.1272990439841205
537079,4,-0.16934200750709744
537079,5,0.0836586733682952
537079,6,0.04930039340474092
537079,7,0.02684522317898482
537079,8,0.0446522314361341
537079,9,0.09193098467938432
537079,10,0.04533301145702037
537079,11,0.0185906868118212
537276,1,-0.01781512682799512
537276,2,0.0016564980440857528
537276,3,-0.005235178955332384
537276,4,-0.08494613367460581
537276,5,0.05608597876855746
537276,6,-0.05569570886668192
537276,7,-0.00715720555857623
537276,8,-0.06837745515818142
537276,9,-0.0777030852798797
537276,10,-0.06978062052940814
537276,11,0.03455771329194705
537438,1,-0.021781336252255354
537438,2,0.021105801675248292
537438,3,0.003241910392389532
537438,4,-0.08786567332183089
537438,5,0.054822652695429006
537438,6,-0.04708223872149376
537438,7,-0.03964164910350244
537438,8,-0.11143856836223917
537438,9,-0.05532725103710491
537438,10,-0.028509254734504424
537438,11,-0.030632507901353176
537678,1,-0.09002829809523769
537678,2,0.1080525538945297
537678,3,-0.1270001321488976
537678,4,-0.15977094700051533
537678,5,0.08550434366356947
537678,6,0.03980205625172153
537678,7,0.046984666893755286
537678,8,0.05335219530616068
537678,9,0.1057699216055262
537678,10,0.026490075131061785
537678,11,-0.0172303780222223
538203,1,0.02060245662016819
538203,2,-0.09496945959885329
538203,3,0.20172236785089812
538203,4,-0.1439762170454294
538203,5,0.060569518979025704
538203,6,-0.10436772945502788
538203,7,0.199102800869694
538203,8,0.1324521679499554
538203,9,-0.01006205349663886
538203,10,-0.03301771229863489
538203,11,-0.07562784334387816
538230,1,-0.09477935623129663
538230,2,0.10817863320707638
538230,3,-0.15598959254993855
538230,4,-0.16847047967733428
538230,5,0.07667543917696619
538230,6,0.0194226493776195
538230,7,0.0040305704167433445
538230,8,0.0645062800280812
538230,9,0.01941797139295182
538230,10,0.04685946345750727
538230,11,-0.004664906820529235
538235,1,-0.014434241198552097
538235,2,0.0017098218466024863
538235,3,7.162981258110324e-4
538235,4,-0.09783274522226208
538235,5,0.043592179310112555
538235,6,-0.0580949216381519
538235,7,-0.043853971260889565
538235,8,-0.13309996334145338
538235,9,-0.06453388481263957
538235,10,-0.0743084863901565
538235,11,0.042265161508153716
538247,1,0.02444651927418894
538247,2,-0.10960963147725376
538247,3,0.1997441444124095
538247,4,-0.14958041286010704
538247,5,0.0633591259914104
538247,6,-0.0911961936501667
538247,7,0.18718150464719663
538247,8,0.13282946877115495
538247,9,0.03262900668741309
538247,10,-0.020126701398813448
538247,11,-0.05547744544308245
538418,1,0.01430060143166921
538418,2,0.0022851206543038623
538418,3,-0.018527427381985078
538418,4,0.041054822974639686
538418,5,0.0038049622499037304
538418,6,0.008802222037749724
538418,7,3.267506042232403e-4
538418,8,0.04817368370353545
538418,9,0.038780209577174804
538418,10,0.0752723646445753
538418,11,-0.011365858224004101
538814,1,-0.008214963007612675
538814,2,0.001758032743769077
538814,3,-0.03322411931998624
538814,4,-0.026327376908983235
538814,5,-0.016821795489581515
538814,6,0.054293482502215336
538814,7,0.027787380597057067
538814,8,0.032909243461935266
538814,9,0.00830827584140375
538814,10,0.04229863924315412
538814,11,0.00684028349561671
538829,1,0.07011625516030792
538829,2,-0.09991451231972215
538829,3,0.18411576330983062
538829,4,-0.19660828420304854
538829,5,0.06610628989094317
538829,6,-0.03446707116320562
538829,7,-0.003991016817468266
538829,8,0.045970280944562916
538829,9,-0.11551554853829937
538829,10,0.07396305517656505
538829,11,-0.1023660276906186
538868,1,-0.007994271554335105
538868,2,-0.023116263171318194
538868,3,0.0055813919959513915
538868,4,0.0015543710965243182
538868,5,0.0012974127121996055
538868,6,0.01997270841719712
538868,7,-0.039908537056420175
538868,8,-0.029580447196105898
538868,9,0.01146087718341983
538868,10,-0.019892186390350067
538868,11,0.18045134918870173
539018,1,0.031532435211581944
539018,2,-0.1201584345484232
539018,3,0.14366574120414985
539018,4,-0.1597583623212269
539018,5,0.006414842892573961
539018,6,-0.15254184189597175
539018,7,-0.06775450375434164
539018,8,-0.1249705659367922
539018,9,0.015087582904493012
539018,10,0.07303006935006322
539018,11,0.06462497811966884
539123,1,0.05236465245148278
539123,2,-0.12458817365091683
539123,3,0.18832736462782995
539123,4,-0.19174143270837216
539123,5,0.031917928378553645
539123,6,-0.05029543261289445
539123,7,-0.06479479222186403
539123,8,0.03045887392254775
539123,9,-0.0813516455343524
539123,10,0.03707787882399807
539123,11,0.013910657327841826
539363,1,-0.09387254389768335
539363,2,0.11327458873299888
539363,3,-0.13859890508097567
539363,4,-0.15952811859352461
539363,5,0.07405544445194097
539363,6,-0.0019424484519898594
539363,7,0.004689696529638145
539363,8,0.07451784121741988
539363,9,0.055266724120922345
539363,10,0.010540716032708286
539363,11,0.0033497667916010396
539572,1,0.05366982899216881
539572,2,-0.11220514250974412
539572,3,0.18050987514265449
539572,4,-0.18851248277056973
539572,5,0.06598376493627031
539572,6,-0.0667167073796253
539572,7,-0.04215700881624924
539572,8,0.05934792397227297
539572,9,-0.061218680883429626
539572,10,0.06881230731291607
539572,11,-0.08580090145420669
539650,1,-0.014349665244756152
539650,2,0.00865127285528915
539650,3,0.023596891833801675
539650,4,-0.08235483101513598
539650,5,0.054451237124477726
539650,6,-0.05074981127567174
539650,7,-0.03999548588120816
539650,8,-0.10659471255417317
539650,9,-0.05710292078180108
539650,10,-0.02603640617236374
539650,11,0.005800834889787663
539833,1,-0.019263464921767254
539833,2,0.010071030403370667
539833,3,0.002325034049714269
539833,4,-0.12231621350196381
539833,5,0.06104023599527643
539833,6,-0.009559408083093099
539833,7,-0.03200754324551001
539833,8,-0.0896192317014218
539833,9,-0.05728627846425765
539833,10,-0.06937700917497651
539833,11,0.030557185061957506
539878,1,0.024514786170746185
539878,2,-0.1208071468668602
539878,3,0.12750626765910927
539878,4,-0.1904762991793034
539878,5,0.050027009803675956
539878,6,-0.06246156519261634
539878,7,-0.09697770882408883
539878,8,-0.003409873103928459
539878,9,-0.014079118610002984
539878,10,0.09663281296635999
539878,11,0.1604666717973089
539926,1,-0.07558233136332528
539926,2,0.11886303824490095
539926,3,-0.11238329536859676
539926,4,-0.1298983499043725
539926,5,0.04024497776792643
539926,6,0.10458546135645354
539926,7,0.03308261980474216
539926,8,0.03494985370728899
539926,9,-0.027806791810713175
539926,10,-0.0049295328884066125
539926,11,-0.12857704599992684
540747,1,-0.020722320601186988
540747,2,0.006374619104821118
540747,3,0.013042944249081662
540747,4,-0.12530178791228586
540747,5,0.060861220933011786
540747,6,0.025087160451674455
540747,7,-0.03530597666892546
540747,8,-0.05966177775375864
540747,9,-0.0868711233182325
540747,10,-0.08497370767935339
540747,11,0.03723122660098904
540987,1,-0.005161823143336399
540987,2,-0.10044731701741562
540987,3,0.14658634876364893
540987,4,-0.09884443970416333
540987,5,-0.011766465714402104
540987,6,0.10811772341112881
540987,7,0.10103615698996052
540987,8,0.028698479325158344
540987,9,0.03641733301832498
540987,10,0.06816349069843189
540987,11,-0.18578277164357837
541262,1,-0.09166784690333135
541262,2,0.12116485769761015
541262,3,-0.15574839450775096
541262,4,-0.12138758465457472
541262,5,0.050764754008098996
541262,6,-0.07209456106511414
541262,7,-0.006496439907298879
541262,8,0.08580589621599917
541262,9,-0.05866253652469662
541262,10,0.06735743044939692
541262,11,0.009617164242436266
541335,1,-0.09159420868952743
541335,2,0.12850740139978353
541335,3,-0.15256567525406686
541335,4,-0.12263054264990603
541335,5,0.05628940246485135
541335,6,-0.07504011996676488
541335,7,0.002386862866981847
541335,8,0.09361140123521405
541335,9,-0.04877392401071946
541335,10,0.07753264456561913
541335,11,0.004265172777889245
541589,1,0.04910167529753849
541589,2,-0.13032589234372477
541589,3,0.16664323113503518
541589,4,-0.18901533224042047
541589,5,0.03937961950178475
541589,6,-0.04625795658606299
541589,7,-0.06837078594112271
541589,8,0.020000476358861964
541589,9,-0.09868066414119983
541589,10,0.05356349014662649
541589,11,0.05061111583784033
541855,1,-0.02170713185788868
541855,2,0.012271841988690082
541855,3,0.009270428374928611
541855,4,-0.11933205786777736
541855,5,0.07548445503569731
541855,6,-0.0065181085721264746
541855,7,-0.02728000234314441
541855,8,-0.07258655426413954
541855,9,-0.07692795265140169
541855,10,-0.05961068821507229
541855,11,-0.04173980983538389
542336,1,9.643907293250442e-4
542336,2,0.08248488424592211
542336,3,0.0475915918286567
542336,4,-0.017415574911398776
542336,5,-0.0706411108706389
542336,6,0.029184275033971436
542336,7,0.05820482195793177
542336,8,-0.04976008640246318
542336,9,-0.025750947251686317
542336,10,0.058280443320786295
542336,11,0.05927592514126944
542674,1,-0.06510620798985776
542674,2,0.0420221396268463
542674,3,-0.022138662772630855
542674,4,-0.13803703663595085
542674,5,0.027898248785714147
542674,6,0.03921471555915501
542674,7,0.03206060915790304
542674,8,0.053305246431927585
542674,9,-0.012355875890700032
542674,10,0.052128965128793815
542674,11,-0.07768081012797876
542700,1,-0.002285602350156036
542700,2,-0.022673292967439387
542700,3,0.014560356183041257
542700,4,-0.008008831115886314
542700,5,0.01609581346432227
542700,6,0.0016926097217560543
542700,7,-0.034122525690679306
542700,8,-0.0572310106190022
542700,9,0.01179136321509868
542700,10,-0.03916492458468509
542700,11,0.1936120623273189
542769,1,0.002502500814716907
542769,2,0.017971003835599606
542769,3,-0.017343308253090526
542769,4,0.008698576206848191
542769,5,0.013875689514995055
542769,6,0.00831474379608219
542769,7,0.010010359407637216
542769,8,0.012657814258460515
542769,9,-0.006333608036761359
542769,10,0.04251242504811532
542769,11,-0.026391693180250177
542863,1,-0.08513319445230705
542863,2,0.12685033379093474
542863,3,-0.14538802041675297
542863,4,-0.13543393237231255
542863,5,0.0710812284421538
542863,6,-0.0885499731135162
542863,7,-0.0033783474322890907
542863,8,0.049721434570667494
542863,9,-0.04142062874906281
542863,10,0.058371893017178045
542863,11,0.008305942099083377
543286,1,-0.01785700959233046
543286,2,0.0021214640904880424
543286,3,0.030050923153269737
543286,4,-0.08545215494775718
543286,5,0.03872785201762061
543286,6,-0.05167206796060184
543286,7,-0.06390148986578101
543286,8,-0.11752913220670562
543286,9,-0.07396808816768788
543286,10,-0.06751387863386434
543286,11,0.03642963778787261
543293,1,-0.0047372192283383335
543293,2,-0.007843273790038933
543293,3,-0.0069382449783894126
543293,4,0.003600435421399719
543293,5,-0.021570818815654157
543293,6,-0.05579339890674061
543293,7,0.002763072191701938
543293,8,-0.05631570503556828
543293,9,0.025876754275935034
543293,10,0.04370366471320822
543293,11,-0.0013441006931752448
543301,1,-0.008571096811165474
543301,2,-0.010589745646093133
543301,3,0.0029811321589601697
543301,4,-0.10123119084043126
543301,5,0.04261438845336555
543301,6,-0.060050976460084615
543301,7,-0.022260391349176786
543301,8,-0.11088144441392425
543301,9,-0.060720492756188724
543301,10,-0.067693820209140207
543301,11,0.02396708995623568
543616,1,0.03183960800920817
543616,2,-0.019149734266074008
543616,3,0.0032860822036935577
543616,4,0.19965215691309834
543616,5,-0.13436021263907783
543616,6,0.06002956062346221
543616,7,0.04182082074144615
543616,8,-0.08194152081604833
543616,9,-0.07151024270035243
543616,10,-0.07214400707248675
543616,11,-0.032225891881537974
543638,1,-0.01481127182525346
543638,2,0.00238062057321808
543638,3,0.016833888112140535
543638,4,-0.07874643225925018
543638,5,0.040893246684372615
543638,6,-0.04978859694067373
543638,7,-0.059698748814833294
543638,8,-0.08619055370612463
543638,9,-0.05388871800086848
543638,10,-0.02800994833299295
543638,11,0.017547589638292265
543744,1,-0.08596132249165304
543744,2,0.12746693062366438
543744,3,-0.13898651474536966
543744,4,-0.11903273420162132
543744,5,0.06245604708960909
543744,6,-0.04525372510223506
543744,7,-0.013430295768694412
543744,8,0.07897610788704794
543744,9,-0.048198225852218196
543744,10,0.08696127889943457
543744,11,0.014952158767146178
544015,1,-0.010018152486649792
544015,2,-0.008464786671366265
544015,3,-0.021794400536898524
544015,4,0.061454586749939234
544015,5,-0.014975485680681121
544015,6,-0.12225063150460863
544015,7,0.002072244590545953
544015,8,-0.20181339130447626
544015,9,0.03459148645592013
544015,10,0.03879768655576406
544015,11,0.01582272274653877
