SNP_ID,PC,loading
471125,1,-0.019820441488731966
471125,2,0.10823718642403975
471125,3,0.1290452109632237
471125,4,0.05087346366110487
471125,5,-0.008384224239537996
471125,6,-0.004605058509402918
471125,7,0.01989971295299491
471125,8,0.024134435555952738
471125,9,-0.006205931828855378
471125,10,0.011573672269549876
471125,11,-0.02562966621256943
471553,1,-0.008060696058434846
471553,2,-0.07962016643952008
471553,3,0.056763072580632165
471553,4,-0.06390679898347637
471553,5,-0.3228106762922369
471553,6,-0.30134120108540874
471553,7,0.06502860060085283
471553,8,-0.028060874164481248
471553,9,0.0036268246665035683
471553,10,0.024165941364111806
471553,11,0.047964822920462745
472727,1,-0.008730785724466228
472727,2,0.11723921132963003
472727,3,0.11400048240173055
472727,4,0.06364935699187663
472727,5,-0.013307399782110096
472727,6,-0.0319436226255803
472727,7,0.015062551683043426
472727,8,0.018072716909368042
472727,9,0.008047379020053688
472727,10,0.01402396992510681
472727,11,-0.045489243133152224
473592,1,0.17548573150494207
473592,2,0.05079754351307331
473592,3,-0.08981883681076377
473592,4,-0.027417360821911943
473592,5,-0.02459152826296046
473592,6,0.05447236041576353
473592,7,0.0573138804251143
473592,8,-0.0784135457222851
473592,9,0.03592959827261012
473592,10,0.01592128243041903
473592,11,-0.0018331436477631302
473846,1,0.007926389392328915
473846,2,0.01374517872643044
473846,3,6.711654706094139e-4
473846,4,-0.03530413263241458
473846,5,-0.11523329299697606
473846,6,0.12110378406557809
473846,7,-0.03893731318135683
473846,8,0.03210517962105752
473846,9,-0.05062363570114108
473846,10,0.09202603710344176
473846,11,-0.03229437859503642
473902,1,0.15517963498467768
473902,2,0.1474370215307484
473902,3,0.04629698919370662
473902,4,0.031287535181343584
473902,5,-0.06294635260877612
473902,6,0.09768456320515431
473902,7,0.02674595562374423
473902,8,-0.10889987307503088
473902,9,-0.009744032419661468
473902,10,-0.041100576035344824
473902,11,-0.009800385125848562
474358,1,-0.020109837199380323
474358,2,0.10997979853237497
474358,3,0.13770255811396387
474358,4,0.05702649552810557
474358,5,-0.012004394801396411
474358,6,-0.008799947489141868
474358,7,0.03991803274402993
474358,8,0.015453670188754376
474358,9,0.010266660604077826
474358,10,8.059282170454901e-6
474358,11,-0.02872639291043459
476230,1,0.021018586432796513
476230,2,0.0037156057714529
476230,3,-0.007697705136353178
476230,4,0.010420389068143576
476230,5,0.028469216197915537
476230,6,-0.008704306276728302
476230,7,0.09622601732086372
476230,8,0.049870181938660635
476230,9,-0.01197018018753769
476230,10,0.06982660834196591
476230,11,0.05168279210415244
476285,1,0.15529372214533887
476285,2,0.15559590071292376
476285,3,0.04711233256640517
476285,4,0.028722339403087133
476285,5,-0.02972614741205315
476285,6,0.09515586568248835
476285,7,0.05349122145207966
476285,8,-0.12013115423002058
476285,9,0.01676443461049462
476285,10,-0.048434261624981594
476285,11,-0.030140768529165918
476469,1,-0.0065171236020818086
476469,2,0.04898209783075025
476469,3,0.0766201226683744
476469,4,0.016877804821778534
476469,5,-0.04123824070309142
476469,6,-0.04003882500012834
476469,7,-0.007521793908215252
476469,8,-0.04133704989715627
476469,9,0.00785771059607518
476469,10,-0.0895994846015794
476469,11,0.0018533555027350906
477165,1,-0.013547898084350706
477165,2,0.010134833674317879
477165,3,-0.005688828087184203
477165,4,0.011062582185752574
477165,5,0.052453099839979686
477165,6,-0.03860643956182608
477165,7,0.005482964155479036
477165,8,0.003306823953258431
477165,9,0.02224034609879584
477165,10,-0.007693473652676176
477165,11,-0.0012396188679846265
479319,1,0.18656515260839804
479319,2,0.052265054964004125
479319,3,-0.0816297626577638
479319,4,-0.026725017376576704
479319,5,-0.02620010700302834
479319,6,0.05912651405095776
479319,7,0.026663937946247815
479319,8,-0.10700866921520849
479319,9,0.04035290265808278
479319,10,-0.05181044950694391
479319,11,-0.017734211728488186
479450,1,0.06930768720906065
479450,2,0.028904353943424575
479450,3,-0.06260371683366962
479450,4,-0.04653142682049021
479450,5,-0.010829521708923373
479450,6,0.004002473473116108
479450,7,0.17244163505400018
479450,8,0.06045206027358096
479450,9,-0.10544918153377969
479450,10,0.06386174602757727
479450,11,-0.015251127210098553
480851,1,0.008590045659083579
480851,2,0.007274778246363799
480851,3,-0.02506469167384722
480851,4,-0.01507388333037051
480851,5,0.016120650115779518
480851,6,0.02143863184894381
480851,7,-0.046218185881905294
480851,8,0.03370772319140818
480851,9,0.04313483227413817
480851,10,0.05999350706469381
480851,11,0.029487682098365456
481193,1,-0.016126993578010704
481193,2,0.09336275556824274
481193,3,0.13138222004192857
481193,4,0.05530657619430921
481193,5,-0.03196047945516668
481193,6,0.006644997309150125
481193,7,0.018271891163721188
481193,8,-0.001456138736970397
481193,9,-0.0211732653646394
481193,10,0.0011054800719594304
481193,11,-0.015963521616550236
481929,1,-0.032727879546015935
481929,2,-0.03025367615999743
481929,3,0.07010980835032483
481929,4,0.050531049651277575
481929,5,0.1864377073570024
481929,6,-0.17037872552559558
481929,7,0.04827740726750618
481929,8,0.10487535802819943
481929,9,-0.0633232064337072
481929,10,0.04174209410862881
481929,11,-0.36988668959255644
483893,1,0.0030234977019617565
483893,2,-0.02603624521397054
483893,3,0.0120340886239093
483893,4,0.0038426777972324164
483893,5,0.008969547995467076
483893,6,0.037247379693516935
483893,7,0.02538645115158611
483893,8,-0.038446740046696036
483893,9,0.0469941855104572
483893,10,0.04513381978613329
483893,11,0.005873666515843146
483933,1,0.052368186382397035
483933,2,0.01454912655144007
483933,3,-0.011448605818537398
483933,4,-0.050351906205295414
483933,5,-0.041315176255645625
483933,6,-0.056813581097558144
483933,7,0.19322863533955945
483933,8,0.06926744715494099
483933,9,-0.09529880184287731
483933,10,0.041727326554379524
483933,11,0.021569968202268808
484732,1,-0.028249496670588146
484732,2,0.10542554912146901
484732,3,0.10555365634266174
484732,4,0.06835805321815171
484732,5,-0.019038855659526642
484732,6,0.0029313984087906077
484732,7,-0.02529757334310304
484732,8,0.0022102266289199344
484732,9,-0.008601918693819738
484732,10,0.01954466160676721
484732,11,-0.04917251984261037
484754,1,0.18333721190368085
484754,2,0.06492931245929275
484754,3,-0.08003207672527643
484754,4,-0.012471381947546996
484754,5,-0.03803889949730254
484754,6,0.061715199233965345
484754,7,0.04359644688079453
484754,8,-0.127989834307359
484754,9,0.020291330605966357
484754,10,-0.013438258244570511
484754,11,-0.01750295779305311
485321,1,-0.008527844402601546
485321,2,0.10486448330999312
485321,3,0.1250382354994246
485321,4,0.07144770826007417
485321,5,-0.004030359228852004
485321,6,-0.026270315922524146
485321,7,0.03963435835020675
485321,8,0.014413623804696865
485321,9,-0.030719833028601456
485321,10,0.001798572347014471
485321,11,-0.007722855487367175
486247,1,-0.035571319666220555
486247,2,0.10909082276647768
486247,3,0.10767834457670443
486247,4,0.03877242067835929
486247,5,-0.018420786167808238
486247,6,0.06037653063838809
486247,7,-0.0223589904941972
486247,8,0.12018232131662464
486247,9,0.0021406828039686014
486247,10,-0.08120409941860031
486247,11,0.2643573736205997
486549,1,-0.01387816969776614
486549,2,-0.008266489015188137
486549,3,-0.004764187843396577
486549,4,-0.03628803485629661
486549,5,0.00599970362034025
486549,6,0.04144417669728569
486549,7,0.014407851589709175
486549,8,0.0013269622223792824
486549,9,-0.04613325741763229
486549,10,0.06011309311398342
486549,11,0.12747278038708876
486581,1,4.47333718061892e-4
486581,2,-0.005205778974685697
486581,3,-0.01833195671515617
486581,4,0.01786980738675886
486581,5,0.0355072719118434
486581,6,-0.05538672468926488
486581,7,-0.02360901171946476
486581,8,-0.0427848498104662
486581,9,-0.005509196806991936
486581,10,-0.08443713482995645
486581,11,-0.016958811633977916
486612,1,-0.005362468744614213
486612,2,-0.017434536431479748
486612,3,-0.001787071115627027
486612,4,0.027596146651315146
486612,5,-0.054131854235223396
486612,6,0.0799995060085857
486612,7,0.0331127289567279
486612,8,0.034624454461701995
486612,9,0.03769166334045834
486612,10,-0.05369241938701237
486612,11,-0.05343451618846321
486714,1,-0.014253378202669736
486714,2,-0.020395096793950147
486714,3,0.057886993540546994
486714,4,-0.02741077732375177
486714,5,-0.04026098201768365
486714,6,-0.05682250496983602
486714,7,0.04666365209901156
486714,8,-0.06514447708857413
486714,9,-0.005836732511793689
486714,10,-0.12167424249968205
486714,11,0.0024025468166656797
486721,1,0.0024704459473958718
486721,2,9.825195420192433e-4
486721,3,-0.009480256039956832
486721,4,0.018230041219552538
486721,5,0.02556096267525132
486721,6,-0.055405516303935774
486721,7,-7.546336056490964e-4
486721,8,-0.03215861917000915
486721,9,-0.018647544322926927
486721,10,-0.03925559272107441
486721,11,0.02845333487874512
486727,1,3.25481745128095e-4
486727,2,0.00944932993930544
486727,3,-0.016847539054132357
486727,4,0.02302547104082465
486727,5,0.0355624376053539
486727,6,-0.060522810826749526
486727,7,0.008509841557635432
486727,8,-0.02617964962317043
486727,9,0.040637005531909846
486727,10,-0.03298437747569552
486727,11,0.004511045721152691
486742,1,-0.014668802174571283
486742,2,-0.032508974463087405
486742,3,-0.027921484870908647
486742,4,0.024758145355069303
486742,5,0.024081118639438466
486742,6,0.18920614086037918
486742,7,0.12043050153508329
486742,8,0.018889603188084803
486742,9,-0.14091233021153757
486742,10,-0.2147971953089179
486742,11,-0.2346108389277439
486755,1,-0.022964637581276367
486755,2,-0.008034656045484777
486755,3,0.0012160780893469567
486755,4,-0.04148837896451703
486755,5,-0.014588962412721316
486755,6,0.05147489536201329
486755,7,-0.0531631680737741
486755,8,0.09923556868922848
486755,9,0.015304926569106404
486755,10,-0.11894636487246356
486755,11,0.2694789642974451
486767,1,0.0010506050405558363
486767,2,-0.010079343618871325
486767,3,0.040642500896269744
486767,4,-0.07979957192066135
486767,5,-0.0244780020265852
486767,6,-0.05459342929440244
486767,7,0.11169046597402299
486767,8,-0.14069401092964282
486767,9,-0.15666724690613137
486767,10,-0.013544113390227265
486767,11,-0.010630973367869594
486793,1,-0.005458879735064751
486793,2,-0.01231241868696889
486793,3,0.014156894418171116
486793,4,-0.030451590627774635
486793,5,0.0033993673945590707
486793,6,0.042890024363700534
486793,7,-3.3941079360531503e-6
486793,8,-0.04593071864299326
486793,9,-0.03838356323409933
486793,10,0.008622226658098201
486793,11,0.010424605781031175
486794,1,-0.012971439604398423
486794,2,-0.02216871731891416
486794,3,0.007053474385589437
486794,4,-0.09385401339022273
486794,5,-0.3190972861176391
486794,6,-0.292075101619209
486794,7,0.11204353679487586
486794,8,0.011320241059289532
486794,9,0.005594787578686709
486794,10,-0.19415342858320192
486794,11,0.0354315707006377
486810,1,-0.0047270674227472284
486810,2,-0.006426101677279998
486810,3,0.032876148375842365
486810,4,-0.014196335606835133
486810,5,0.005080215422306833
486810,6,0.017091594298853464
486810,7,0.020786192784336865
486810,8,-0.02899704948612562
486810,9,-0.031381702589182436
486810,10,-0.022573064859070336
486810,11,-0.007030637254507191
486812,1,-0.014695476344462102
486812,2,5.801415671491526e-4
486812,3,0.02385260557681725
486812,4,0.01579886056572402
486812,5,0.012818338593982143
486812,6,0.0271176631004317
486812,7,0.0020013078438798873
486812,8,-0.025072723943655464
486812,9,-0.033830494794231274
486812,10,-0.019247776370928678
486812,11,0.02581751138028194
487165,1,0.004909042115226529
487165,2,-0.005299338218565307
487165,3,0.004389598485780918
487165,4,-0.060527775264040906
487165,5,-0.024621714446533265
487165,6,-0.05754736063883063
487165,7,0.09069290039370718
487165,8,-0.09892151952782585
487165,9,-0.08029095338948188
487165,10,0.021741037398625627
487165,11,-0.06717779324320666
487303,1,0.1601930584338236
487303,2,0.16027840251345174
487303,3,0.06758053415732299
487303,4,-0.008589878558694959
487303,5,-0.033516559047604255
487303,6,0.05198577015062101
487303,7,0.09885176300464424
487303,8,-0.1589818808907138
487303,9,0.016566621784637615
487303,10,0.032694292314242736
487303,11,0.030936945717946016
488433,1,0.17027289210594304
488433,2,0.1649841154737285
488433,3,0.06143284906192602
488433,4,0.005615318668834599
488433,5,-0.04257688597057851
488433,6,0.06102449060600022
488433,7,0.05202827304375764
488433,8,-0.09229374373549284
488433,9,0.0765458920973926
488433,10,0.04725557819100409
488433,11,-0.016842798152532718
488930,1,3.8813139414776293e-4
488930,2,0.004069704094592639
488930,3,0.024526510218340725
488930,4,-0.006006881610852591
488930,5,-0.13479442259870422
488930,6,0.1341539714716167
488930,7,-0.03477727347977795
488930,8,0.04373833276151625
488930,9,-5.496358144756918e-4
488930,10,0.12364738901296689
488930,11,-0.03171663063818407
490648,1,0.05846032024726909
490648,2,0.019636061933483218
490648,3,-0.011443225616618119
490648,4,-0.07500505180391678
490648,5,-0.042189507084897895
490648,6,-0.026454735298612888
490648,7,0.23653130352868884
490648,8,0.0644339130045407
490648,9,-0.1098361950224947
490648,10,0.04207140733792494
490648,11,0.04334048198975276
490762,1,-0.017736995044539707
490762,2,0.013990426439700592
490762,3,0.015947918270909054
490762,4,0.004926208317072245
490762,5,-0.04717416493481615
490762,6,-0.004430965843646513
490762,7,0.001901656408877603
490762,8,-0.033126531296533944
490762,9,-9.818698558744573e-4
490762,10,0.011015971291465223
490762,11,0.005620085010646172
491024,1,0.03204055894489345
491024,2,0.01051364464472863
491024,3,0.024918655257033726
491024,4,-0.016284315806091208
491024,5,-0.010419632623355381
491024,6,0.012269508133849532
491024,7,-0.04210955285037806
491024,8,-0.012026635582270368
491024,9,0.09234675788712224
491024,10,-0.11039927445899073
491024,11,-0.046010337272258325
491721,1,-0.02527964972417856
491721,2,0.10961024587861488
491721,3,0.13520778355705762
491721,4,0.06301735137934289
491721,5,-0.019853596157284194
491721,6,-0.0027139163399029593
491721,7,0.02207137346219036
491721,8,-4.096065601405217e-4
491721,9,-0.03494512683347099
491721,10,0.03189559733438827
491721,11,-0.014635268673144831
492207,1,-0.024852779151496973
492207,2,0.11522209769219102
492207,3,0.1207440420877701
492207,4,0.06463718885297695
492207,5,-0.014825224692866495
492207,6,-7.250577763282606e-4
492207,7,0.016041307079288237
492207,8,-0.005075541673315105
492207,9,-0.009137806550355771
492207,10,0.018504389949426277
492207,11,-0.02841509003593959
492502,1,-0.015744255999168802
492502,2,0.11628611886226366
492502,3,0.12842920835017269
492502,4,0.0738631933767522
492502,5,-0.02166658393498555
492502,6,0.02782786705879188
492502,7,0.006576416976210029
492502,8,0.007394845029121346
492502,9,-0.0018977987210632115
492502,10,0.006964588471242892
492502,11,-0.017178130984251888
492758,1,0.1776049240176678
492758,2,0.054213186095101354
492758,3,-0.06569631782316462
492758,4,-0.052213654539276476
492758,5,-0.023458920562855506
492758,6,0.057887350356802786
492758,7,0.04829776208999839
492758,8,-0.0848091383669058
492758,9,0.08916669580677739
492758,10,0.004033326798659867
492758,11,0.06005941247254555
492830,1,-0.02270608382702089
492830,2,0.12045167618661705
492830,3,0.13877583833826518
492830,4,0.0793215588782957
492830,5,-0.004768190176532338
492830,6,-0.006729987538523201
492830,7,0.03995425113402287
492830,8,-0.002300067796627438
492830,9,-0.019134853209082803
492830,10,-0.02238027359835708
492830,11,-0.039812420641582774
493205,1,-0.05529182741144642
493205,2,-0.07942293524421466
493205,3,-4.791546643626401e-4
493205,4,-0.1131280856950088
493205,5,-0.26484131633936314
493205,6,0.08538828038871998
493205,7,-0.02324913433158615
493205,8,-0.03588990339607517
493205,9,0.03224278219153531
493205,10,-0.0616730600954707
493205,11,-0.04155771044860732
493243,1,0.18126755751635254
493243,2,0.06710061414110244
493243,3,-0.07289497764031166
493243,4,-0.060557184031121127
493243,5,-0.009017359626896211
493243,6,0.06313168049424266
493243,7,0.04680685077677692
493243,8,-0.08169830924398461
493243,9,0.0954417433635323
493243,10,-0.027844611739183057
493243,11,0.03244503645626482
493609,1,-0.00878407771799064
493609,2,-0.10088348382471259
493609,3,0.06846403650823552
493609,4,-0.019556172194985122
493609,5,-0.34114496496808927
493609,6,-0.25952354000290534
493609,7,0.012031135710033709
493609,8,-0.06615127570619288
493609,9,0.04111300108884291
493609,10,-0.015143278577060493
493609,11,-0.050152133603687615
494654,1,-0.030806860316148117
494654,2,0.10787549478854823
494654,3,0.12617020460370254
494654,4,0.053952832687864036
494654,5,-0.00947809587169048
494654,6,0.0011354471571929858
494654,7,0.0159424609401129
494654,8,0.0060276741996755845
494654,9,-0.02290167895628795
494654,10,0.05694249411010587
494654,11,-0.022772493347853816
494808,1,-0.049342333031059483
494808,2,-0.0963960153976438
494808,3,-0.02076524341724765
494808,4,-0.10951145418399626
494808,5,-0.2759399424453585
494808,6,0.06040014725997205
494808,7,0.016883939359005614
494808,8,-0.039335739829117054
494808,9,0.0750416137826582
494808,10,-0.06887811357589824
494808,11,-0.12001648480352886
495444,1,0.016365149201722762
495444,2,0.002396728025157325
495444,3,-0.0016001871483357945
495444,4,0.03378983316560362
495444,5,0.027391081323781458
495444,6,0.002686433735079376
495444,7,-0.007352545378121586
495444,8,-0.002167273914244087
495444,9,-0.016340469429361862
495444,10,0.00963148377839831
495444,11,0.07093068741345636
495519,1,-0.002060090628883684
495519,2,0.0941506757424096
495519,3,0.10229612051421227
495519,4,0.045065010839795416
495519,5,-0.04152283408313872
495519,6,-0.003199113902296943
495519,7,0.004141907740878846
495519,8,-0.015707694980798804
495519,9,-0.03205139404587003
495519,10,-1.5185225515479693e-4
495519,11,0.012065199714133014
495739,1,0.188761256281238
495739,2,0.07130835432428086
495739,3,-0.0728225361379614
495739,4,-0.05376555391041609
495739,5,-0.022155671508323576
495739,6,0.04960988114286581
495739,7,0.05562259611626516
495739,8,-0.1050097042733507
495739,9,0.054457371065763246
495739,10,0.01471635190261339
495739,11,0.03383524674128673
495744,1,0.18023486825389715
495744,2,0.058756312572562794
495744,3,-0.06888005053390157
495744,4,-0.05643149190304344
495744,5,-0.007631356530009594
495744,6,0.06328771766800355
495744,7,0.06599004887388292
495744,8,-0.07247774595151478
495744,9,0.0891944493168972
495744,10,-3.201520310353307e-4
495744,11,0.031343831107897624
496397,1,0.182513127349336
496397,2,0.06433204238189602
496397,3,-0.06645492474750485
496397,4,-0.04468751025517246
496397,5,-0.004722689508084735
496397,6,0.04888265253362687
496397,7,0.07430855315363193
496397,8,-0.0801222458835114
496397,9,0.06988500697546506
496397,10,0.02740235974910856
496397,11,0.04300613260122106
497683,1,-0.015500990316004284
497683,2,0.08172664981798872
497683,3,0.11993795733056511
497683,4,0.061340358593612136
497683,5,-0.03619870434032159
497683,6,-2.1334715828550703e-4
497683,7,0.026627028387245597
497683,8,-0.01208667604823259
497683,9,-0.001146486319411617
497683,10,-0.0530109948921267
497683,11,0.01291162456806481
499001,1,-0.020069087734141212
499001,2,0.005835678424525606
499001,3,-0.008301800152249614
499001,4,-0.028223609840103747
499001,5,-0.026199049650320445
499001,6,0.06332630384166063
499001,7,-0.01587499327548249
499001,8,0.12655366264521017
499001,9,0.01983000675246083
499001,10,-0.12353524910379922
499001,11,0.2976749900183754
500293,1,-0.015245955319488665
500293,2,0.11008107626369876
500293,3,0.12617016562545905
500293,4,0.053336475229803455
500293,5,-0.02142399210631457
500293,6,-0.016237423440956772
500293,7,0.027119360276044068
500293,8,0.026766122307592666
500293,9,-0.0125066430691533
500293,10,0.014457644783227265
500293,11,-0.015884124638438638
501034,1,-0.012833776813854711
501034,2,0.11174306681068183
501034,3,0.12098881915504198
501034,4,0.06784453594332374
501034,5,-8.007800316462299e-4
501034,6,-0.0028299145112696115
501034,7,0.0238255819154795
501034,8,0.006768709548454046
501034,9,-0.03980864936316436
501034,10,0.01832894947458853
501034,11,-0.04604178521014126
501627,1,-0.04552873068263718
501627,2,0.029685615961253638
501627,3,-0.03248915375165765
501627,4,0.007620245491009798
501627,5,0.12251376025280179
501627,6,-0.07983826588518807
501627,7,0.024624408544372568
501627,8,-0.02044669773042148
501627,9,0.07082405846292615
501627,10,-6.061813688078721e-4
501627,11,-0.09248249294436485
502429,1,-0.004473726011985971
502429,2,0.005132976803326211
502429,3,-0.016795437825212416
502429,4,0.02910834406795704
502429,5,0.03419897061492473
502429,6,-0.054869395937468715
502429,7,0.014288340608996187
502429,8,-0.06138324324923524
502429,9,0.02478427499597031
502429,10,-0.04742063775731289
502429,11,0.0010909234027926334
502620,1,0.18580634764364148
502620,2,0.058438522794407
502620,3,-0.07546499001508795
502620,4,-0.03808355694451033
502620,5,-0.014059976166224607
502620,6,0.051452067257178664
502620,7,0.045101356004452954
502620,8,-0.10013457749255976
502620,9,0.09295720437557017
502620,10,0.009326394391472748
502620,11,0.0185567587641388
502793,1,-0.0205612692649551
502793,2,0.09408589479518781
502793,3,0.12183039490225508
502793,4,0.07156486884214074
502793,5,-0.015434079009950011
502793,6,-0.01826957933389954
502793,7,0.0072610688982928115
502793,8,0.021493476700212732
502793,9,0.010083791592052723
502793,10,0.03533977310301085
502793,11,-0.018471921765690655
502937,1,-0.062097414527693184
502937,2,-0.089669833052067
502937,3,6.887067406699801e-4
502937,4,-0.08233996654586333
502937,5,-0.2574505339382115
502937,6,0.08847063134666393
502937,7,-0.031169384564166083
502937,8,0.00876093809767385
502937,9,0.057490321363040296
502937,10,-0.05593098677474741
502937,11,-0.10197988151655504
503543,1,0.041163697393421454
503543,2,-0.007857725754232148
503543,3,0.007197155100914418
503543,4,-0.0255380764928029
503543,5,0.009808406537025798
503543,6,0.012229404932454713
503543,7,-0.06453733749351984
503543,8,0.0042350072182920535
503543,9,0.06403722878780502
503543,10,-0.11613483200524223
503543,11,-0.04140614546377023
504263,1,-0.003901739933371345
504263,2,0.03714136709213212
504263,3,0.022011284361493962
504263,4,0.020310471864793393
504263,5,-0.0023238811243809668
504263,6,-0.026103715141732146
504263,7,0.021810381118311847
504263,8,0.02259172375637509
504263,9,-0.009486563984793939
504263,10,0.006852941606238588
504263,11,-0.03161215507151159
504671,1,0.17524242692276626
504671,2,0.050790678091381554
504671,3,-0.05410149764783406
504671,4,-0.08578711257934667
504671,5,-0.03326491032067877
504671,6,-0.05299183004814668
504671,7,-0.027106613286565162
504671,8,0.007849342487283528
504671,9,0.015360671389150099
504671,10,-0.005001767634886675
504671,11,-0.04986188582705357
504789,1,-0.046506828471738114
504789,2,-0.08553299436579144
504789,3,0.005802897817412721
504789,4,-0.09324775133278823
504789,5,-0.26721955133976
504789,6,0.08663366977930569
504789,7,-0.024888740683801758
504789,8,-0.002827982941467938
504789,9,0.07204775274690017
504789,10,-0.08782953285727343
504789,11,-0.06860729204211996
505120,1,0.0845412297463717
505120,2,-0.00917988845742532
505120,3,-0.004741273845106636
505120,4,-0.12024331691316432
505120,5,-0.054820878788200855
505120,6,-0.048878852769067255
505120,7,0.033532902882569875
505120,8,0.07899485123177308
505120,9,-0.03241536891806189
505120,10,-0.1818377316668431
505120,11,-0.11213067108664361
505298,1,-0.011077256426124695
505298,2,-0.00463207663106927
505298,3,-0.031077138654330285
505298,4,-0.07600254117075371
505298,5,-0.05996206761959313
505298,6,-0.11527048453849717
505298,7,0.14359640842761964
505298,8,-0.13804581919015027
505298,9,-0.11099116740581622
505298,10,0.0790208226551916
505298,11,-0.020167596487122023
505714,1,-0.0031745568264645225
505714,2,-0.017888743143582055
505714,3,0.009117662342232992
505714,4,0.03927274903963997
505714,5,-0.05894179254048342
505714,6,-0.03719037566293794
505714,7,-0.005255780097209995
505714,8,0.015714912937303233
505714,9,0.05104392776276801
505714,10,-0.04972275150367236
505714,11,0.08500569261737996
505916,1,-0.013761930468174123
505916,2,-0.013861786413537679
505916,3,0.005152841862786672
505916,4,0.012960156845052358
505916,5,0.04659082401937344
505916,6,0.02183184760884314
505916,7,0.05611324586844509
505916,8,-0.028458262814231552
505916,9,-0.16538781845979136
505916,10,-0.11389450251849212
505916,11,-0.046304857886947506
506002,1,-0.001091313663405135
506002,2,-0.011076005248655948
506002,3,-0.023082402885019837
506002,4,0.006760945131570841
506002,5,0.0066968799237346645
506002,6,0.09450044697414291
506002,7,0.029696411019999036
506002,8,0.05410768658896731
506002,9,0.017737208072888568
506002,10,-0.10424295845309624
506002,11,-0.0780151431119956
506068,1,0.0023644418091631598
506068,2,0.0013177697414634539
506068,3,0.018993630116162154
506068,4,0.034304809094767456
506068,5,-0.06623147048914663
506068,6,-0.061856713676090726
506068,7,-0.030622989482868762
506068,8,-0.01619383096811531
506068,9,0.03895144208686749
506068,10,-0.062465945483360014
506068,11,0.0924888802967371
506213,1,-0.002526698083783305
506213,2,-0.00559712636284608
506213,3,0.006073923524622414
506213,4,0.01429787996086968
506213,5,-0.0026802789909611355
506213,6,4.466518090479642e-4
506213,7,0.025539498915293946
506213,8,-0.004770166222699273
506213,9,0.008801708537733566
506213,10,-0.008977802975795045
506213,11,0.06318919446104167
506320,1,0.1796764618497258
506320,2,0.05494804047962983
506320,3,-0.04894478643376152
506320,4,-0.09765116644564402
506320,5,1.6848630690365294e-4
506320,6,-0.08060174027641988
506320,7,-0.07473882387425833
506320,8,0.04491900309098752
506320,9,-0.013524828547697767
506320,10,0.02054688072343168
506320,11,-0.054113613214073944
506375,1,0.006905392163105716
506375,2,-0.031257798742211115
506375,3,0.028130387964541644
506375,4,0.04155100738866302
506375,5,0.04378448034290142
506375,6,-0.011866044670690043
506375,7,0.0776861166013743
506375,8,0.022308697459281004
506375,9,0.02613876903262547
506375,10,0.08302782538874491
506375,11,-0.028294721949041802
507329,1,-0.014230981120740999
507329,2,0.11130365840943711
507329,3,0.11709337047319207
507329,4,0.06415562969465784
507329,5,-0.024224167491906617
507329,6,-0.009312792321557522
507329,7,0.011379050117214757
507329,8,0.004483980547147417
507329,9,0.016367104582342914
507329,10,0.0037346414406052514
507329,11,-0.005356529227438942
508373,1,-0.007090089065724316
508373,2,0.016376482903054122
508373,3,-0.010368754418241139
508373,4,-0.00846082447546864
508373,5,0.03243164373927135
508373,6,-0.028896151886596843
508373,7,0.006133312752793348
508373,8,3.078142228607263e-4
508373,9,0.0534363495035109
508373,10,-0.010616872055365578
508373,11,0.017750048903814996
508426,1,0.16899238972475975
508426,2,0.13945786795333004
508426,3,0.07787149570177776
508426,4,-0.027732647140057215
508426,5,-4.7728953620658927e-4
508426,6,-0.10424628559715923
508426,7,-0.08500066068781705
508426,8,0.10160098274744027
508426,9,-0.03832066282828464
508426,10,0.02692564080981948
508426,11,-0.08469500235225978
509618,1,0.002064285881379692
509618,2,0.08653862687133297
509618,3,0.10725526602610357
509618,4,0.0593325795890152
509618,5,-0.04176733820226659
509618,6,0.005801489966273792
509618,7,0.061155348599795246
509618,8,-0.048882489816726854
509618,9,8.669444567150824e-4
509618,10,-0.061278221625242546
509618,11,-0.03798232486612546
510586,1,0.016697103183725567
510586,2,0.017275844147009414
510586,3,-0.015134926291652416
510586,4,-0.015694635355290715
510586,5,0.005428886377363949
510586,6,0.01841441833884005
510586,7,-0.03738998636881903
510586,8,0.0033949602434147352
510586,9,0.056028783044199115
510586,10,0.018636869443167708
510586,11,0.006683876139896862
511356,1,0.17128324509658027
511356,2,0.03906927750748062
511356,3,-0.053856852323119424
511356,4,-0.06524447215429113
511356,5,0.03314439632187435
511356,6,-0.08833472471185268
511356,7,-0.13183481523398963
511356,8,0.10969663285449543
511356,9,-0.015713599174155258
511356,10,-0.03307273651553471
511356,11,-0.037713020605252216
511897,1,0.16203908321036634
511897,2,0.14918331966178877
511897,3,0.04791042302765134
511897,4,-0.04071139129400813
511897,5,-0.012146802370347482
511897,6,-0.1035246978295705
511897,7,-0.0895621084567378
511897,8,0.14356749042981967
511897,9,-0.017748991421630163
511897,10,0.01270749862673103
511897,11,-0.07138116053505689
512067,1,0.17547154866018333
512067,2,0.03964260702745903
512067,3,-0.06007516501180177
512067,4,-0.08914664053158279
512067,5,0.021031308521944785
512067,6,-0.09420594486814783
512067,7,-0.1401630492034654
512067,8,0.10358064500758722
512067,9,-0.02293278382831625
512067,10,-0.076132703833247925
512067,11,-0.045669969189293336
513980,1,-0.0011159525896317927
513980,2,0.08965997910544625
513980,3,0.10201198261153262
513980,4,0.04850879549032925
513980,5,-0.05186348135682422
513980,6,-0.0018325335466866295
513980,7,-4.5769124420040114e-4
513980,8,-0.0524822223800718
513980,9,-0.010386564367148349
513980,10,-0.06108233086126321
513980,11,-0.02100435568916608
516012,1,-0.011356867751032618
516012,2,0.00493122116627289
516012,3,-0.005239446611750927
516012,4,0.002551594338122847
516012,5,0.0330468699672529
516012,6,-0.0185203856370836
516012,7,0.006972381267819012
516012,8,0.0037135559968443344
516012,9,-0.020963184523676195
516012,10,6.48096802500508e-4
516012,11,0.015022464368057606
517857,1,0.1651787930387884
517857,2,0.053575799056334514
517857,3,-0.05027779914090209
517857,4,-0.0703477100650797
517857,5,0.027103015550938622
517857,6,-0.10565574506188168
517857,7,-0.08398292707755399
517857,8,0.07289322390959915
517857,9,-0.05376740957316633
517857,10,0.11997603494837863
517857,11,0.04305876223248111
519697,1,-0.053263246675769815
519697,2,0.10686341665048406
519697,3,0.11125196892105424
519697,4,0.03652664662255082
519697,5,-0.05524831136466401
519697,6,0.1074380272549376
519697,7,-0.014633507955788431
519697,8,0.12142401455819107
519697,9,0.03409270878887669
519697,10,-0.14285106190275174
519697,11,0.25888722249633905
520723,1,-0.005212095622363147
520723,2,-0.018349552266396063
520723,3,0.018326595630878715
520723,4,-0.03288028372781795
520723,5,-0.011998015527001494
520723,6,0.033693737985134954
520723,7,-0.06843093518011957
520723,8,-0.062484971005812795
520723,9,-0.00779409566410801
520723,10,0.025857079764777368
520723,11,-0.04030439168018
521770,1,-0.018127328393618025
521770,2,0.09119455697998956
521770,3,0.12145713503087927
521770,4,0.046896417427863615
521770,5,-0.02419973630840064
521770,6,-0.03691470058816368
521770,7,0.014467068665993003
521770,8,-0.040594308081003186
521770,9,0.01729154535684132
521770,10,-0.03183991895360101
521770,11,3.458198225267998e-4
521982,1,0.015692143499964284
521982,2,-0.017304903179593743
521982,3,0.016066212972412234
521982,4,0.02607560172584458
521982,5,-0.017496224142564177
521982,6,0.004343198174852891
521982,7,0.024505922180344374
521982,8,-0.01620070247785606
521982,9,0.06950606825323222
521982,10,0.013758099726260475
521982,11,0.04661451013278098
523267,1,-0.01588847377368451
523267,2,0.10959415145241547
523267,3,0.1311089821148205
523267,4,0.0644978616481138
523267,5,-0.006069128056573795
523267,6,0.016697850520383455
523267,7,0.02559099868892955
523267,8,0.013542141669526048
523267,9,-0.014270924640912935
523267,10,0.02466674536627684
523267,11,-0.05403505930554387
526252,1,0.0020894520487859895
526252,2,-0.06392867380734595
526252,3,0.09539053473862208
526252,4,-0.0372971200981391
526252,5,-0.06013258807043303
526252,6,-0.10462929806901856
526252,7,-0.08903006811150663
526252,8,0.06068258021459451
526252,9,0.04342344191157507
526252,10,0.01687828715030974
526252,11,-0.013234349134773917
526276,1,-0.0053768211512457125
526276,2,0.07453267352161724
526276,3,0.1179985864097213
526276,4,0.05205782869570498
526276,5,-0.032304783292073314
526276,6,0.012047527895442018
526276,7,0.00817093530074819
526276,8,-0.002613440001144577
526276,9,0.03328489529327504
526276,10,-0.07218328425864103
526276,11,-0.012970096814026645
526766,1,-0.016775532641005703
526766,2,-0.007478016844495935
526766,3,-0.026018196773407123
526766,4,0.03983665570396312
526766,5,-0.010282387737273078
526766,6,0.18400881918288634
526766,7,0.0440306003680562
526766,8,0.04626392037983765
526766,9,0.05546678733946594
526766,10,-0.13701822526746793
526766,11,-0.1332856505741141
527495,1,0.18532754584877373
527495,2,0.05370796363172745
527495,3,-0.04655164187631634
527495,4,-0.07678790705114656
527495,5,0.017565758809608218
527495,6,-0.07641770126466024
527495,7,-0.07708233766738708
527495,8,0.08702921004826952
527495,9,-0.025444036806123303
527495,10,-0.04551922193018666
527495,11,-0.012431545626053727
527676,1,-0.018719801586670397
527676,2,0.0868067844559095
527676,3,0.11895337951408348
527676,4,0.04601697979362199
527676,5,-0.03864865979266374
527676,6,-0.00600836314155372
527676,7,6.90926560812871e-5
527676,8,-0.037229253328818185
527676,9,0.0025484505898197506
527676,10,-0.056832475033838085
527676,11,-0.0038843824895585704
528866,1,0.13368675472844013
528866,2,0.1079464024204341
528866,3,0.0648526713319575
528866,4,-0.003698735052639914
528866,5,-0.03231532785943904
528866,6,-0.0192773136630997
528866,7,-0.35041083282626223
528866,8,-0.05281341814334729
528866,9,-0.026172084658987155
528866,10,-0.0966427908900938
528866,11,-0.18783607596734175
528873,1,-0.0031807662454550662
528873,2,-0.021292244832466983
528873,3,-0.010085073777752621
528873,4,0.006397035817171223
528873,5,-0.03215076727311344
528873,6,0.08070199878289057
528873,7,-0.07508166402181515
528873,8,-0.08826013096000565
528873,9,-0.04806282764429685
528873,10,-0.01424641758617722
528873,11,-0.06299840051758106
529389,1,-0.01742918136178164
529389,2,0.011656444160418576
529389,3,-0.008239040481903463
529389,4,-0.022889614350101773
529389,5,-0.04720256728715127
529389,6,0.061091717375421434
529389,7,-0.011500138564776953
529389,8,0.11066303009105875
529389,9,0.034086123538873955
529389,10,-0.1556009667221378
529389,11,0.24824428416882516
529615,1,0.1006387185882895
529615,2,0.09968552260899494
529615,3,0.0617970505012645
529615,4,-0.135502228666815
529615,5,-0.01649848450605608
529615,6,-0.02231612743614537
529615,7,-0.046166256314158265
529615,8,0.33942814572961805
529615,9,-0.07571788600389966
529615,10,-0.18906867888275236
529615,11,0.18104071697388982
530260,1,-6.365731255096122e-4
530260,2,-0.01179555797186773
530260,3,-0.002192572791066123
530260,4,0.007915951548303128
530260,5,-0.0032399088991221
530260,6,-0.008961272459191524
530260,7,0.05088598138215429
530260,8,-0.024353369738826788
530260,9,-0.11655362211827584
530260,10,-0.049143041998068945
530260,11,-0.057242897667533515
530310,1,0.04573059151852347
530310,2,0.010839014404443313
530310,3,-0.021444936952942414
530310,4,-0.021589948793845078
530310,5,0.03549839221703398
530310,6,0.04480027606380765
530310,7,-0.07499546182648524
530310,8,0.10214713493989538
530310,9,0.05270779607329956
530310,10,-0.12136039436093737
530310,11,-8.651066697500842e-5
530812,1,-0.008035825933223661
530812,2,0.0883714545077912
530812,3,0.1199567007674856
530812,4,0.05595222657064608
530812,5,-0.03028529362827606
530812,6,-0.02795566420102028
530812,7,-0.0031764973327084865
530812,8,-0.037810154612559925
530812,9,0.034421344226113204
530812,10,3.0524929739074257e-4
530812,11,-0.02083381741588778
530838,1,-0.006455487153585525
530838,2,0.013767800073411243
530838,3,-0.0028658045575860732
530838,4,0.003275038424758749
530838,5,-0.0032231838838060007
530838,6,-0.018709265212635513
530838,7,0.007615706758989423
530838,8,0.03148772534267127
530838,9,0.005956120402124094
530838,10,-0.038635570330721694
530838,11,0.029847877759556392
531174,1,0.11918809979232645
531174,2,0.06235762295666807
531174,3,-0.02055691600330789
531174,4,-0.13960162904717896
531174,5,0.049866808423911745
531174,6,-0.09888180429222009
531174,7,-0.016465238475851386
531174,8,0.30966526588048826
531174,9,-0.06121726722807871
531174,10,0.019601004461026878
531174,11,-0.10307375500625811
531221,1,0.01100151245771261
531221,2,-0.013927128596263336
531221,3,0.03284530812438236
531221,4,-0.01012737724641089
531221,5,-0.07930690895263243
531221,6,0.12497046303558139
531221,7,-0.06451083328489252
531221,8,0.07292008161909341
531221,9,-0.09507587564706942
531221,10,0.1467089480332266
531221,11,-3.81552045697558e-4
531978,1,0.01826624467363106
531978,2,-0.0055099761035333995
531978,3,0.04153809066896065
531978,4,-0.00400928271047049
531978,5,-0.09291232900158669
531978,6,0.1274550681986116
531978,7,-0.04057034947366524
531978,8,0.04614492684419185
531978,9,-0.05809343469860892
531978,10,0.15233679290662205
531978,11,6.264164950789418e-5
532059,1,0.015565646152095538
532059,2,-0.007398378109886348
532059,3,0.015703242175298705
532059,4,-0.007627073658638919
532059,5,-0.094950663115404
532059,6,0.1390823493648166
532059,7,-0.03850943237866331
532059,8,0.10683415078070542
532059,9,-0.10113042502090244
532059,10,0.14529508029874263
532059,11,-0.006046756491714319
532068,1,0.007017321774541298
532068,2,0.005693158892435407
532068,3,0.03344312452580106
532068,4,-0.03166219564635634
532068,5,-0.1317991496701483
532068,6,0.10447786779256853
532068,7,-0.0367742347442639
532068,8,0.06692978042581747
532068,9,-0.018368998984527082
532068,10,0.11193125039769272
532068,11,-0.0521472827311827
532103,1,0.014589372280364844
532103,2,0.0034477750901923867
532103,3,0.03588790637358759
532103,4,-0.016947569049673376
532103,5,-0.09807278116265546
532103,6,0.11552934198838392
532103,7,-0.004334668770672979
532103,8,0.0589256368960129
532103,9,-0.08986863497191167
532103,10,0.0930771844234619
532103,11,0.01821360241658674
532207,1,0.013115845073367995
532207,2,-0.036307891385836094
532207,3,0.019823253448799576
532207,4,0.019385898932320733
532207,5,0.02074956415121675
532207,6,0.018466078166410504
532207,7,0.07830299881359064
532207,8,0.033854585759780405
532207,9,0.06748922532987237
532207,10,0.0846637071402343
532207,11,-0.001410352104564173
532332,1,-0.007546901200167748
532332,2,0.08334050417489543
532332,3,0.11859284421837821
532332,4,0.03588050826994694
532332,5,-0.03285717260224317
532332,6,-0.020753812266421253
532332,7,0.00478239974641578
532332,8,-0.02708439348788663
532332,9,-0.0027326629078609135
532332,10,-0.02560164325696609
532332,11,8.052045756142799e-4
532794,1,-0.006183195671568629
532794,2,-0.0038472408457047138
532794,3,-0.028102082530585534
532794,4,0.03348715821737183
532794,5,-0.004060240159174313
532794,6,0.11140923224600245
532794,7,0.011858257349833558
532794,8,0.018677572237662723
532794,9,0.020240549130723724
532794,10,-0.09921614474146558
532794,11,-0.07242249387379816
532805,1,0.012955333025131067
532805,2,-0.012298985128213747
532805,3,0.019365796320198556
532805,4,-0.010673675547026105
532805,5,-0.10014659138018808
532805,6,0.1043190165225585
532805,7,-0.017980222843514585
532805,8,0.0694836536901461
532805,9,-0.0868712458002628
532805,10,0.15388012452382027
532805,11,0.0027892700078628926
532897,1,0.02493382872747888
532897,2,0.005544526931822072
532897,3,0.030835200285540005
532897,4,-0.02249476666582942
532897,5,-0.11871065131143911
532897,6,0.13947177488949436
532897,7,-0.052996771205669604
532897,8,0.07796001781309903
532897,9,-0.08306347047151963
532897,10,0.1491973310696094
532897,11,-0.015211033093906205
532925,1,0.018282880218660563
532925,2,-0.005734216370057905
532925,3,0.038954559772383
532925,4,-0.01747441681441698
532925,5,-0.10784896021692252
532925,6,0.1299539001013893
532925,7,-0.05503045713277951
532925,8,0.06842704303318746
532925,9,-0.08200801561776647
532925,10,0.14229916702705303
532925,11,-0.027765251168689883
533889,1,0.026986741052924975
533889,2,-0.008234411037102358
533889,3,0.013904580669295853
533889,4,-0.025699045587301923
533889,5,-0.07494988819640946
533889,6,0.07173847510949326
533889,7,-0.0037884346194485764
533889,8,0.023629514523415315
533889,9,-0.06553624809009838
533889,10,0.13515531267290945
533889,11,0.03649430693472499
533925,1,-0.010372891911284418
533925,2,-0.006695091164840419
533925,3,0.05396746100271495
533925,4,-0.015920665405565908
533925,5,0.013449185077623362
533925,6,0.039622965973119394
533925,7,0.026398230882774033
533925,8,-0.09240214251408194
533925,9,-0.05628236346972072
533925,10,0.020820214770680804
533925,11,0.0414422518166405
534413,1,-0.005606747572911953
534413,2,-0.00982866751484402
534413,3,0.033386601111544005
534413,4,-0.004906171331749619
534413,5,0.029398539423383205
534413,6,0.05306448353623921
534413,7,0.024980267334791213
534413,8,-0.04893616282969125
534413,9,-0.03862073137070551
534413,10,-0.018785961092347567
534413,11,-0.0024159180579682803
534563,1,0.01277747069405191
534563,2,-0.013838900632568311
534563,3,0.007964523943619795
534563,4,-0.026579265613815753
534563,5,-0.10680816778763991
534563,6,0.09003086833526279
534563,7,-0.038452629319628805
534563,8,0.09048994569799369
534563,9,-0.07524605877800628
534563,10,0.17789606372674252
534563,11,-0.03909946049178814
535141,1,-0.005646362614039814
535141,2,0.01589744756865232
535141,3,-0.008221723151834013
535141,4,0.010167034064222386
535141,5,0.04715814352277597
535141,6,-0.013883291751328559
535141,7,0.005817789358919147
535141,8,0.005108615585093744
535141,9,-0.0197912495612014
535141,10,0.026835677171406173
535141,11,0.05712360948208832
535497,1,0.030485562050281863
535497,2,-0.0037849179595448286
535497,3,0.023223119477692657
535497,4,0.002030837915602941
535497,5,-0.13670700301839656
535497,6,0.09366116748330731
535497,7,-0.05716670208215763
535497,8,0.07377779747165118
535497,9,-0.0631286789173559
535497,10,0.19264105377361568
535497,11,0.011089589353714952
536429,1,-1.6923538443582486e-4
536429,2,-0.012556344092098585
536429,3,-0.03204261885063955
536429,4,0.029499314818329653
536429,5,-0.017467546253777135
536429,6,0.20926050914582098
536429,7,-0.002053604413869075
536429,8,0.0808744515353858
536429,9,0.04140963444389814
536429,10,-0.19964785985315756
536429,11,-0.15590426248096287
536536,1,-0.013360060127564114
536536,2,-0.008141428992162908
536536,3,0.04748106227377074
536536,4,-0.05875736277919399
536536,5,0.011693930848071866
536536,6,0.04266897198881143
536536,7,0.12444335527193125
536536,8,0.07954045045099452
536536,9,0.09811654621762458
536536,10,0.030202000051761782
536536,11,-0.03099282331976031
536763,1,-0.1266720966516386
536763,2,0.13578436232414318
536763,3,-0.0218939002682909
536763,4,-0.1981605449918557
536763,5,0.027875728849842935
536763,6,-0.009369830893485202
536763,7,-0.0973033530815993
536763,8,-0.008864850661843771
536763,9,-0.057505564906368885
536763,10,0.010738485943989665
536763,11,-0.04525060575093497
536785,1,-0.016054039499434892
536785,2,0.02379803408592025
536785,3,0.030448655926281577
536785,4,-0.1201905433107686
536785,5,0.04599758491754601
536785,6,0.03510867997643362
536785,7,0.08201672940699682
536785,8,0.11368119768737243
536785,9,0.1753970326010736
536785,10,0.09026940754999892
536785,11,-0.0587862924929508
536859,1,-0.13873206135374647
536859,2,0.1347049428761627
536859,3,-0.03435124811488118
536859,4,-0.2014235766763271
536859,5,0.010135960421213059
536859,6,0.013983293718388783
536859,7,-0.05635384424274579
536859,8,-0.04316631567677658
536859,9,-0.01885233166320609
536859,10,-0.010667322734064245
536859,11,-0.04723909252675507
537075,1,0.058273053370625466
537075,2,-0.15326062737520474
537075,3,0.2187861225147954
537075,4,-0.07452961442340296
537075,5,0.09342665965463383
537075,6,0.04740752431742158
537075,7,-0.18751202643344114
537075,8,-0.10326172933824859
537075,9,0.1258242266095126
537075,10,-0.013814381375115026
537075,11,0.03755887227100423
537079,1,-0.12244980580603967
537079,2,0.13438528664456553
537079,3,-0.024187944016667413
537079,4,-0.2080056729481646
537079,5,0.03295194799093929
537079,6,2.542841949217141e-4
537079,7,-0.10496519062664965
537079,8,-0.02368369583294102
537079,9,-0.04301399643742892
537079,10,-0.018729441140335635
537079,11,-0.025460307213929743
537276,1,-0.02925518671087627
537276,2,-0.004166017329257442
537276,3,0.050753059123126214
537276,4,-0.08941856668738259
537276,5,0.02747219696583532
537276,6,0.025222061618916273
537276,7,0.11517822132363202
537276,8,0.0789280575463108
537276,9,0.16468366554157363
537276,10,0.04864994399374617
537276,11,-0.05569273820260394
537438,1,-0.02332758207913299
537438,2,0.0019708322522606256
537438,3,0.050431586451667655
537438,4,-0.08410438084070869
537438,5,0.03283626999023931
537438,6,0.0038234064838221617
537438,7,0.052954813254042006
537438,8,0.07755509731546036
537438,9,0.18334150934117557
537438,10,0.045492444613868505
537438,11,-0.03609835901501686
537678,1,-0.129821292518622
537678,2,0.12479217783633008
537678,3,-0.03058461626946279
537678,4,-0.19184958069753724
537678,5,0.038697929509636624
537678,6,-0.029801992620223462
537678,7,-0.09644481765561552
537678,8,-0.021937302235240128
537678,9,-0.044966527622835116
537678,10,0.0077622724521532556
537678,11,-0.0329839993823608
538203,1,0.050856612075953316
538203,2,-0.16288748464834457
538203,3,0.21632416617802977
538203,4,-0.0942697305985768
538203,5,0.088574999820034
538203,6,0.07756078416048323
538203,7,-0.22162639906976936
538203,8,-0.1308460320540122
538203,9,0.10185013903709124
538203,10,-0.02815791199317722
538203,11,0.017405870782257006
538230,1,-0.12136141949199171
538230,2,0.12739546718677747
538230,3,-0.024878153198515347
538230,4,-0.18244490494592844
538230,5,0.03072016080191487
538230,6,-0.021990765823410106
538230,7,-0.10688883060691061
538230,8,-0.034731680807671875
538230,9,-0.04569306814594035
538230,10,-0.020689636147586093
538230,11,-0.016372139070795308
538235,1,-0.020674056956144972
538235,2,0.004202024115782484
538235,3,0.05324068901247681
538235,4,-0.08739151902871745
538235,5,0.031252001353782755
538235,6,0.021834474015921267
538235,7,0.11874495086460943
538235,8,0.07896399725558208
538235,9,0.17055456764720606
538235,10,0.03422546673558688
538235,11,-0.047688376240747087
538247,1,0.05729176721242591
538247,2,-0.1623234206937873
538247,3,0.2195728988169844
538247,4,-0.0685569260110955
538247,5,0.09380487699331377
538247,6,0.03262546996588051
538247,7,-0.18938096226121898
538247,8,-0.09360877824835992
538247,9,0.10098125706864117
538247,10,-0.010051982628454697
538247,11,0.004508253538613147
538418,1,0.010795918717206556
538418,2,0.009994961133555039
538418,3,-0.039087470444995984
538418,4,0.03011616836858091
538418,5,-0.011811934311342474
538418,6,0.008920369546233773
538418,7,-0.06577303469295234
538418,8,-0.03464723120343442
538418,9,-0.05596832533569572
538418,10,0.033592674791413805
538418,11,0.03990797060065676
538814,1,-0.010019816954741143
538814,2,0.006110811877925166
538814,3,-0.018250258715333957
538814,4,-0.011685127209075356
538814,5,-0.038508488000192465
538814,6,-0.025144488483903698
538814,7,-0.04793263618217591
538814,8,-0.05619281448688943
538814,9,0.010090603806085077
538814,10,0.09359241957819349
538814,11,0.023467320897656338
538829,1,0.11685990383922665
538829,2,-0.12659492728709953
538829,3,0.19728176074944964
538829,4,-0.1338890411446512
538829,5,0.0838699881640644
538829,6,0.01645861935547031
538829,7,0.0260994965553097
538829,8,-0.08010742272129645
538829,9,0.001365530824957288
538829,10,0.014483222430940622
538829,11,0.054135770464787715
538868,1,-0.001302786977606252
538868,2,-0.01869661392910903
538868,3,-0.004642354391898649
538868,4,-0.009680633268545956
538868,5,0.034100683704835925
538868,6,0.01092578813656311
538868,7,0.07854018994530501
538868,8,0.027834357190034603
538868,9,-0.13073247427551357
538868,10,-0.04955924107300857
538868,11,-0.025098799468243532
539018,1,0.07621406976300586
539018,2,-0.14566585190803127
539018,3,0.16091504249609961
539018,4,-0.11847684738969579
539018,5,0.05429821643572372
539018,6,0.1315279956043209
539018,7,0.09540637843465391
539018,8,0.061686136200174796
539018,9,-0.14108169805038895
539018,10,-0.21895637979734986
539018,11,-0.10298979653512001
539123,1,0.09337704516462049
539123,2,-0.14505324180149592
539123,3,0.19848628612536426
539123,4,-0.13582601419383716
539123,5,0.04358996939481416
539123,6,-0.002401721533323289
539123,7,0.12467666303169891
539123,8,-0.09071439133227152
539123,9,-0.13405560546861042
539123,10,-0.061647789972312066
539123,11,0.051946294493400116
539363,1,-0.1385689851643221
539363,2,0.13936943982097208
539363,3,-0.019665555074049584
539363,4,-0.2095218354289258
539363,5,0.010366835489210321
539363,6,0.009664298942888816
539363,7,-0.06444839158156317
539363,8,-0.04740851351375792
539363,9,-0.027324341942815553
539363,10,-0.010922693818834083
539363,11,-0.05022311667767437
539572,1,0.09945425457778487
539572,2,-0.1417084437174259
539572,3,0.1925065772107139
539572,4,-0.13385295160446847
539572,5,0.07367658247806265
539572,6,0.0034619321467392844
539572,7,0.057696174988086664
539572,8,-0.06479941144261038
539572,9,-0.01635536596063661
539572,10,0.00494070696481686
539572,11,0.08092857023235397
539650,1,-0.016088675881438346
539650,2,0.00515894660423608
539650,3,0.045630522938688994
539650,4,-0.07917619163626458
539650,5,0.04456638939527947
539650,6,0.006751452904656972
539650,7,0.11472784968554639
539650,8,0.11217894039536619
539650,9,0.09283100011203577
539650,10,0.0026456769310571945
539650,11,-0.05116275128964514
539833,1,-0.024584781019110574
539833,2,0.01587912329898057
539833,3,0.06746227224406033
539833,4,-0.09816857668996974
539833,5,0.05299140077149068
539833,6,-0.03091927449572621
539833,7,0.14244219948578601
539833,8,0.07913329069077972
539833,9,0.16118249469191176
539833,10,0.056414959218872705
539833,11,-0.008880438611184694
539878,1,0.059963655547562195
539878,2,-0.14225518953554597
539878,3,0.13500470798984318
539878,4,-0.14844973474459475
539878,5,0.06828602214627626
539878,6,0.08197774491514677
539878,7,0.08179934546917053
539878,8,-0.006384713469020034
539878,9,-0.18230675215663578
539878,10,0.08350003272804538
539878,11,0.0073244107907790195
539926,1,-0.11071261203217936
539926,2,0.14794003564959743
539926,3,-0.025698984952031444
539926,4,-0.16152088154382627
539926,5,-0.01848882367460421
539926,6,-0.12888607906863092
539926,7,-0.050411781609327286
539926,8,-0.03127166080457484
539926,9,0.021942328353762926
539926,10,-0.023462822073475033
539926,11,-0.03527143639437731
540747,1,-0.023779965655136674
540747,2,0.013567793099689826
540747,3,0.06510097526918485
540747,4,-0.11741149231404693
540747,5,0.04898457228894205
540747,6,-0.04402038181505239
540747,7,0.11024816492750592
540747,8,0.09851371731575377
540747,9,0.11919089922705547
540747,10,0.0740460556831469
540747,11,0.012004783790741155
540987,1,0.022437788196848548
540987,2,-0.13157234669101822
540987,3,0.16640194505462408
540987,4,-0.05650400531655842
540987,5,-0.013743161659134586
540987,6,-0.04623973166372642
540987,7,-0.1808941284189586
540987,8,-0.026200102942085298
540987,9,0.16965648090458177
540987,10,0.10191784232688732
540987,11,-0.053319854582931335
541262,1,-0.12337859103153233
541262,2,0.14315192455833917
541262,3,-0.05189661204725646
541262,4,-0.1692805163765543
541262,5,0.01062653966618475
541262,6,0.10092270413720163
541262,7,0.03543081433912551
541262,8,-0.14459390887140547
541262,9,0.037078385848805996
541262,10,-0.015678013293658078
541262,11,0.04393450927271433
541335,1,-0.13770845915099167
541335,2,0.14310222573690037
541335,3,-0.045911306467155105
541335,4,-0.15829829661727834
541335,5,0.036980834640854394
541335,6,0.046965952762153027
541335,7,0.05809551069577889
541335,8,-0.10836991049339911
541335,9,-0.0174482645469455
541335,10,-0.002155986312395684
541335,11,0.03119214734470359
541589,1,0.09303569630651282
541589,2,-0.1507089952165483
541589,3,0.19985946327237764
541589,4,-0.13083022663373337
541589,5,0.07602946787905487
541589,6,-0.004021498288666099
541589,7,0.12039557513005361
541589,8,-0.08142059461093652
541589,9,-0.14079581494147822
541589,10,-0.0582132568221083
541589,11,0.03260086715015076
541855,1,-0.01132836729958389
541855,2,0.015942171923783645
541855,3,0.07354709830141441
541855,4,-0.12493375085457008
541855,5,0.05737537173139223
541855,6,-0.02657698640408785
541855,7,0.10981789216683144
541855,8,0.0717628437433486
541855,9,0.15368321881564553
541855,10,0.08840820327331385
541855,11,0.07050728879492414
542336,1,0.008354682576261239
542336,2,0.07162797305166496
542336,3,0.09080069276371996
542336,4,0.04000658163856527
542336,5,-0.032256581969045926
542336,6,-0.011180168858772606
542336,7,-0.0017492085928690216
542336,8,-0.03143825242112892
542336,9,0.014502345380502196
542336,10,-0.03794559062313578
542336,11,0.04219930302480707
542674,1,-0.08046657277594359
542674,2,0.036702910620608827
542674,3,0.04799265925551949
542674,4,-0.14163656673994968
542674,5,7.938238110109787e-4
542674,6,-6.00637263280973e-4
542674,7,-0.018012016827274088
542674,8,-0.06297608037723554
542674,9,0.23244935558531007
542674,10,0.11083103471145289
542674,11,-0.0605969432395609
542700,1,-0.007851278768633502
542700,2,-0.012677239550371207
542700,3,-0.011653279424211755
542700,4,-0.004994673119628753
542700,5,0.0045847795227079375
542700,6,-0.0035738209237654727
542700,7,0.1029847909821992
542700,8,0.00112160108877084
542700,9,-0.12030183499151698
542700,10,-0.06574944961468027
542700,11,-0.044402669203889425
542769,1,0.010362354705864772
542769,2,0.007711241383654911
542769,3,-0.01764625714536178
542769,4,-0.019713867979846558
542769,5,0.003211805943711084
542769,6,0.0186453066482438
542769,7,0.002729568694957961
542769,8,0.01875204362408362
542769,9,0.014689012540203824
542769,10,0.043755186488347295
542769,11,0.006317257852892432
542863,1,-0.13879742153112978
542863,2,0.14079113809399268
542863,3,-0.04656870267657956
542863,4,-0.1539323565123559
542863,5,0.014109021022315375
542863,6,0.10735562819831178
542863,7,0.01576510650017777
542863,8,-0.11721361334857726
542863,9,9.325426739599463e-5
542863,10,-0.017417728078243787
542863,11,0.046062235524148995
543286,1,-0.03203628116635956
543286,2,-0.0036154905575206957
543286,3,0.04238340130736114
543286,4,-0.07200047372158937
543286,5,0.011795473856852628
543286,6,0.034814689402651984
543286,7,0.12003201306561401
543286,8,0.10669706144131473
543286,9,0.14445522446630907
543286,10,-0.007240717992876644
543286,11,-0.015389027487447367
543293,1,-0.020108895271864376
543293,2,0.006986099075063002
543293,3,-0.013680737029014822
543293,4,0.01669051684725806
543293,5,-0.018039252783069393
543293,6,0.09204815046028687
543293,7,-0.013225769615260924
543293,8,0.04928861227766313
543293,9,0.01651617171341147
543293,10,-0.10587767143167176
543293,11,-0.10227737677847487
543301,1,-0.02552868245242462
543301,2,0.0017742111197361458
543301,3,0.053182463344794935
543301,4,-0.09647578345589225
543301,5,0.0302863571010506
543301,6,0.05402872753121108
543301,7,0.12952221606631906
543301,8,0.10266404700092568
543301,9,0.10664992505031701
543301,10,0.01423517326140065
543301,11,-0.07599114935464565
543616,1,0.04522534851341237
543616,2,-0.024238374050042397
543616,3,-0.0929536291346453
543616,4,0.22708831132574883
543616,5,-0.09015808888760776
543616,6,-0.011809636986205246
543616,7,0.08145306232909236
543616,8,0.016738105505356732
543616,9,0.3299192712340732
543616,10,0.02843149682131834
543616,11,-0.07467055313092995
543638,1,-0.017228873139793367
543638,2,-0.004641237062339981
543638,3,0.05488504573098767
543638,4,-0.08883756889803256
543638,5,0.038735253675186425
543638,6,0.020388890880027676
543638,7,0.11989356403916107
543638,8,0.1222178237368189
543638,9,0.12446073877070411
543638,10,0.005502837800153626
543638,11,-0.052997664816828674
543744,1,-0.12238550548781543
543744,2,0.14901196667820404
543744,3,-0.05070952235432357
543744,4,-0.1580860051422877
543744,5,0.028472085363195565
543744,6,0.06331999714393427
543744,7,0.02694656185933395
543744,8,-0.1276386548614993
543744,9,0.007147911958502291
543744,10,0.00472162205802698
543744,11,0.01604475689843321
544015,1,-0.010960097680409241
544015,2,-0.006048652658535562
544015,3,-0.02703268213791679
544015,4,0.03233831079021771
544015,5,-0.036770611721972254
544015,6,0.15695319971854546
544015,7,0.013759356388978633
544015,8,0.11053240940263175
544015,9,0.05802430801894656
544015,10,-0.15943421863464086
544015,11,-0.12308390437596559
