SNP_ID,PC,loading
63244,1,-0.029842280150180422
63244,2,-0.05319168500644994
63244,3,0.03791110045124718
63244,4,0.08020870953925835
63244,5,-0.14013634083330742
63244,6,-0.03594241628805334
63244,7,-0.10407991913377564
63244,8,0.07859769027905278
63244,9,-0.07117502680919804
63452,1,-0.003456849883973878
63452,2,0.011629839906023898
63452,3,0.008047145226651231
63452,4,0.03128676951303136
63452,5,-0.021389855943965946
63452,6,-0.017043089916208835
63452,7,0.0013410795680497134
63452,8,0.03669306346412762
63452,9,0.010643763478676321
63799,1,-0.04866278192354248
63799,2,-0.09313845583659552
63799,3,0.056213341528343355
63799,4,0.05864227605963855
63799,5,-0.266749010972879
63799,6,-0.006921949734043247
63799,7,-0.20140396004003933
63799,8,0.2910140400783813
63799,9,-0.04099525287323245
63967,1,-0.002417472392794332
63967,2,-0.00790735785567348
63967,3,-0.017746937574315558
63967,4,0.03190777463390282
63967,5,-0.012026989991098386
63967,6,-0.012215174156655101
63967,7,-0.013610806498243255
63967,8,0.0791897560079064
63967,9,0.009777854720586343
65288,1,-0.028881088989552134
65288,2,-0.05993348063498822
65288,3,0.02531617149021309
65288,4,0.005617701594343327
65288,5,-0.15703554817411253
65288,6,0.05810997133822286
65288,7,-0.09763029861613605
65288,8,0.2359807432872259
65288,9,-0.06981259604001312
67486,1,-0.007590316732458041
67486,2,0.013902725422423629
67486,3,-0.06229962403665357
67486,4,-0.049268912266506065
67486,5,0.03070686841600832
67486,6,-0.022361958825642736
67486,7,0.028708580326347155
67486,8,-0.00553835017574672
67486,9,0.03148911639403733
68749,1,-0.013993014014727833
68749,2,8.496718530487695e-4
68749,3,0.020588154308771867
68749,4,0.014813406523361772
68749,5,0.010204578103404749
68749,6,-0.003358972830973306
68749,7,-0.05926091426956559
68749,8,0.05796068378398825
68749,9,-0.015074578222168428
69094,1,2.6141828241592736e-4
69094,2,0.042843139474452986
69094,3,0.10991973273037592
69094,4,0.009059942197116755
69094,5,-0.06354028126680066
69094,6,0.24731005177737275
69094,7,0.10640327922607087
69094,8,0.294235510498266
69094,9,-0.0996920275735494
69408,1,-0.02427452543505488
69408,2,-0.04090250036558228
69408,3,0.01005047763292366
69408,4,0.025890857103012727
69408,5,-0.19570135779791176
69408,6,-0.03806438203001927
69408,7,-0.08496378855278891
69408,8,0.2251531645180726
69408,9,-0.03499425925550506
70980,1,-0.002808040624287506
70980,2,0.013710808007664103
70980,3,-0.15047927839383565
70980,4,0.0233310170539706
70980,5,-0.01092337973579761
70980,6,0.012715516223752
70980,7,0.05779721776791204
70980,8,0.039196621706466594
70980,9,-0.024312929109894604
72719,1,0.05855215063536863
72719,2,0.023195880403426565
72719,3,0.08227302973118902
72719,4,-0.03962146839909625
72719,5,0.09751400629986808
72719,6,-0.2879627998443306
72719,7,-0.1508189353575895
72719,8,0.0683913621745734
72719,9,0.08742585870482736
72892,1,0.010691467181292021
72892,2,0.005449183316875242
72892,3,-0.12202042598074288
72892,4,0.041165053557229325
72892,5,-0.016659969450382693
72892,6,0.0025914448587529837
72892,7,0.04766785255523748
72892,8,0.02903016338843084
72892,9,-0.027084573668110047
73858,1,-0.023520825576422686
73858,2,-0.03664623438177753
73858,3,0.023140652211531255
73858,4,0.03166918364016964
73858,5,0.06113500162775104
73858,6,-0.01255513637706683
73858,7,0.02349225540841801
73858,8,-0.012797724401582639
73858,9,0.019641424764077375
74347,1,-0.027409985793440513
74347,2,0.18954682630478928
74347,3,0.02209239005065911
74347,4,0.057016596328402704
74347,5,0.22489656411590664
74347,6,0.22650839586377217
74347,7,-0.01521385656575697
74347,8,0.0963830905669006
74347,9,0.10906890799224933
75230,1,-0.021503563826388936
75230,2,-0.01979269161282811
75230,3,-0.01446572831101187
75230,4,-0.09480553473176588
75230,5,0.12791239086860096
75230,6,0.03158063033429187
75230,7,0.014034349414673577
75230,8,-0.12319572654353722
75230,9,-0.045882808186395396
75254,1,0.059060048234800294
75254,2,-0.08365886007551722
75254,3,0.028315978362618458
75254,4,-0.13204165297886705
75254,5,0.23228382497487998
75254,6,-0.033649949989268374
75254,7,-0.0012323189084772167
75254,8,-0.13507449183835624
75254,9,-0.0058533171690201
77816,1,-0.003429403249860756
77816,2,0.09675994627306282
77816,3,0.07708640253066514
77816,4,-0.08890884598074277
77816,5,0.16859359301111917
77816,6,-0.0017229826069577302
77816,7,0.19731825444116205
77816,8,0.2154457462299895
77816,9,-0.11793832781108218
79234,1,0.011809014005246504
79234,2,-0.08492800044976484
79234,3,-0.013341312371248824
79234,4,-0.071731848356222
79234,5,0.07080943969033868
79234,6,-0.022616462402666133
79234,7,0.0021735556739087315
79234,8,0.08221240035058137
79234,9,-0.10068889085292529
80071,1,0.022133683273181656
80071,2,-0.0968140829805417
80071,3,0.05607567107163491
80071,4,-0.09904626185459152
80071,5,0.07272954632281217
80071,6,9.124616203931111e-4
80071,7,-0.03578284372482293
80071,8,0.05783992883252184
80071,9,-0.03960516572661968
80183,1,-7.015103379550815e-4
80183,2,0.05813176262793038
80183,3,0.05286496656822604
80183,4,-0.039917070543902824
80183,5,0.1350013396509926
80183,6,0.015391175953548173
80183,7,0.11892649765818587
80183,8,0.20422728579168442
80183,9,-0.04873407183749074
80481,1,0.01191945329066634
80481,2,0.015056343830401173
80481,3,-0.13962692154135148
80481,4,0.050578625104849416
80481,5,-0.0016257843185141794
80481,6,0.020091589692487245
80481,7,0.05078703015995971
80481,8,0.01107435157303643
80481,9,-0.0866601594590812
80728,1,-0.00171753962578438
80728,2,0.09905660661133056
80728,3,0.04457034180439856
80728,4,-0.09039267279227035
80728,5,0.17931198434760842
80728,6,-0.003845435901552218
80728,7,0.17233373027286897
80728,8,0.18257083402078275
80728,9,-0.10128146544631215
81979,1,-0.08666696108163616
81979,2,-0.13073117255923855
81979,3,-0.04408079136644094
81979,4,-0.23418326486137642
81979,5,0.21243223084674237
81979,6,0.026203724267851287
81979,7,0.009269850367469353
81979,8,-0.11603128108390051
81979,9,-0.007587230514680843
81982,1,-0.007901829286529093
81982,2,0.00290367798265398
81982,3,0.019935667951808157
81982,4,0.01628730232817326
81982,5,-0.06420016636756873
81982,6,-0.04388025168702581
81982,7,0.047710809211172614
81982,8,-0.03635774873344589
81982,9,-0.05646466401932041
82012,1,-0.01571967278962391
82012,2,0.12370073490340809
82012,3,0.08879842559920545
82012,4,0.03319502762726996
82012,5,0.13786316646800365
82012,6,0.3303279632283978
82012,7,-0.15395390642433301
82012,8,0.2210503791861712
82012,9,-0.09645209370757267
82074,1,-0.015764747893678627
82074,2,0.13798872579036903
82074,3,-5.577761777131757e-4
82074,4,0.1027281142034473
82074,5,0.01502550313095146
82074,6,0.231992111355804
82074,7,-0.18316543150482847
82074,8,-0.08887049145022612
82074,9,0.2428491431680635
82079,1,-0.013297578141565762
82079,2,0.14166200442633772
82079,3,-0.019746675171343358
82079,4,0.09168414114288281
82079,5,0.02606195511310379
82079,6,0.2388052436323362
82079,7,-0.2039603107194042
82079,8,-0.10530200207430297
82079,9,0.22683711545504007
82139,1,-0.10548126167151398
82139,2,-0.10615409867747443
82139,3,-0.0407955260282855
82139,4,-0.15966867292864187
82139,5,0.025132129069866116
82139,6,0.020752361043818925
82139,7,-0.019084796849719768
82139,8,-0.07143816218616945
82139,9,0.12508620982870233
82146,1,-0.09999019400036852
82146,2,-0.16024276623808656
82146,3,-0.030458728562090837
82146,4,-0.22076081067667216
82146,5,0.03271277208507552
82146,6,0.05087266125790319
82146,7,-0.019049827931870836
82146,8,0.061495571789551735
82146,9,0.03423672484072244
82204,1,-0.011560111289288449
82204,2,-0.0018969301654718396
82204,3,-0.0010571747208311987
82204,4,-0.006504308910366885
82204,5,-0.02625166850499783
82204,6,-0.020623156904123634
82204,7,0.011446450492415852
82204,8,0.026319550437204974
82204,9,0.03592617128741732
82209,1,-0.010870450366756077
82209,2,0.08577975028020232
82209,3,-0.07688378420208586
82209,4,0.03466222974228134
82209,5,0.005707911494197702
82209,6,0.07479022150229357
82209,7,-0.08094661271602956
82209,8,-0.021306766655491277
82209,9,0.22417619903038388
82215,1,0.08330071140161889
82215,2,0.0373374222408627
82215,3,0.09120636812385986
82215,4,0.0075798137271845464
82215,5,0.08425295889977764
82215,6,-0.23229350395379597
82215,7,-0.2518736968747312
82215,8,0.010114368952844219
82215,9,-0.04417084128981199
82216,1,-0.016570634333254793
82216,2,0.08791114806335291
82216,3,-0.05788503435973149
82216,4,0.05778646272331128
82216,5,-0.011611955812690308
82216,6,0.090299698602171935
82216,7,-0.08824734123525775
82216,8,-0.015888230198223437
82216,9,0.20222762246682047
82217,1,0.011133092920192126
82217,2,-0.016124211603214565
82217,3,-0.015313880844571871
82217,4,-0.024633007485200427
82217,5,0.05634925550184529
82217,6,-0.022749267265472252
82217,7,0.010953021929195892
82217,8,0.08049956766473879
82217,9,-0.06717716713258738
82220,1,-0.011045513155837017
82220,2,0.09726593961687524
82220,3,-0.06507381946297949
82220,4,0.06088140155659892
82220,5,0.009498709437998043
82220,6,0.08387075536597886
82220,7,-0.10408195792068786
82220,8,-0.028511910183263448
82220,9,0.2289845606019879
82223,1,0.006793248105467731
82223,2,0.004272065650719508
82223,3,-0.013817267396360163
82223,4,-0.018972107812474177
82223,5,-0.046925089405011895
82223,6,-0.010776558317165744
82223,7,0.016209633814254158
82223,8,0.026151620240439058
82223,9,-0.00876353892085971
82701,1,0.17102910508132646
82701,2,-0.015230386881832054
82701,3,0.10828648836083633
82701,4,-0.03378937523574173
82701,5,0.015012312704522416
82701,6,-0.041195010894083894
82701,7,-0.03837400363606439
82701,8,-0.07059997894620658
82701,9,-0.07737706299210925
83196,1,0.07713763408041771
83196,2,-0.03749951260982114
83196,3,0.013746632645811104
83196,4,0.016332555622960966
83196,5,-0.10105238123120833
83196,6,0.15260894434012875
83196,7,0.2835289616620112
83196,8,-0.029777580467482138
83196,9,0.012352396713599011
83275,1,-0.01849104136591996
83275,2,0.07744047745848176
83275,3,-0.058803150356264225
83275,4,0.04039091802945209
83275,5,0.0010350647972963648
83275,6,0.059534401858103374
83275,7,-0.03718879389132475
83275,8,-0.01548497613918636
83275,9,0.06601874122719052
87023,1,0.02466358142529979
87023,2,-0.0017817438091055886
87023,3,0.04832893115439011
87023,4,0.02891449215767253
87023,5,0.03918268903077781
87023,6,-0.04839255194209843
87023,7,-0.03732711758608739
87023,8,0.13031116842385962
87023,9,0.03928727851842084
87111,1,0.004272753155499596
87111,2,-0.024218900347102824
87111,3,-0.014427564865870044
87111,4,-0.0082306627346307535
87111,5,-0.012619198546606751
87111,6,0.02411695660235442
87111,7,0.012443188795786988
87111,8,-0.009877621483819881
87111,9,-0.008258962658216377
87112,1,-0.1035615742588324
87112,2,-0.16170336875843938
87112,3,-0.06586082513918826
87112,4,-0.2645255909565021
87112,5,-0.0035190474751276945
87112,6,0.08836953259974732
87112,7,-0.06643627299815281
87112,8,0.13854394469700063
87112,9,0.10697618604149763
87416,1,0.010956282777159295
87416,2,-0.060352377048278186
87416,3,-0.0028835310809554844
87416,4,-0.07797423713379131
87416,5,0.05015403037866385
87416,6,-0.027043491843073888
87416,7,-1.105013452330893e-5
87416,8,0.07001542405356746
87416,9,-0.044601437682164395
87790,1,0.006285335070467418
87790,2,0.006432087514710549
87790,3,-0.0040564086950735925
87790,4,0.020927198601657104
87790,5,-0.003138111038439083
87790,6,0.004090884952471646
87790,7,0.036167438625373305
87790,8,-0.034666698120668485
87790,9,-0.0011351666579714043
88155,1,0.0040478127662020085
88155,2,0.018910521377329938
88155,3,0.015192776333379562
88155,4,0.02383072043614957
88155,5,-0.060199772434024246
88155,6,0.014486830569175572
88155,7,0.03128894516516768
88155,8,-2.4860912318945305e-4
88155,9,-5.59484805322857e-4
88827,1,0.16165379116246759
88827,2,-0.02332304517928152
88827,3,0.09111899094670003
88827,4,-0.015162874036508138
88827,5,0.011481390097089842
88827,6,-0.04731597758519568
88827,7,-0.05345734013843796
88827,8,-0.0517769658709873
88827,9,-0.05665884424924495
88924,1,0.008106189348391692
88924,2,0.006986224599285589
88924,3,-0.13381469707668958
88924,4,0.059290930653638836
88924,5,-0.0031289521216976697
88924,6,0.013161090298085931
88924,7,0.0652122881938013
88924,8,0.01063147080552931
88924,9,-0.0337059154054579
90008,1,-0.012334957199718707
90008,2,0.24134275685674145
90008,3,0.027739237081763863
90008,4,-0.004354123246710906
90008,5,0.190052325719513
90008,6,0.1513301940406808
90008,7,-0.011570345798590708
90008,8,0.12390867789578863
90008,9,0.017952635847161315
90570,1,-0.004721911694744641
90570,2,2.246743182672652e-4
90570,3,-0.005737566369262806
90570,4,-0.0021798879626795677
90570,5,-0.03369669120011362
90570,6,-0.03212556866745054
90570,7,0.019766700395949764
90570,8,0.01951157933816729
90570,9,-0.0140980379818403
90814,1,-0.01802047419301089
90814,2,-0.04427911744719986
90814,3,0.03689571781353246
90814,4,0.021504906018228978
90814,5,0.026519517394426005
90814,6,0.018845193989456333
90814,7,-0.051559302764442885
90814,8,0.037361844125059974
90814,9,-0.044559256370983874
90984,1,0.1604045000643098
90984,2,-0.018239177193631943
90984,3,0.10415838527660282
90984,4,-0.03367840563758203
90984,5,-5.948844800527781e-4
90984,6,-0.046301077940731385
90984,7,-0.04429315400068886
90984,8,-0.04656656314672405
90984,9,-0.07291270167850251
91346,1,0.16873834988916128
91346,2,-0.002412355185794864
91346,3,0.07868351680772621
91346,4,-0.02378275982469158
91346,5,0.016268292789939656
91346,6,-0.01929087148447126
91346,7,-0.050349516133547045
91346,8,-0.07105043026232821
91346,9,-0.06213153600125649
91707,1,0.0783718086426981
91707,2,-0.039666236328420305
91707,3,-0.01695285639354742
91707,4,0.04702804208979496
91707,5,-0.08397203190797567
91707,6,0.13640754651530249
91707,7,0.29458058974273654
91707,8,-0.044196670664374806
91707,9,0.017184441836241945
91716,1,0.05512903338104168
91716,2,-0.020513746952433236
91716,3,0.00311447820118078
91716,4,0.03785967007698113
91716,5,-0.06483865507274378
91716,6,0.13531648470979146
91716,7,0.21203598714202862
91716,8,-0.006878691415199894
91716,9,0.001668989409614698
92366,1,-0.07765629253088133
92366,2,-0.16908128681668066
92366,3,-0.05699043244560901
92366,4,-0.2078393318536362
92366,5,-0.02955201542283443
92366,6,0.1147512211120117
92366,7,-0.006515937972717247
92366,8,0.07428984574317414
92366,9,0.09186987654385059
92865,1,0.0011193157478435582
92865,2,0.014895785955494697
92865,3,-0.13888737974521706
92865,4,0.024883945867453797
92865,5,0.02385023111057588
92865,6,-0.020158713468603446
92865,7,0.008183069965936608
92865,8,0.012694862383782477
92865,9,0.005961905197770958
92891,1,0.0013913283483175827
92891,2,0.011166017950843782
92891,3,-0.13194812901146602
92891,4,0.024549395404341146
92891,5,0.03712432041015749
92891,6,-0.02968871383494633
92891,7,-0.025540898153599053
92891,8,0.024226226591044578
92891,9,-0.018953282038364865
93298,1,0.003083617889992507
93298,2,0.003438908758074864
93298,3,0.005617094588503677
93298,4,0.0024489938639686596
93298,5,-0.04138197956009262
93298,6,0.03910615744352492
93298,7,-0.002505991004980921
93298,8,0.025401141551760834
93298,9,0.0077541624266066304
93440,1,0.16921885937054912
93440,2,-0.05625825663509701
93440,3,0.04197010200618218
93440,4,-0.026909479420804062
93440,5,0.017889701467811752
93440,6,0.0689208262406454
93440,7,-0.031416707981410615
93440,8,-0.03387617774576964
93440,9,-9.169332076107816e-5
93499,1,-0.004225022226274717
93499,2,0.00757090004103911
93499,3,-0.1184605400491049
93499,4,0.021642249209761294
93499,5,0.03333142444048735
93499,6,-0.030984227423412305
93499,7,-0.010874494255550513
93499,8,0.038937313722732896
93499,9,-0.03377730520032107
93684,1,0.0030895968009148535
93684,2,0.008084840865739504
93684,3,-0.11460614084114862
93684,4,0.03209338590112764
93684,5,-0.0011358021441499448
93684,6,-0.01300701478966121
93684,7,-0.014266595740501677
93684,8,-1.769274005781656e-4
93684,9,-0.010959866896991688
93718,1,0.010406557912364365
93718,2,-0.009719854194648422
93718,3,-0.13697363074479374
93718,4,0.028129861979462115
93718,5,0.0024403203813073418
93718,6,-0.009591949819395137
93718,7,-0.005882236521717465
93718,8,0.022126988664840606
93718,9,-0.016281099408986234
93739,1,0.005360381688949627
93739,2,0.004716083374464654
93739,3,-0.12403137546243519
93739,4,0.02410568728162967
93739,5,0.02621641548922985
93739,6,-7.209602257210927e-5
93739,7,-0.036397822136961674
93739,8,0.03870175634682883
93739,9,-0.017884305773244888
93863,1,-0.02992928499676319
93863,2,-0.06835654205516721
93863,3,-0.10607214097776015
93863,4,-0.22831352495966023
93863,5,0.09523833475440661
93863,6,0.035624888168202654
93863,7,0.007296939978454418
93863,8,-0.13613436059259718
93863,9,-0.022984484808259497
93931,1,0.16590658202781242
93931,2,-0.06400936111732827
93931,3,0.045010126417392854
93931,4,-0.011144184774014826
93931,5,0.01682694185245353
93931,6,0.044821540168926526
93931,7,-0.03473949905497844
93931,8,0.004491713257418852
93931,9,-0.00786845338785894
94091,1,0.003223963414233091
94091,2,0.0028037444218095924
94091,3,-0.12188623825482806
94091,4,0.031107174512049147
94091,5,0.053841391034410636
94091,6,-0.00397047503340026
94091,7,0.014862595212841891
94091,8,0.0020845427020764816
94091,9,-0.03836295730208864
94528,1,-7.523775439665848e-6
94528,2,0.0035383871860578094
94528,3,-0.1224039384906333
94528,4,0.029093130402610384
94528,5,-0.006517170892665828
94528,6,-0.03355597827594218
94528,7,0.015593785497784837
94528,8,0.007238855894237085
94528,9,-0.0076127743040645245
94592,1,-6.623099191991565e-4
94592,2,7.562999894507536e-4
94592,3,-0.12169127044697885
94592,4,0.018587351913166003
94592,5,0.020609573484040217
94592,6,-0.00212925792721044
94592,7,-0.031569432295532725
94592,8,0.03771651585908826
94592,9,-0.010323354428254349
94952,1,0.13613901236118744
94952,2,-0.050540421924558744
94952,3,0.01465369202911725
94952,4,0.019679301350237554
94952,5,-0.002814035792074731
94952,6,-0.08068443821365207
94952,7,0.17342353110602146
94952,8,0.059661836834745796
94952,9,0.23604305890349025
95052,1,-3.243182010976957e-4
95052,2,0.010340414218478158
95052,3,-0.12580358032768413
95052,4,0.024588168991596125
95052,5,0.016212274708643767
95052,6,-0.0055110477728156654
95052,7,-0.03243933496387536
95052,8,0.03038218517625484
95052,9,-0.036075854360562286
95093,1,-0.003448258940690456
95093,2,0.011843833848082515
95093,3,-0.1285698992144694
95093,4,0.02731875500130587
95093,5,0.022278423490457805
95093,6,5.207593334042007e-4
95093,7,-2.5270231442528013e-4
95093,8,0.029672760488773486
95093,9,-0.019854117968268928
96166,1,-0.0038191673709955477
96166,2,0.007695159948526317
96166,3,-0.1286603982352051
96166,4,0.004960141152134653
96166,5,0.04466080298245074
96166,6,-0.042470713529005485
96166,7,-6.86034258879338e-4
96166,8,0.028757598425188827
96166,9,-0.02615657640262857
96923,1,-0.026626883112050647
96923,2,-0.03921411480075919
96923,3,0.003923000027169855
96923,4,0.04069369353254079
96923,5,0.03365480527578788
96923,6,0.10681349531756845
96923,7,0.04696478143164251
96923,8,-0.0496516955589774
96923,9,0.14310030254418307
96931,1,0.15004336599445753
96931,2,-0.040068164095967855
96931,3,-0.07234606803373768
96931,4,0.024883336846822875
96931,5,0.033691896798719416
96931,6,-0.07142330383886591
96931,7,0.1555693043053766
96931,8,0.08692344883549621
96931,9,0.22153393079711073
97122,1,0.1390023337333893
97122,2,-0.045545179075033575
97122,3,0.04223433384453684
97122,4,-6.849347495321373e-4
97122,5,-2.7135073477756535e-4
97122,6,-0.050067294575989275
97122,7,0.15380584104182385
97122,8,0.09262656407075458
97122,9,0.23133859095239767
97394,1,0.1371742641262694
97394,2,-0.05223904103891739
97394,3,-0.08738298436037023
97394,4,0.035428067442917835
97394,5,0.006899034884191022
97394,6,-0.09207839452745643
97394,7,0.14116582100893948
97394,8,0.10542029671731086
97394,9,0.23371759866686959
98930,1,0.13734800846343276
98930,2,-0.06285029730723857
98930,3,0.050427745842185276
98930,4,0.028795303674657123
98930,5,0.016764263710469834
98930,6,-0.06307695171078455
98930,7,0.1851203116893538
98930,8,0.09114912927757826
98930,9,0.2538487745871032
99667,1,0.05168556496945599
99667,2,-0.007521666045016108
99667,3,0.04215539501082347
99667,4,0.05806548906256965
99667,5,-0.02584684418786572
99667,6,0.11919207294370544
99667,7,0.19635877283245276
99667,8,0.013216967123460526
99667,9,0.006954485693200041
99801,1,0.003584613591123697
99801,2,-0.005431037856070599
99801,3,-0.10679993946033578
99801,4,0.020706256677491097
99801,5,0.02593878572930112
99801,6,-0.023344108416945005
99801,7,-0.007719224742671105
99801,8,0.026139792981536503
99801,9,-0.01606219846514096
99907,1,-0.011206784779239925
99907,2,-0.050199307324282745
99907,3,0.03627203990989938
99907,4,0.024471342440769425
99907,5,0.007918730344628946
99907,6,0.01703055515171245
99907,7,-0.03301949326947355
99907,8,0.02217811802043467
99907,9,-0.026326145529770906
100184,1,0.0030034791726605186
100184,2,0.01077680270763329
100184,3,-0.10703893150410602
100184,4,0.02205360137220511
100184,5,0.032761438149486816
100184,6,-0.01790632946219837
100184,7,-0.020201958035234262
100184,8,0.023615618020579727
100184,9,-0.020961376777632188
100272,1,0.002097263542282279
100272,2,0.015666721792699564
100272,3,-0.1404549588240182
100272,4,0.039562109277687725
100272,5,0.017343357279500028
100272,6,-0.009001353678989108
100272,7,-0.018616964520826097
100272,8,0.009280619594857998
100272,9,-0.01167795114490929
100495,1,-0.002316119061517454
100495,2,0.012912203973831131
100495,3,-0.12322902475108838
100495,4,0.014806690688551396
100495,5,0.021045185193866663
100495,6,-0.024429510892779994
100495,7,0.013199239570329438
100495,8,0.017478780534981114
100495,9,-0.03464715418840422
100505,1,0.003525679701772548
100505,2,0.009545957435691591
100505,3,-0.11766356872967992
100505,4,0.008141851758180961
100505,5,0.014556350654727164
100505,6,-0.011082097122313807
100505,7,-0.023833634806147464
100505,8,0.012251622914642274
100505,9,-0.03573273490023449
100699,1,0.17492707566361376
100699,2,-0.04465548640004833
100699,3,0.051387871108250806
100699,4,-0.029907155986530695
100699,5,0.034230050446751745
100699,6,0.0839621187769694
100699,7,-0.021295773410278426
100699,8,-0.003955192862502795
100699,9,-0.004397051115741402
100904,1,-0.0024887718898403935
100904,2,0.006398903221346044
100904,3,-0.1420956929488527
100904,4,0.031211530943719305
100904,5,0.03343303891736403
100904,6,-0.00522146459477077
100904,7,0.015015246367790808
100904,8,0.023504120519832257
100904,9,-0.008294734819436012
101362,1,-0.012400760227138668
101362,2,0.2766623986959211
101362,3,0.0687001724604294
101362,4,-0.004460970660413096
101362,5,0.18564805304253248
101362,6,-0.008625146813610035
101362,7,-0.019821165145137105
101362,8,0.012884396109694829
101362,9,8.417475531486974e-4
101905,1,-0.006613539914743166
101905,2,-0.0019228501723902915
101905,3,-0.0028071738544405804
101905,4,-0.011726060504778679
101905,5,-0.011364794798507888
101905,6,0.019037170896585496
101905,7,-0.028833774565867595
101905,8,0.015531443123459712
101905,9,-0.02239378205182942
102181,1,0.1697581579589725
102181,2,-0.03319032432979446
102181,3,-0.08750196083315316
102181,4,0.019608334906782765
102181,5,0.06532622737651361
102181,6,0.028235064953837145
102181,7,-0.06297663023286006
102181,8,0.007229147731323568
102181,9,-0.0026230846967055187
102205,1,0.002753461133525909
102205,2,-0.004069165859339063
102205,3,-0.12993271794429453
102205,4,0.028424820634441017
102205,5,0.02524005303299848
102205,6,-0.01767998097888955
102205,7,0.011282735631713973
102205,8,0.002286458704221852
102205,9,-0.006614499510933384
102799,1,0.17253199559388466
102799,2,-0.05349130643038403
102799,3,0.06305451576909044
102799,4,-0.02732682881471047
102799,5,0.00957981660943203
102799,6,0.057374937406843
102799,7,-0.01858597258504591
102799,8,-0.0068124462086401405
102799,9,-0.025521259940044373
103517,1,0.17432354932511315
103517,2,-0.05165243068781155
103517,3,-0.08956278084594797
103517,4,0.012878635239343385
103517,5,0.03772613532329807
103517,6,0.03204567545222099
103517,7,-0.010138278140442037
103517,8,0.013975535580644844
103517,9,-0.03015296952010189
103642,1,1.5875988988164362e-4
103642,2,0.003422891464873974
103642,3,-0.13987726731964756
103642,4,0.039886900521136165
103642,5,0.008169973051425045
103642,6,-0.015128611888478225
103642,7,-0.02339091586253386
103642,8,0.01901307619175601
103642,9,-0.026764705113463287
104520,1,-0.001230267544205359
104520,2,0.005852348820419303
104520,3,-0.14086086674620857
104520,4,-0.00657289535377797
104520,5,0.026814565445498192
104520,6,-0.018599627944615477
104520,7,-5.211181872019693e-4
104520,8,0.020255211764334934
104520,9,-0.019898647572065532
104899,1,0.17563556892341387
104899,2,-0.050737288393072094
104899,3,0.04262111769294648
104899,4,-0.013976678411705386
104899,5,0.009081364198212484
104899,6,0.04796672870810533
104899,7,-0.055073797172138714
104899,8,0.0011372691302417692
104899,9,-0.020383179963266895
106635,1,0.16936735645719325
106635,2,-0.047809302339635255
106635,3,-0.09410538787256871
106635,4,0.016754782592547153
106635,5,0.049805588736640656
106635,6,0.04757073758499567
106635,7,-0.0525161528473683
106635,8,-0.006158141912995632
106635,9,-0.02212598844664563
106805,1,0.0013407348504938387
106805,2,-0.010672095430706798
106805,3,-0.11195821378660639
106805,4,-0.002893174898551402
106805,5,-0.002929054734666678
106805,6,-0.009760684177365897
106805,7,-0.006792541714765129
106805,8,0.010882220452277538
106805,9,-0.013675812968837898
107157,1,0.024745441244711997
107157,2,-0.00547832119867415
107157,3,0.027601005020078832
107157,4,0.01933590038705636
107157,5,0.014348944360390038
107157,6,0.03782804746596024
107157,7,-0.10151083328361311
107157,8,-0.04991725345830171
107157,9,-0.11866696437628996
107457,1,-0.00228268424003089
107457,2,0.010225576360705774
107457,3,-0.13535596362525396
107457,4,0.025811670099864303
107457,5,0.008163349244679739
107457,6,-0.02134126219992801
107457,7,-0.01770678023299018
107457,8,0.030193193659747687
107457,9,-0.020894902793680212
107613,1,0.003735623494638589
107613,2,0.0010542156175924675
107613,3,-0.11436300799540325
107613,4,0.034973614673160666
107613,5,0.04584753593620215
107613,6,-0.061339111812005194
107613,7,0.007227636656227864
107613,8,0.005992278241734913
107613,9,-0.021817649459692064
107629,1,0.0026114366149408265
107629,2,0.016125466283276577
107629,3,-0.11354448368042633
107629,4,0.030151231965606096
107629,5,0.0362490965129608
107629,6,-0.021408665606183836
107629,7,0.01835826227764803
107629,8,0.02370480773104566
107629,9,-0.029363806392275787
108187,1,-0.0012017489388416933
108187,2,0.017467550117818944
108187,3,-0.1319756503558626
108187,4,0.042918120123086934
108187,5,0.039139375550278355
108187,6,-0.030256178539970785
108187,7,1.681911785951235e-4
108187,8,-0.013620095828228033
108187,9,-0.013477896277751472
108286,1,0.17892055214322547
108286,2,-0.05752836634206255
108286,3,0.051784266773397085
108286,4,-0.013773926551018768
108286,5,0.0036443429200990933
108286,6,0.05845648892114364
108286,7,-0.04087656855184183
108286,8,-0.002293435001059685
108286,9,-0.01662225361285849
108949,1,-0.0050014860601321496
108949,2,0.011034813932971309
108949,3,-0.10819938199035894
108949,4,0.028398168467979663
108949,5,0.029539039115107413
108949,6,-0.012860682729728401
108949,7,0.0062613184940855625
108949,8,0.02602455442074734
108949,9,-0.03542052746619242
108958,1,-0.08342359534797686
108958,2,-0.16987512924886924
108958,3,-0.08310636397671436
108958,4,-0.2321680732473921
108958,5,-0.01853604721607256
108958,6,0.13234056779789957
108958,7,-0.08708338966580442
108958,8,0.11081749508998849
108958,9,0.08452863933279749
109272,1,-0.008335140100326082
109272,2,-0.002870082673501918
109272,3,-0.14415037061904068
109272,4,0.041318072889884684
109272,5,0.03355830335140253
109272,6,3.3866487536898614e-4
109272,7,-0.005816004132548404
109272,8,0.028660879409382195
109272,9,-0.018257492310652032
109288,1,-0.001329625138566027
109288,2,8.964156947332564e-4
109288,3,-0.12383718370914068
109288,4,-0.004932190802230278
109288,5,0.027930253858499926
109288,6,-0.028469512156911056
109288,7,-0.022865297927661576
109288,8,0.03908961410721332
109288,9,-0.00471359011524765
109377,1,0.059889083260060705
109377,2,-0.017082910410323095
109377,3,0.031390247019527265
109377,4,-0.031063482508266134
109377,5,0.10670367849100612
109377,6,-0.20623838063801128
109377,7,-0.14573400346759113
109377,8,0.09625400058894998
109377,9,0.19376089857039133
110058,1,0.17486637271752578
110058,2,-0.04970592269430184
110058,3,0.048307349552245145
110058,4,-0.03934962431113299
110058,5,-0.0011093548049736657
110058,6,0.042791453860496625
110058,7,-0.024771479665858395
110058,8,0.005184015775918363
110058,9,0.016292775972128047
110098,1,0.1680344482542618
110098,2,-0.04908660220993923
110098,3,-0.07950197149832859
110098,4,0.03473425933095616
110098,5,0.05190778531474747
110098,6,0.03774052380116364
110098,7,-0.046137684146175924
110098,8,0.01212739565040591
110098,9,-0.023111341800201562
110761,1,0.03596461914657591
110761,2,-0.0030803462413261616
110761,3,0.02327732848438009
110761,4,-0.01967593311762808
110761,5,0.031144086958896117
110761,6,0.07495741363721338
110761,7,-0.1789450446913493
110761,8,-0.11144132448548785
110761,9,-0.22790548573913022
110771,1,-0.00812235431626441
110771,2,-0.05170019297555577
110771,3,0.020013353763954515
110771,4,0.039688818513016255
110771,5,-0.054935942453635554
110771,6,0.00871421533502905
110771,7,-0.020819375892478842
110771,8,0.12236619134403284
110771,9,0.001508134342683889
112877,1,-1.6952541487170856e-4
112877,2,0.27773002183706824
112877,3,0.04648594180695417
112877,4,-0.006450263886961208
112877,5,0.1699262980122456
112877,6,-0.01445299252183651
112877,7,-0.02318495651626609
112877,8,0.018845481184307053
112877,9,-0.009415773519535934
113620,1,-0.019348580757714524
113620,2,-0.03739586444305669
113620,3,0.010506452578053051
113620,4,0.0048578835571979895
113620,5,-0.08260567856976944
113620,6,-0.003240346537212783
113620,7,-0.04211963701068235
113620,8,0.08190226203518187
113620,9,-0.007202234729994809
116465,1,-0.0016714973401687043
116465,2,-0.005648342715286542
116465,3,-0.12764170655668403
116465,4,0.031778570043213654
116465,5,0.020728957354488254
116465,6,-0.013101994846915089
116465,7,-0.004246320342407775
116465,8,0.033853505671153965
116465,9,-0.007552537060827235
116787,1,0.17209457650672708
116787,2,-0.03853736739304673
116787,3,-0.061035045234664055
116787,4,0.009029893042130924
116787,5,0.043414618942205434
116787,6,0.06231814021245893
116787,7,-0.048618299479946496
116787,8,-0.0014822488215878715
116787,9,-0.03958531154657825
118008,1,-0.0018363754745872433
118008,2,0.011073842973557717
118008,3,-0.13103914567176972
118008,4,0.021002975809530266
118008,5,0.0261344806484459
118008,6,-0.016567439274428043
118008,7,-3.990454886409524e-4
118008,8,3.9728754214943816e-4
118008,9,-0.03745311566181585
118034,1,-0.011990416627323041
118034,2,-0.052477442976996684
118034,3,0.018274993452361363
118034,4,0.033296190076046825
118034,5,-0.03851714545930933
118034,6,0.02324968285902936
118034,7,-0.024244570559278786
118034,8,0.11265728893188723
118034,9,-0.015928819583159008
118087,1,0.0018006071890622685
118087,2,0.003326239186819295
118087,3,-0.11347931632920802
118087,4,0.0182728153837273
118087,5,0.0025542728120092873
118087,6,-0.029913339008096104
118087,7,-0.013129963207461208
118087,8,0.0418834551632651
118087,9,-0.02175279461435985
118150,1,-0.0017662515170033491
118150,2,0.011861374856164123
118150,3,-0.13572060358628693
118150,4,0.02241293119883991
118150,5,0.005617365870675068
118150,6,-0.025454357799525575
118150,7,-0.011062926789341992
118150,8,0.028786538178381258
118150,9,-0.03921105532313116
119730,1,4.5303208768855864e-4
119730,2,0.010028029603943717
119730,3,-0.12610962538193082
119730,4,0.020366588177956176
119730,5,0.012439337847757845
119730,6,-0.022777581431873837
119730,7,-0.010651180899941852
119730,8,0.03171963616158501
119730,9,7.281841042291991e-5
120093,1,0.0017858699702323056
120093,2,-0.0018182733504904715
120093,3,-0.10999828545706253
120093,4,0.0228201596185568
120093,5,-0.004143548302297248
120093,6,-0.007074331438314119
120093,7,-0.0045803532314434405
120093,8,0.001512987956082382
120093,9,-0.04291355080355968
120127,1,2.9881820093978533e-4
120127,2,-0.008486779382451197
120127,3,-0.11695022048486968
120127,4,0.03416737222200855
120127,5,-0.0013449642559933582
120127,6,-0.030154519354708195
120127,7,-0.01618802341240029
120127,8,0.016347839426015864
120127,9,-0.0015681489519986586
120471,1,0.14649170877948697
120471,2,-0.01483549889867971
120471,3,-0.09946437342170415
120471,4,0.05896036595817452
120471,5,-0.006003113814467398
120471,6,0.13350572420079307
120471,7,0.01550811468088315
120471,8,0.02776844430041236
120471,9,-0.18188105997279996
121310,1,0.17413387913215742
121310,2,-0.06948121577983708
121310,3,0.04146106107831792
121310,4,-0.007412068350820239
121310,5,0.0092580916379146
121310,6,0.09062694085295722
121310,7,-0.031154436242150273
121310,8,-0.034295619071133904
121310,9,0.012431456925162019
121470,1,-0.0013402383215593546
121470,2,2.3783557186905508e-4
121470,3,-0.1405057939812643
121470,4,0.035716467548878875
121470,5,0.018771853481341604
121470,6,-0.00914247523024674
121470,7,-0.008913320221800573
121470,8,0.04280393092290619
121470,9,-0.037695192274188334
121478,1,0.17744133995466568
121478,2,-0.0520563281969208
121478,3,-0.07947075621881809
121478,4,0.02058577964022308
121478,5,0.01582722779678582
121478,6,0.04384051170957421
121478,7,-0.053494490253876474
121478,8,0.0583277852527017
121478,9,-0.01097836039864565
121824,1,0.16724046239983018
121824,2,-0.057418070226634164
121824,3,-0.06839423171824632
121824,4,-5.311599098360875e-4
121824,5,0.020567469417767832
121824,6,0.04023509512723054
121824,7,-0.05393626747292729
121824,8,0.016417595929614653
121824,9,-0.03540535305809758
121976,1,0.16222419270315122
121976,2,-0.03832143681622566
121976,3,-0.08549539252836477
121976,4,0.006202821334601814
121976,5,0.034845582494511494
121976,6,0.03473994992767287
121976,7,-0.05415799153165353
121976,8,0.03475545508680661
121976,9,-0.03134055501366417
122508,1,0.1757993777795613
122508,2,-0.05043014264889033
122508,3,0.040986642923705775
122508,4,-0.00445058279202213
122508,5,0.03837565996119278
122508,6,0.03832197180058596
122508,7,-0.04214906167369087
122508,8,-0.02064722867498232
122508,9,-0.00524214915983116
124302,1,0.17104947663933323
124302,2,-0.045410481229269835
124302,3,-0.06422760542900637
124302,4,0.013455974911676135
124302,5,0.025478936871442422
124302,6,0.03516078166663865
124302,7,-0.06456161764956472
124302,8,0.02452862210925091
124302,9,8.964750217217257e-4
124412,1,0.1722629321836032
124412,2,-0.04632893740375723
124412,3,-0.08718730666312698
124412,4,0.01005728661736394
124412,5,0.011981756468196837
124412,6,0.05381850197012268
124412,7,-0.04846520695073815
124412,8,0.03683582613865951
124412,9,-0.03240714744543024
124431,1,-0.0050172092668649484
124431,2,-0.002701656439744778
124431,3,0.009111887724596958
124431,4,-0.004616069227035104
124431,5,-0.0362988163362812
124431,6,0.013790576977182145
124431,7,-0.02067203743421541
124431,8,0.0394292055486741
124431,9,-0.014626201505334363
125121,1,-0.08864389036654775
125121,2,-0.17537135718643274
125121,3,-0.06262093555036348
125121,4,-0.24702666265264872
125121,5,-0.06097472562756515
125121,6,0.12308428448958077
125121,7,-0.06533389691494039
125121,8,0.07935999993278284
125121,9,0.10757931702465444
125538,1,0.163055577131267
125538,2,-0.05847361289689968
125538,3,0.045693009758705674
125538,4,-0.014555800630602857
125538,5,0.019254932730699018
125538,6,0.05855773288743959
125538,7,-0.04886144541738598
125538,8,0.011065113502643276
125538,9,-0.006584062377086872
126149,1,0.006378231878145663
126149,2,0.008714837661360912
126149,3,-0.12098357749362557
126149,4,0.0026623854986686734
126149,5,0.007238031984562176
126149,6,-0.006719519610667214
126149,7,-0.0032560614713447473
126149,8,-0.016186540557573636
126149,9,-0.03999697484099159
126516,1,-0.0015453598911501604
126516,2,5.388759874451659e-4
126516,3,0.020193552872901036
126516,4,0.009598238103826628
126516,5,-0.015478114935949104
126516,6,-0.008022417139519428
126516,7,-0.008509337320950421
126516,8,0.039544237218485136
126516,9,0.028324796098834443
126529,1,0.06933299401534168
126529,2,0.1579129707786636
126529,3,-0.05275748672026752
126529,4,-0.11967055093471389
126529,5,-0.18574365653494354
126529,6,0.06294499648722919
126529,7,0.030509294387592003
126529,8,-0.23282329338061464
126529,9,-0.029010878514071574
126600,1,0.06360233691978172
126600,2,0.16634455322948138
126600,3,-0.036774357346941795
126600,4,-0.17115362252597321
126600,5,-0.11950013577914642
126600,6,-0.04480312034751417
126600,7,-0.02376644385667811
126600,8,0.03158284916565849
126600,9,-0.04073037188078935
126614,1,0.07639809019071299
126614,2,0.15673169434322257
126614,3,-0.07254002624034886
126614,4,-0.1904811703837786
126614,5,-0.13681536467078767
126614,6,0.007513368956320193
126614,7,0.006697937589477857
126614,8,0.014287581719745564
126614,9,-0.0018796977940097254
126730,1,0.07455298754393569
126730,2,0.17017919468687795
126730,3,-0.04858190361848213
126730,4,-0.1754515156072875
126730,5,-0.1285361275206448
126730,6,0.00583491930105251
126730,7,-0.014439990113255193
126730,8,-0.021817428674447092
126730,9,0.03822295349393929
126760,1,0.06761900640292036
126760,2,0.1576770200969925
126760,3,-0.022409441368382
126760,4,-0.17604553172467485
126760,5,-0.10419521767830518
126760,6,-0.01760262691276775
126760,7,-0.03886211648648873
126760,8,0.022070199229117994
126760,9,-0.00925161644175654
126923,1,0.07839715115558543
126923,2,0.15207764771097412
126923,3,-0.029244791547198
126923,4,-0.16519027564358674
126923,5,-0.1497760482388021
126923,6,0.0033821656266260656
126923,7,0.019327654182293336
126923,8,0.006044851876735621
126923,9,-0.04003722372966432
126930,1,0.07725227266607002
126930,2,0.16801051360747787
126930,3,-0.04371151055981622
126930,4,-0.17030925602236135
126930,5,-0.12284528411455052
126930,6,0.007494359848020758
126930,7,-0.012867229194711704
126930,8,0.007153397707409113
126930,9,0.04141315986235865
126971,1,3.693530806435812e-5
126971,2,0.07310368475632002
126971,3,0.04061327789357332
126971,4,-0.024478491225248894
126971,5,0.12008913531412135
126971,6,0.03935869233889029
126971,7,0.08175414539922535
126971,8,0.21217337470538333
126971,9,-0.05054456064158016
127194,1,0.058544834506197956
127194,2,-0.007832305654977252
127194,3,0.025786610421845265
127194,4,-0.026135764745557104
127194,5,0.08796867348311449
127194,6,-0.2036562312802282
127194,7,-0.1351378462459299
127194,8,0.143899251375645
127194,9,0.23136142395002443
127720,1,0.07958259028195717
127720,2,0.16250525781739059
127720,3,-0.049298411375530773
127720,4,-0.1868027713091971
127720,5,-0.11359822169217253
127720,6,-0.016784086748363295
127720,7,0.008492793879090615
127720,8,-0.004202341940029062
127720,9,0.0306375400816185
127952,1,0.0014637587867575236
127952,2,-0.004148585919512856
127952,3,3.6164385578727983e-4
127952,4,0.061011173054487534
127952,5,-0.03866605006741354
127952,6,-0.05672516303153166
127952,7,0.05274887523092504
127952,8,-0.03750014048585525
127952,9,-0.022163232483513522
128432,1,-0.016853799129288183
128432,2,0.02471391113424989
128432,3,0.011223084253286032
128432,4,0.020946343198709333
128432,5,-0.17187885277534595
128432,6,-0.054360548236079914
128432,7,0.04673124058091576
128432,8,-0.040869682693397344
128432,9,0.0015182985604995259
128713,1,0.07643446002743016
128713,2,0.15846059544159524
128713,3,-0.03600537058337808
128713,4,-0.16975709692620192
128713,5,-0.1289232699111402
128713,6,8.905549700255409e-4
128713,7,0.006006011025602616
128713,8,0.0059968618692534
128713,9,0.007547168497237862
128863,1,0.002247206525884087
128863,2,0.007919714617699039
128863,3,0.011725099989217941
128863,4,0.08097504282905858
128863,5,-0.05936535967323626
128863,6,-0.009120555540752636
128863,7,0.06422700723141908
128863,8,-0.05587100818597951
128863,9,-0.028701767412198403
129063,1,-0.006311113270130334
129063,2,0.00648526889260334
129063,3,0.016395871175596263
129063,4,0.07710664374727344
129063,5,-0.058412462385151624
129063,6,-0.015505663835885218
129063,7,0.04896297962208154
129063,8,-0.044085660727454463
129063,9,-0.0025377049469717246
129503,1,0.003923354319741785
129503,2,-5.251939582254788e-5
129503,3,0.0029928212479469894
129503,4,0.003500288311698945
129503,5,-0.018320439807458466
129503,6,-0.020508561645630443
129503,7,0.023189453057565538
129503,8,-0.045915054169634664
129503,9,-0.0371899291703709
129635,1,-0.083001453286079
129635,2,-0.15101862107378997
129635,3,-0.0030760317593241464
129635,4,-0.13601633677800032
129635,5,0.17118436765937395
129635,6,0.18407765702653417
129635,7,0.040867024598991906
129635,8,-0.15780658932450106
129635,9,-0.020682239164301394
129864,1,0.0683263010688852
129864,2,0.1630054375747695
129864,3,-0.05023665876896125
129864,4,-0.17814658099864014
129864,5,-0.12692062403840995
129864,6,-0.029466032609499142
129864,7,0.006562307521170675
129864,8,0.004413598672093366
129864,9,0.011622893810357018
129987,1,-0.001397574801851489
129987,2,0.009437926227489197
129987,3,-0.10866349031131681
129987,4,0.033941727494896955
129987,5,0.01745491014644951
129987,6,0.007756853446150116
129987,7,0.01967949996563589
129987,8,0.027803933572889374
129987,9,-0.026426037062017713
130133,1,-8.638357544987616e-4
130133,2,0.13536486959597954
130133,3,0.01068603602989321
130133,4,-0.19262852211341278
130133,5,0.175663895334829
130133,6,-0.22400520250111253
130133,7,0.15263607564495152
130133,8,0.05454799079661432
130133,9,-0.08442619288869165
131059,1,0.01134327293464259
131059,2,0.017754917151534762
131059,3,0.007862646255867925
131059,4,0.005820389731824707
131059,5,-0.026825583021512237
131059,6,0.006734443657319083
131059,7,0.014712781586132965
131059,8,-0.01791808082650247
131059,9,0.03677408185188753
131362,1,0.08280295438306733
131362,2,0.15770203099465271
131362,3,-0.0452038149207876
131362,4,-0.1901003871688962
131362,5,-0.11424023939070628
131362,6,-0.0021849315140521244
131362,7,-0.01202831624659249
131362,8,0.03238086293339817
131362,9,0.006736654597052984
