SNP_ID,PC,loading
119730,1,0.002723341262376551
119730,2,0.0026226501009481685
119730,3,0.009303035358817015
119730,4,0.0035300809198337934
119730,5,0.012269534317851181
119730,6,0.001725198861353605
120093,1,-0.0011481042658351766
120093,2,-0.0016826967492591025
120093,3,0.002425241936230357
120093,4,0.023474677639711797
120093,5,0.01367880047516329
120093,6,-0.013347323201815262
120127,1,7.788758610122023e-4
120127,2,0.001918489758172713
120127,3,0.002915929147842636
120127,4,0.020190906703991738
120127,5,0.00984622880001071
120127,6,-0.0037848856051818625
120471,1,0.040501677783507786
120471,2,0.005196455490035012
120471,3,0.04562853691067446
120471,4,-0.0401394734202512
120471,5,0.04259976607399277
120471,6,-0.18799356456851957
121310,1,0.04820064574158117
121310,2,0.02035088932174417
121310,3,0.029384210820707433
121310,4,-0.0797984799710437
121310,5,0.02738767848266723
121310,6,-0.2015511741567365
121470,1,0.003118961022903905
121470,2,0.0011049920397677379
121470,3,0.016951871540109006
121470,4,0.015915938397532754
121470,5,0.01087615378632102
121470,6,-0.01637720204372224
121478,1,0.04834578402091029
121478,2,0.01623370141442291
121478,3,0.04721751238067805
121478,4,-0.06348466552569998
121478,5,0.04885808595556899
121478,6,-0.20996586281005863
121824,1,0.04683859005467131
121824,2,0.018482135746583472
121824,3,0.041374532245809094
121824,4,-0.06319695468359268
121824,5,0.04545344315628437
121824,6,-0.23612334491056944
121976,1,0.05015007933317254
121976,2,0.011436993606391681
121976,3,0.04593922095160361
121976,4,-0.05834711275187276
121976,5,0.041456442377727935
121976,6,-0.2122699570046485
122508,1,0.05000901610563269
122508,2,0.02393451247134264
122508,3,0.03594992477967061
122508,4,-0.08345811354202302
122508,5,0.009570175976933956
122508,6,-0.20224840751345885
124302,1,0.050854145364909696
124302,2,0.016964559752624637
124302,3,0.04360019964155077
124302,4,-0.062114734948065124
124302,5,0.04487963596206134
124302,6,-0.2212920947817392
124412,1,0.04960923585536931
124412,2,0.019316332054060803
124412,3,0.035949151247423664
124412,4,-0.06227366669640203
124412,5,0.04239293459814283
124412,6,-0.20760462029637333
124431,1,6.637374698176641e-4
124431,2,0.006893132807470892
124431,3,0.004749773301177142
124431,4,0.005551363900962363
124431,5,-0.009589682860549604
124431,6,0.01774182087130364
125121,1,-0.058857446458208805
125121,2,-0.02987322056448848
125121,3,0.003545565520904497
125121,4,-0.01111495167486029
125121,5,-0.08044223610804244
125121,6,-0.036557893751049515
125538,1,0.04291526347376221
125538,2,0.015863934798323598
125538,3,0.030083510555093396
125538,4,-0.07204351063306845
125538,5,0.03779771666971885
125538,6,-0.1962449114725695
126149,1,0.0024048617448792268
126149,2,0.002394739474524709
126149,3,0.012779851179662243
126149,4,0.009343468382894375
126149,5,0.011053084501421926
126149,6,-0.018589348456044173
126516,1,-0.003233517180489905
126516,2,0.0030106345421069655
126516,3,0.00542617936775799
126516,4,0.003043430683310566
126516,5,-0.0075505555918843744
126516,6,0.025234553341909362
126529,1,0.05438944398164346
126529,2,0.03644236484768163
126529,3,0.06819116148513947
126529,4,-0.013285231944912799
126529,5,0.019254343483105875
126529,6,0.0018540912872055768
126600,1,0.05967467277788803
126600,2,0.013243145050887443
126600,3,0.07293294819353403
126600,4,-0.015666909681612246
126600,5,0.017695605562531386
126600,6,-0.016814426614626413
126614,1,0.056579034496587875
126614,2,0.0120458892750127
126614,3,0.07560735876889685
126614,4,-0.018579599048246243
126614,5,0.0037609574621565492
126614,6,-0.019828971170667693
126730,1,0.05646600183830579
126730,2,0.017986369375264537
126730,3,0.07160600176205205
126730,4,-0.03050496430594581
126730,5,0.008878596328083922
126730,6,-0.021240887988199075
126760,1,0.0584696439372207
126760,2,0.018427896849075125
126760,3,0.06679406879166168
126760,4,-0.025099611625517968
126760,5,0.019141838124800463
126760,6,8.836412536263787e-4
126923,1,0.055891752832106886
126923,2,0.021258058919947424
126923,3,0.08415186530872754
126923,4,-0.024227034388270313
126923,5,-0.002896338271774425
126923,6,-0.029058938580339595
126930,1,0.05971151013784051
126930,2,0.01524760452923652
126930,3,0.06786601771233709
126930,4,-0.036192535565435474
126930,5,0.008380810096579705
126930,6,-4.4478382292425784e-4
126971,1,0.01263518173178834
126971,2,0.01829347196186522
126971,3,0.004254906260034639
126971,4,-0.0047399215238476
126971,5,-0.01589666419374942
126971,6,0.01156695915891032
127194,1,0.03080652016599899
127194,2,-0.007082150529672276
127194,3,-0.004411656478651243
127194,4,-0.02911209240768553
127194,5,0.03238079667742774
127194,6,-0.05069970147377778
127720,1,0.05702292790132924
127720,2,0.01518915508485396
127720,3,0.07034842479187424
127720,4,-0.028225104621464114
127720,5,0.014644164942268155
127720,6,-0.02624788746627418
127952,1,-0.011654857470262176
127952,2,-0.003592644301312415
127952,3,-0.010150434730098877
127952,4,-0.05043683944114552
127952,5,0.043062128306325484
127952,6,0.022775437362345028
128432,1,0.001092134655857513
128432,2,-0.004456812921872033
128432,3,-0.0023584505032296648
128432,4,0.007977911150700363
128432,5,0.0033036951023308154
128432,6,0.008775551653596529
128713,1,0.05849383049725461
128713,2,0.023901930369942335
128713,3,0.07546927240090538
128713,4,-0.031757951554965226
128713,5,0.006606328448369537
128713,6,-0.02593189694684481
128863,1,-0.005967177519168404
128863,2,-0.007716680274043148
128863,3,-0.0049293109678941165
128863,4,-0.04331688555485742
128863,5,0.041261149131133545
128863,6,0.016554071865628954
129063,1,-0.003906856592838321
129063,2,-0.005205827350594563
129063,3,-0.012060981353529178
129063,4,-0.048057938914292636
129063,5,0.052281548027157676
129063,6,0.02341026807658588
129503,1,0.0012758755947566475
129503,2,0.003843939640629178
129503,3,-0.003917821653822808
129503,4,-0.04652097675809009
129503,5,0.03553182190722975
129503,6,0.0023644282822905976
129635,1,-0.08004455993770007
129635,2,0.034433616796207434
129635,3,-0.0025944926547523785
129635,4,-0.015194639372322696
129635,5,-0.11382546287904526
129635,6,0.00409040136920124
129864,1,0.05499383823334483
129864,2,0.012910450684627876
129864,3,0.07777942582255008
129864,4,-0.022686122067422595
129864,5,0.016573442901188003
129864,6,-0.03919410421086793
129987,1,-0.002783706926834384
129987,2,4.3514708313212324e-4
129987,3,0.016376888054176465
129987,4,0.014890481080972705
129987,5,0.01061670693055282
129987,6,0.0035126990912352964
130133,1,0.032499287132512045
130133,2,0.03398504700218636
130133,3,0.03579613527746592
130133,4,0.054612022706265646
130133,5,-0.02315627881105984
130133,6,0.12642533728915858
131059,1,-0.0029477844964083976
131059,2,-0.009553749487831152
131059,3,0.010491666057226906
131059,4,0.006215818806808703
131059,5,0.007121721615104796
131059,6,0.0029523762277012242
131362,1,0.057153387330327154
131362,2,0.019334932539207914
131362,3,0.07544098915536916
131362,4,-0.031830485366651014
131362,5,0.005198553975451861
131362,6,-0.025601080351425665
132258,1,6.365008603803808e-4
132258,2,-0.003507643861261098
132258,3,0.011609495591724212
132258,4,0.01992115859874494
132258,5,0.02180434461565853
132258,6,0.002501276305745264
132539,1,-8.818760004113686e-4
132539,2,-0.011118654354811575
132539,3,0.011343069210249445
132539,4,0.004002095689682333
132539,5,0.004568122632288778
132539,6,6.673027037816921e-4
132775,1,-0.07039379765945515
132775,2,-0.041306331388440004
132775,3,0.0020510086707667594
132775,4,-0.006323199007526922
132775,5,-0.07658505343014885
132775,6,-0.03789678650157058
133433,1,-0.08107524263392604
133433,2,-0.04129257287639835
133433,3,-0.0024090988832310323
133433,4,-0.06361293163008293
133433,5,-0.05221031755323579
133433,6,-0.04967104177278746
133900,1,-0.08159927079144458
133900,2,-0.04364448539140915
133900,3,0.002667785424554906
133900,4,-0.06566185185749028
133900,5,-0.04290702455597086
133900,6,-0.03023173706628608
134017,1,0.059140537866823724
134017,2,0.02091737466159177
134017,3,0.0747025950951655
134017,4,-0.024264005786947686
134017,5,-0.005388480813411635
134017,6,-0.02582492562439869
134196,1,-0.08107728168990161
134196,2,-0.04478389608460868
134196,3,0.013875819523089913
134196,4,-0.05083606547272284
134196,5,-0.021663731045847262
134196,6,-0.023889097509802
134281,1,-9.259282588612654e-4
134281,2,-0.006075968536263182
134281,3,0.0018898077487708425
134281,4,-0.012522010738140132
134281,5,0.015218729848566034
134281,6,-1.5656809750067038e-5
134349,1,0.0024167620286955627
134349,2,0.002141809401966944
134349,3,0.004513625673461754
134349,4,0.020003635002591145
134349,5,0.015294651179913653
134349,6,-0.0022725270336271435
134400,1,-0.0812350415561683
134400,2,0.022585297361662305
134400,3,-0.017258284156087204
134400,4,-0.07019389029064693
134400,5,-0.070896223827924
134400,6,-0.010146060000370553
134539,1,-0.09488457536369792
134539,2,0.03296767555945525
134539,3,-0.017584476423502422
134539,4,-0.05604858794830169
134539,5,-0.07269612429590054
134539,6,0.014038584440300766
135725,1,-3.8568078664418903e-4
135725,2,-0.0026806816841753035
135725,3,0.012765727580870724
135725,4,0.021595765720626187
135725,5,0.007367786988081409
135725,6,0.0028715745600936364
136025,1,-0.09118020288803573
136025,2,0.03101393788528647
136025,3,0.0018764614459271822
136025,4,-0.055804859215651384
136025,5,-0.06073877458671873
136025,6,0.01573676563316193
136374,1,-0.09365348789742059
136374,2,0.03126657990619674
136374,3,-0.008420546486933753
136374,4,-0.08637499977221941
136374,5,-0.07530759915905637
136374,6,9.505580984457012e-4
136454,1,-0.09988320094406257
136454,2,0.03143080150243578
136454,3,-0.0047193215365763964
136454,4,-0.07350480936540349
136454,5,-0.08490944618389058
136454,6,0.008827518553930675
136461,1,-0.012516137800854628
136461,2,-0.11706169486725025
136461,3,3.9721145381236266e-5
136461,4,-0.00736342366044823
136461,5,-0.0023924346865209305
136461,6,-4.958853977783975e-4
136568,1,0.0018546040029082337
136568,2,0.004852271204316253
136568,3,0.014638665500012032
136568,4,9.543762712724982e-4
136568,5,0.004561636223900458
136568,6,-0.010442574786031585
136721,1,-0.09733061603613956
136721,2,0.030845056869035208
136721,3,-0.001728929162046608
136721,4,-0.067971774319568
136721,5,-0.07695501200380582
136721,6,0.025672524075589707
136983,1,9.706182501651888e-4
136983,2,-0.005106999965898075
136983,3,-4.929872418371427e-4
136983,4,-0.02396764745923601
136983,5,0.009115423002997997
136983,6,0.007672118245359905
137114,1,-0.09409695652554172
137114,2,0.02745188266679861
137114,3,-0.012567307255358436
137114,4,-0.07672787785830115
137114,5,-0.075811706531467
137114,6,-0.0010929784560921674
137127,1,0.03549954602452252
137127,2,-0.014380992786188068
137127,3,0.05058386754708684
137127,4,-0.04364123706079888
137127,5,-0.04097501964296472
137127,6,0.00855716759119506
137293,1,0.0034228640713721945
137293,2,-0.0013156615847839186
137293,3,0.010150639385661018
137293,4,0.00494621303296087
137293,5,0.014470857570000542
137293,6,-0.012976562362158309
137310,1,-0.09320425851988917
137310,2,0.0305286393368479
137310,3,-0.013428069868107476
137310,4,-0.06093137147201275
137310,5,-0.07151876807069321
137310,6,0.009361700107914345
137454,1,-0.09576509378066411
137454,2,0.02784997881550708
137454,3,-0.008175701150071329
137454,4,-0.07792327719978358
137454,5,-0.08179018573085696
137454,6,0.013153962491676432
137674,1,0.05773092735450751
137674,2,0.015294884935930907
137674,3,0.06679660020031682
137674,4,-0.016423360238134788
137674,5,0.009362822701710665
137674,6,-0.039683656236293025
137900,1,-0.09159263424938538
137900,2,0.026159036520333693
137900,3,-0.005852218868366832
137900,4,-0.07696356421489885
137900,5,-0.07672990098992931
137900,6,0.008326917080929516
138125,1,-0.09781126522607762
138125,2,0.03066942978115328
138125,3,-0.00197780093949372
138125,4,-0.0815106490502303
138125,5,-0.07236054377051493
138125,6,0.016928746105042802
138148,1,-0.09343443243943671
138148,2,0.025595340444309417
138148,3,-0.0099848891584581375
138148,4,-0.07583498224690388
138148,5,-0.06935726020522927
138148,6,0.005455533474656592
138460,1,-0.09567396856860211
138460,2,0.026053621212658525
138460,3,-0.003882173719202875
138460,4,-0.07289530006471931
138460,5,-0.07731015537011025
138460,6,0.0027060937638249353
138555,1,-0.0968678218522902
138555,2,0.027132512600886984
138555,3,-0.008307633680500746
138555,4,-0.06358000648672672
138555,5,-0.07451944193082226
138555,6,0.029060285184755195
138601,1,0.029117882025921017
138601,2,-0.010992350015813815
138601,3,0.04899488398910511
138601,4,-0.024103435333679382
138601,5,-0.04301812498180557
138601,6,5.085690121985701e-4
138603,1,0.029676531706603972
138603,2,-0.012737366367097668
138603,3,0.04354713897990579
138603,4,-0.03177181628224314
138603,5,-0.035889169716600555
138603,6,0.014868288993277402
138620,1,-0.09437498429393715
138620,2,0.028033406280080775
138620,3,-0.008932933454103729
138620,4,-0.07462000928804806
138620,5,-0.08077922686680793
138620,6,0.010814746401174125
139154,1,-0.09781177738077391
139154,2,0.025392894691557043
139154,3,-0.010288057444671473
139154,4,-0.06978072768497046
139154,5,-0.0647691254664291
139154,6,0.0018029639763339745
139173,1,-0.09771472087983268
139173,2,0.0316082993190119
139173,3,-0.012236885477885151
139173,4,-0.0669273289158681
139173,5,-0.08140557494939356
139173,6,0.02520908292088269
139362,1,0.028729223287038256
139362,2,-0.020829790605924135
139362,3,0.04006537988273808
139362,4,-0.04948410877244496
139362,5,-0.04110211065960055
139362,6,0.011585010882635404
139409,1,-0.09302333466128268
139409,2,0.031063822017650875
139409,3,-0.00676533313956313
139409,4,-0.07778470442019599
139409,5,-0.06999347401502005
139409,6,0.009151631739641555
139456,1,-0.09296407886738699
139456,2,0.021548944654281685
139456,3,-0.006907721541102688
139456,4,-0.06642665353841369
139456,5,-0.08010400561500101
139456,6,0.003143544493645941
139576,1,-0.09096276578475657
139576,2,0.022338491217644314
139576,3,-0.013027458293051812
139576,4,-0.073075842559236
139576,5,-0.07488065002891295
139576,6,0.012845763008411957
139741,1,-0.06199925916111842
139741,2,0.0036302289106017248
139741,3,-3.703191985034452e-4
139741,4,-0.0045268792869934795
139741,5,-0.09539474023884516
139741,6,-0.01529356594613234
139841,1,0.028088164485042106
139841,2,-0.008324711958718289
139841,3,0.04713198201977367
139841,4,-0.04798374220949298
139841,5,-0.03841883917779095
139841,6,0.0025151285627441626
140086,1,0.057644728210534735
140086,2,0.0195405339940152
140086,3,0.07048670549491516
140086,4,-0.006741733261085868
140086,5,8.021877259877197e-4
140086,6,-0.01828514401737386
140171,1,-0.09590335044706423
140171,2,0.02945002735389555
140171,3,-0.0030241674976093052
140171,4,-0.07033874597883008
140171,5,-0.06796411210526088
140171,6,-9.677154104652738e-4
140280,1,0.03039276235526607
140280,2,-0.014083963574586007
140280,3,0.052213544461947384
140280,4,-0.04265139219205777
140280,5,-0.028861721327314023
140280,6,0.01417882444287418
140505,1,-0.09499403094749959
140505,2,0.03023473978488599
140505,3,-3.141808668243051e-4
140505,4,-0.07090649241172364
140505,5,-0.07106164149130972
140505,6,-0.0012627678055196455
140506,1,-0.09364185561168643
140506,2,0.029280044777789314
140506,3,-0.00509385981623119
140506,4,-0.07565023358558576
140506,5,-0.07799061905783729
140506,6,0.01306609170374093
140695,1,-0.09539639866500856
140695,2,0.02494410352871632
140695,3,-0.009315165750941361
140695,4,-0.07687169990357194
140695,5,-0.07181792559422986
140695,6,0.013589877650413001
140853,1,-0.09674888337264945
140853,2,0.0279866400107347
140853,3,-0.00945896820024172
140853,4,-0.06458980670364267
140853,5,-0.07657704150553511
140853,6,0.01627011828934458
140909,1,-0.0031570464726085553
140909,2,-0.035331389798986035
140909,3,0.011289067951954014
140909,4,0.005280978186169579
140909,5,0.021043069232888276
140909,6,-0.004284585516302526
141769,1,-0.09818443343270498
141769,2,0.034947169372002665
141769,3,-0.008024761935986318
141769,4,-0.06702916899957878
141769,5,-0.07070057515419395
141769,6,-0.0027053055515614773
143495,1,-0.09325755590433873
143495,2,0.026793274415576298
143495,3,-0.009059407105325315
143495,4,-0.07000220678408932
143495,5,-0.06898790306419054
143495,6,0.001328873266873979
143723,1,-0.09505508881190708
143723,2,0.02845412717345761
143723,3,-0.011420537528663476
143723,4,-0.06434092712479145
143723,5,-0.07013678904372585
143723,6,0.020163006330867553
143754,1,-0.0958151128711341
143754,2,0.024897466708571892
143754,3,-0.005473610245966975
143754,4,-0.06908397388277458
143754,5,-0.08405439528841016
143754,6,0.007535806307379829
144050,1,-0.011637563363955005
144050,2,-0.10808681103761424
144050,3,0.005551648940213093
144050,4,-0.009673122865260907
144050,5,-0.005736068735162032
144050,6,7.020520751880067e-4
144382,1,0.05669155324493532
144382,2,0.026518634915308606
144382,3,0.06079168426386217
144382,4,-0.02595169650016404
144382,5,9.531914367909828e-4
144382,6,-0.018879909502168914
144460,1,0.005721331644580563
144460,2,0.004374807282631264
144460,3,-0.008597495293434369
144460,4,-0.0014560696013746482
144460,5,-0.009463697098981273
144460,6,-0.006661744036046012
144535,1,0.06278305168295198
144535,2,0.029933801064313523
144535,3,0.07912014316030849
144535,4,-0.040115614350482026
144535,5,0.004591324136389485
144535,6,0.017312030256290346
144560,1,0.06413330980974115
144560,2,0.02809548614926403
144560,3,0.08055014710191012
144560,4,-0.0488727442451873
144560,5,0.01258517039728855
144560,6,0.024429954579642674
144570,1,0.04350607614162775
144570,2,-0.018970980189682293
144570,3,0.06011238730901983
144570,4,-0.08030272100277888
144570,5,-0.030641028835741095
144570,6,0.042152973163834796
144899,1,0.04595160091413509
144899,2,-0.02952301068571572
144899,3,0.06920332089206328
144899,4,-0.0797160934587447
144899,5,-0.03130237237425448
144899,6,0.04620509132697997
145413,1,0.04287992180230607
145413,2,-0.02102994761553397
145413,3,0.06490153615271284
145413,4,-0.05959542510951875
145413,5,-0.026193677130474227
145413,6,0.04268604812939713
145853,1,-0.09715022275226078
145853,2,0.026265948628055
145853,3,-0.013338023530363827
145853,4,-0.07216272919416927
145853,5,-0.08130356406778137
145853,6,0.004687502436222425
146951,1,-0.09231553012752258
146951,2,0.0320251811618175
146951,3,-0.007156727068799704
146951,4,-0.07638986446480456
146951,5,-0.07787282117756544
146951,6,0.016351389440166623
146995,1,0.04182894019196281
146995,2,-0.02362779565381462
146995,3,0.06237523253102057
146995,4,-0.07572657051471261
146995,5,-0.032662280105943846
146995,6,0.02736884947052465
147093,1,-0.011441757607945944
147093,2,-0.11142370760848735
147093,3,-0.007516329178049833
147093,4,-0.008814871503973554
147093,5,-7.723777525166892e-4
147093,6,-0.014929815061316852
147486,1,-0.00999338746378742
147486,2,-0.12027526398155632
147486,3,-0.003466091975226309
147486,4,0.003114840734490105
147486,5,0.0033072904434153626
147486,6,-0.007666318337232238
147497,1,-0.09643454032757519
147497,2,0.0243953092297953
147497,3,-0.003377745802513097
147497,4,-0.07949659529999117
147497,5,-0.08269181702034656
147497,6,0.006837133065013754
147685,1,-0.09390740886880455
147685,2,0.03290118425081249
147685,3,-0.005670183362853831
147685,4,-0.06789533381788161
147685,5,-0.06802205905114536
147685,6,0.012014128847184403
147809,1,0.0021329510448639664
147809,2,-0.012275369184222411
147809,3,0.001066348356148633
147809,4,-0.0013855063695417575
147809,5,-0.00369015988489645
147809,6,-0.007188959558228533
147915,1,-0.09554633690765404
147915,2,0.032311062418019246
147915,3,-0.016230018432955986
147915,4,-0.06378553359246146
147915,5,-0.07563957840355347
147915,6,-0.0014266175074944118
147917,1,-0.09287401967052929
147917,2,0.025436970754745655
147917,3,-0.00793437137873117
147917,4,-0.07769269564721336
147917,5,-0.06680374194143407
147917,6,0.010879232275772279
148703,1,-0.09554088049289879
148703,2,0.025490132076294303
148703,3,-0.006745396633890494
148703,4,-0.06741073309283192
148703,5,-0.06449173578100097
148703,6,0.004421473341160155
149381,1,0.0018887040638369608
149381,2,-5.8693235333893e-4
149381,3,0.01901235707084949
149381,4,0.011026794682436052
149381,5,0.019026153169322896
149381,6,0.006813185159815833
149407,1,0.045103694808533004
149407,2,-0.024155708617438248
149407,3,0.06363930903435998
149407,4,-0.08542785933787385
149407,5,-0.029630928723667325
149407,6,0.030353293164842796
149599,1,0.0017430983073617279
149599,2,-4.737310737194365e-4
149599,3,0.006877115699596857
149599,4,0.011868164626443894
149599,5,0.007065064740010242
149599,6,0.025227950840061023
149913,1,-0.006780425474711953
149913,2,-0.11317457326548103
149913,3,-1.9465260391301483e-4
149913,4,-0.007698812873964391
149913,5,0.0025417356046059415
149913,6,-0.00263846962283181
149975,1,0.04048865560023178
149975,2,-0.02213383352215434
149975,3,0.061552378368404395
149975,4,-0.08052452640518631
149975,5,-0.022152981922746576
149975,6,0.029516290193434113
150262,1,0.002634671954651029
150262,2,-0.007110330633336396
150262,3,0.01324960968633702
150262,4,0.003303607293861035
150262,5,-0.006282942924630075
150262,6,0.04184742051917988
151330,1,0.04395379950160229
151330,2,-0.022356146382912015
151330,3,0.05727518946133726
151330,4,-0.08100327031352524
151330,5,-0.028925396909049883
151330,6,0.039983536745948754
151677,1,7.129494508758244e-4
151677,2,0.005526899028097874
151677,3,0.011037802175319153
151677,4,0.0075879796027251735
151677,5,0.00489195971987368
151677,6,0.015606552196425906
152358,1,0.004340036940510911
152358,2,0.00266662618491024
152358,3,-0.017010823261417878
152358,4,0.02615042407457399
152358,5,-0.014961317375664704
152358,6,-0.01365548278347194
152533,1,0.04185193778992599
152533,2,-0.021842899709141318
152533,3,0.07000881511084524
152533,4,-0.05574105649897036
152533,5,-0.035113602252834
152533,6,0.024311918172585392
152570,1,0.036891822901979635
152570,2,-0.022922183737681876
152570,3,0.06609043967906945
152570,4,-0.06216875714922954
152570,5,-0.03085207157139535
152570,6,0.03962146490244878
152972,1,0.04116040874194696
152972,2,-0.029574375672669646
152972,3,0.07169408716061493
152972,4,-0.07000969788168412
152972,5,-0.03332518842168627
152972,6,0.04588519480816717
152992,1,0.0427095156879886
152992,2,-0.024365307167718238
152992,3,0.06978217796538007
152992,4,-0.06878096413634159
152992,5,-0.02707164460611106
152992,6,0.04927920214222492
153057,1,-0.004316505370440578
153057,2,-0.08722306941147573
153057,3,-0.008799286051689474
153057,4,0.0036691469787250883
153057,5,-0.02142553540117315
153057,6,0.013368610843015993
153267,1,0.06257026696555762
153267,2,0.023377398847042406
153267,3,0.08717702576288057
153267,4,-0.062121834412605534
153267,5,-0.010874453343889728
153267,6,0.02376599059882016
153393,1,0.06287978531954092
153393,2,0.016836286134607928
153393,3,0.08149182886658435
153393,4,-0.04601830383611821
153393,5,0.007115889125730953
153393,6,0.022707274410764262
153430,1,-0.007497564658382992
153430,2,-0.11098302287398232
153430,3,-0.016991237071258672
153430,4,2.724377171260396e-4
153430,5,-0.009515203953484005
153430,6,-0.026718181179090382
153691,1,0.06342304330937204
153691,2,0.026663149593711792
153691,3,0.08601163930568839
153691,4,-0.059689851185046036
153691,5,0.0032726884959100692
153691,6,0.02428255859806489
153856,1,-0.08461267199752696
153856,2,0.02747960080067782
153856,3,-0.004295585253377938
153856,4,-0.01680945531912056
153856,5,-0.1069237308975199
153856,6,0.010713622848045135
154162,1,-0.003938704150106993
154162,2,-0.11036175255187855
154162,3,0.0012412672071710395
154162,4,-0.0024213003133876886
154162,5,0.003816559650627092
154162,6,0.005390266503171706
154214,1,0.0010182476578861576
154214,2,-0.009586217557983636
154214,3,0.0033548376293154234
154214,4,-0.015028768909580523
154214,5,0.0163865938402871
154214,6,0.014231367120683151
154241,1,-0.010090069124829014
154241,2,-0.10932594355053109
154241,3,-0.007836886855194894
154241,4,-0.014917919234469336
154241,5,-0.005359611619523293
154241,6,0.0020163457158243188
154322,1,0.012940270011314788
154322,2,-0.009130230946331606
154322,3,-0.005032690559683489
154322,4,-0.01076626169353478
154322,5,-0.0030060426542260414
154322,6,-0.03763134260821535
154403,1,0.0045461727193954965
154403,2,0.0029901235312585683
154403,3,0.0077370971879005684
154403,4,-0.0022102649278279104
154403,5,0.011351388824039469
154403,6,-0.010571341632863288
154584,1,-0.00546087541029815
154584,2,-0.10812213060872773
154584,3,-0.004873247295576489
154584,4,-0.01763321661590861
154584,5,0.004271255640775038
154584,6,-0.016744915451715768
154614,1,0.05991352155406505
154614,2,0.022085686486096448
154614,3,0.08692008590452761
154614,4,-0.05396799651594699
154614,5,-7.587532009117857e-5
154614,6,0.023434605684116202
154710,1,-0.0021565383529501413
154710,2,-0.11408667857556817
154710,3,-0.007364618365439755
154710,4,-0.01281433914461188
154710,5,-0.007814028714476333
154710,6,-0.017175868679404686
154788,1,-0.0038352475684853967
154788,2,0.004434954218573815
154788,3,0.003880896487686711
154788,4,-0.015636605019851944
154788,5,-0.007569959468590113
154788,6,-0.042784463590980135
154809,1,9.279364591754865e-4
154809,2,5.487340008978554e-5
154809,3,0.009676515579375853
154809,4,0.021665342018859102
154809,5,0.010129328599947102
154809,6,-0.001488024895622402
154837,1,-0.004255942233929016
154837,2,-0.1022731450829165
154837,3,8.942694462697213e-4
154837,4,-0.004767321828715598
154837,5,0.01587400335736469
154837,6,0.0013700122852695318
155378,1,-0.0033623548965711868
155378,2,-0.015787563380020197
155378,3,0.009169763098296703
155378,4,0.004619244985651281
155378,5,0.009254183944337583
155378,6,-0.03292213960350105
155449,1,2.0380128900854145e-4
155449,2,-1.23530202582547e-4
155449,3,0.01309900406102265
155449,4,0.011801461403000856
155449,5,0.017598320282584547
155449,6,0.009235664160956152
155627,1,-0.004918591357423546
155627,2,-0.004951130663483931
155627,3,0.006020678797064765
155627,4,0.0037743407624495993
155627,5,0.005097380887917761
155627,6,-3.6738970880847673e-4
155732,1,-0.0037211074925720855
155732,2,-0.002208151646385716
155732,3,0.005595861654538563
155732,4,0.006789985744847396
155732,5,0.008647593484136304
155732,6,0.002426267378743251
155880,1,0.0050485766959973855
155880,2,-0.008424364466886294
155880,3,0.007681115304438174
155880,4,-0.012722571679889527
155880,5,0.009536978734112397
155880,6,-0.015253269857406956
155910,1,0.045177250189662815
155910,2,-0.02605151035008504
155910,3,0.06379278537203642
155910,4,-0.06648942994013424
155910,5,-0.028275989676004216
155910,6,0.04782273743558176
155954,1,0.024331041650598153
155954,2,0.009904528176784519
155954,3,0.010501592827126375
155954,4,0.009482053227055942
155954,5,0.002361187208632609
155954,6,0.03321468535000916
155955,1,0.06647944330896549
155955,2,0.019865102502796415
155955,3,0.09031120886333457
155955,4,-0.05548445936644513
155955,5,-0.0022032433492867294
155955,6,0.032437358249245485
156018,1,0.004692200283017977
156018,2,-0.08227617527846022
156018,3,0.003257473402878397
156018,4,0.0060535443823240085
156018,5,0.012514231671338132
156018,6,-0.040317093435777315
156024,1,0.0011412984848886613
156024,2,-0.08085976673936947
156024,3,0.0069013213570624675
156024,4,0.009642323550460475
156024,5,0.010209664342476006
156024,6,-0.04793547702437686
156033,1,0.004008954846298556
156033,2,-0.07929074520301073
156033,3,0.010659075873789746
156033,4,-1.6534391351120706e-4
156033,5,0.015146234084145312
156033,6,-0.025944499543370105
156142,1,-0.010584632867979947
156142,2,-0.11305465588308684
156142,3,0.005672820001075231
156142,4,0.0015135001101598477
156142,5,0.006555923784779037
156142,6,-0.007865181776645368
156165,1,0.04944399575388607
156165,2,-0.014013944997267101
156165,3,0.06399329819775335
156165,4,-0.06096629724227227
156165,5,-0.041553047345875456
156165,6,0.03179550037163949
156173,1,0.062026861963624245
156173,2,0.02352636494294547
156173,3,0.09232840513577491
156173,4,-0.05249497664312537
156173,5,0.0013926882137375847
156173,6,0.004106136705546132
156204,1,-0.012878880677614158
156204,2,-0.11578828596679842
156204,3,-0.011095141809110398
156204,4,-0.01354534226793791
156204,5,-0.006032391007837368
156204,6,-0.0026723545309186632
156236,1,-1.7871629867106907e-4
156236,2,-0.0037119453072842223
156236,3,0.0059359454939396
156236,4,-0.002815465416757469
156236,5,-0.006392694266742987
156236,6,0.002481086040657486
156329,1,0.0461934953643869
156329,2,-0.0222513273649405
156329,3,0.06713621129716733
156329,4,-0.07420790522040013
156329,5,-0.027369779386682884
156329,6,0.04685074824509319
156330,1,0.044160258499662784
156330,2,-0.022981834736566443
156330,3,0.059014956728444354
156330,4,-0.06906317772827546
156330,5,-0.03012418752135203
156330,6,0.05536759624877837
156532,1,8.896945989532654e-5
156532,2,-0.001567197959038157
156532,3,0.014112063149449572
156532,4,0.016302309602920177
156532,5,0.00618972344682203
156532,6,0.0027464505963224603
156534,1,0.0441547778327041
156534,2,-0.0288637903198531
156534,3,0.06291093813856777
156534,4,-0.06649325568300476
156534,5,-0.031657437208540404
156534,6,0.04322702672356878
156652,1,0.06455298298909581
156652,2,0.02808289905623486
156652,3,0.08154991320709953
156652,4,-0.05153607462340592
156652,5,-0.010716554599931505
156652,6,0.024404220091443544
156656,1,0.04479305505404538
156656,2,-0.025176799983200732
156656,3,0.06284294464389036
156656,4,-0.070298568421066715
156656,5,-0.02907979689989145
156656,6,0.03781623663014409
156769,1,-0.006304698279998747
156769,2,-0.11511881924158353
156769,3,-0.009694401592408286
156769,4,-0.01297597175633818
156769,5,-0.0011299351252048334
156769,6,-0.005327317727424415
156797,1,-0.008032403606111127
156797,2,-0.11592765327688447
156797,3,-0.009591315266922886
156797,4,-0.017094762745937866
156797,5,-0.004949434879605989
156797,6,0.001910109114561393
156966,1,4.175463834297795e-5
156966,2,-0.001877426397744359
156966,3,0.008404611343720714
156966,4,9.906309401584185e-4
156966,5,-0.0032852800442653503
156966,6,-0.012150545931764975
157157,1,0.03973610157711759
157157,2,-0.02543121668053832
157157,3,0.06878209554821302
157157,4,-0.07546044543031984
157157,5,-0.025209760712709257
157157,6,0.06103848548271145
157272,1,0.040492667970938194
157272,2,0.045950092512978276
157272,3,0.053856421466009156
157272,4,0.03410941128946562
157272,5,-0.009902152078050404
157272,6,0.16406986447167288
157746,1,0.043469598781438
157746,2,-0.02624258248884235
157746,3,0.06449753826432336
157746,4,-0.0874134265086025
157746,5,-0.027894955607059457
157746,6,0.05568600054008655
157851,1,-0.008576298167181239
157851,2,-0.11744057207016595
157851,3,0.0014730365363848702
157851,4,-0.017034143177791332
157851,5,0.007896026067365256
157851,6,-0.006131765950500732
157975,1,-0.008499532532786432
157975,2,-0.11610264710502674
157975,3,0.0027818886019120655
157975,4,-0.010989778969406222
157975,5,0.006655126282861903
157975,6,-0.015637799305195068
157976,1,0.0406055245948347
157976,2,-0.029582686169953177
157976,3,0.05945048693440368
157976,4,-0.0754244979347639
157976,5,-0.03284708305314734
157976,6,0.0501161422071652
157984,1,-0.015372069845501577
157984,2,-0.1245935929685855
157984,3,-0.0015524966385352089
157984,4,-0.019149346852666883
157984,5,-0.010414431261383913
157984,6,-0.027475201530240884
158114,1,0.043384803575520436
158114,2,-0.023940334963994284
158114,3,0.06510405599485974
158114,4,-0.07936023234349826
158114,5,-0.03300409073343261
158114,6,0.048009465193363805
158315,1,0.06362396045415376
158315,2,0.03379258940100274
158315,3,0.08873727903905085
158315,4,-0.04145104437720641
158315,5,-0.018182959529352748
158315,6,0.00753545840953377
158390,1,-0.014922333735374263
158390,2,-0.114566776596152
158390,3,-0.00748924900069677
158390,4,-0.020301955352954645
158390,5,3.122861714874412e-4
158390,6,-0.0221975752449861
158434,1,0.06539126946287338
158434,2,0.02565866030762362
158434,3,0.08186572018936622
158434,4,-0.057714660566596986
158434,5,0.005894139261181742
158434,6,0.03427643308454199
158495,1,0.04196673386651987
158495,2,-0.026374481515470366
158495,3,0.07005817395479719
158495,4,-0.06697459154252867
158495,5,-0.0325351747250492
158495,6,0.04555845321322217
158684,1,-0.008250207436095851
158684,2,-0.11573972895284433
158684,3,-0.007088882047726651
158684,4,-0.01705621769693141
158684,5,-9.936635932881598e-4
158684,6,-0.016490061132483084
158690,1,-0.012171788399050728
158690,2,-0.1183326184671051
158690,3,-0.008656326544607304
158690,4,-0.012752933573215343
158690,5,-8.410341586068714e-4
158690,6,-0.0229371356327206
158744,1,0.0034029259522657543
158744,2,0.0032766604205741036
158744,3,0.005307494568193456
158744,4,0.007140892772041772
158744,5,0.008412594900081134
158744,6,0.012980811303772337
159097,1,-0.012352765895137625
159097,2,-0.1178584090203439
159097,3,9.044187849176164e-4
159097,4,-0.012536888940671571
159097,5,-8.041624405238122e-4
159097,6,-0.033401438774437464
159245,1,-0.008185800328436063
159245,2,-0.1132702579655465
159245,3,-0.007954098941628095
159245,4,-0.007716361572532104
159245,5,0.0028436606570736546
159245,6,-0.019131625903842882
159289,1,0.059497366184247794
159289,2,0.024273719539191572
159289,3,0.08421863902530577
159289,4,-0.06200854574414324
159289,5,-0.0022463209164548126
159289,6,0.031084961031294836
159745,1,-0.012104188239313125
159745,2,-0.12515888995383143
159745,3,-0.004679625923270136
159745,4,-0.02313000294024002
159745,5,-0.006743193227449208
159745,6,-0.008208646826859291
160207,1,0.0013097864300213125
160207,2,0.0038921722926223844
160207,3,0.009587449331429439
160207,4,0.015484643607742788
160207,5,0.013132641354772729
160207,6,0.00903850669501847
160208,1,0.04537818139631933
160208,2,-0.022659387078473633
160208,3,0.06534501796684333
160208,4,-0.07459491906887988
160208,5,-0.02718564047548004
160208,6,0.04971778258325628
160216,1,-0.014751419041275495
160216,2,-0.11043856860369514
160216,3,-0.003972431986062184
160216,4,-0.014428047605888885
160216,5,0.00412599451812656
160216,6,-0.012448413811412564
160533,1,0.05956613875137268
160533,2,0.027008674401243483
160533,3,0.08263378540767614
160533,4,-0.04927531098597638
160533,5,0.002215384521330041
160533,6,0.024825713402421016
160551,1,0.04153063247235853
160551,2,-0.024908438599766537
160551,3,0.05350454406739807
160551,4,-0.07442369516203605
160551,5,-0.030286529480490966
160551,6,0.044230325902979054
161450,1,0.039586170395486266
161450,2,-0.019876839882553732
161450,3,0.061555942724772696
161450,4,-0.0761729723511125
161450,5,-0.024012714698562785
161450,6,0.05755799547768144
161502,1,-0.009638937433539087
161502,2,-0.11837780207735646
161502,3,-0.0027866578127847133
161502,4,-0.002802484503341762
161502,5,0.007519561005192788
161502,6,-0.012163789771022228
161736,1,-0.009750091963542845
161736,2,-0.11727912763786112
161736,3,3.7098704073449724e-4
161736,4,-0.013788766018918033
161736,5,-0.012287852182253178
161736,6,-0.00597126611417406
162102,1,-0.007290011114802567
162102,2,-0.11418098525439833
162102,3,-2.0697831208126043e-4
162102,4,-0.02448630972076363
162102,5,-0.0038902264523983945
162102,6,-0.009356868199187374
162217,1,-0.00796814827670312
162217,2,-0.11488412493630717
162217,3,0.004990477976896795
162217,4,-0.013215455559916878
162217,5,-0.004523562322031675
162217,6,-0.017466318848936225
162276,1,0.003137224403902804
162276,2,0.0030333888927365407
162276,3,-0.005146577687508738
162276,4,0.016531215797835935
162276,5,-0.008563859802754667
162276,6,0.0015603159239442875
162292,1,-0.010664170712871136
162292,2,-0.11083502101886883
162292,3,-0.004337392357868884
162292,4,-0.019351332655703782
162292,5,-0.008087209828036667
162292,6,-0.015236174844833123
162683,1,0.062301872862378975
162683,2,0.02280005059863281
162683,3,0.0918212773038403
162683,4,-0.06379170150256541
162683,5,0.0018699651771795379
162683,6,0.023336448812996336
162697,1,-0.008890490622623223
162697,2,-0.12341517874079656
162697,3,-0.0022696527935869614
162697,4,-0.02127020136834104
162697,5,0.0029546944974082655
162697,6,0.001110802732345976
162810,1,5.646330273307404e-4
162810,2,-7.615685994576619e-4
162810,3,0.010496333794144818
162810,4,0.017982885625523675
162810,5,0.015160410612977737
162810,6,0.0014627865615778643
163218,1,0.0014831482463397298
163218,2,0.011043575607793104
163218,3,0.007870303810617098
163218,4,-0.03415779551735495
163218,5,2.1246827167555133e-4
163218,6,-0.034228567948868784
164043,1,-6.783294581639297e-4
164043,2,0.0072291333040414366
164043,3,0.005707608518951149
164043,4,-0.013134439226733626
164043,5,-0.01021153404830452
164043,6,0.02440629749470567
164083,1,-0.0031851609846115917
164083,2,-0.11548332115601405
164083,3,-0.008117044831357313
164083,4,-0.00995210197560175
164083,5,0.00138975111370461
164083,6,-0.03575531351677409
164340,1,0.06423994631444753
164340,2,0.028715964912763976
164340,3,0.08993739760480626
164340,4,-0.05318918764672181
164340,5,-0.009156338029224246
164340,6,0.02079909915495942
164436,1,-0.012884027941436208
164436,2,-0.11588754320762884
164436,3,-0.007887124544010754
164436,4,-0.011748160991653262
164436,5,-0.0032606523630838227
164436,6,-0.018980896790774908
164741,1,-0.0075665875632361145
164741,2,-0.11711055756353674
164741,3,-0.006172592367701242
164741,4,-0.01745191610399987
164741,5,-0.007650916574552351
164741,6,-0.0010278611714373968
164924,1,-0.009256488253580454
164924,2,-0.11115722716346144
164924,3,-3.8319077263512596e-4
164924,4,-0.01824133155353714
164924,5,0.005016976727370885
164924,6,-0.0024344550770903322
165124,1,-0.010284720228257528
165124,2,-0.11236436105483671
165124,3,0.004875675579205377
165124,4,-0.01606985146065571
165124,5,-0.0072601397810416095
165124,6,-0.02188826387880107
165250,1,0.012148051852877376
165250,2,-0.005442230933017616
165250,3,-0.010825264359368947
165250,4,-2.8199738920919436e-5
165250,5,0.0035192608141354003
165250,6,-0.01936708451790257
165479,1,-0.010954569305345982
165479,2,-0.1134356196766166
165479,3,-0.006212241847062825
165479,4,-0.020055874978280534
165479,5,-0.008199715144230454
165479,6,-0.012668436966141443
165802,1,-0.0069755496941727065
165802,2,-0.11394469034807589
165802,3,-0.006180135291180231
165802,4,-0.009557264832345315
165802,5,-0.014687887996575326
165802,6,-0.012652457581589765
165832,1,-0.018396096652928805
165832,2,0.008826710046790745
165832,3,-0.01683384482545229
165832,4,0.028065334290760344
165832,5,0.006147647290526811
165832,6,-0.027653010344473386
165908,1,0.03798471537543658
165908,2,-0.02841936986533303
165908,3,0.06340513841032135
165908,4,-0.06629107890616524
165908,5,-0.02082828337496621
165908,6,0.0397155040126835
166163,1,-0.00926672325588218
166163,2,-0.11553463621023208
166163,3,-0.005661113591250106
166163,4,-0.0090932230095829
166163,5,-0.002782442678785637
166163,6,-0.019133356752481942
166188,1,-0.010558750580511193
166188,2,-0.11131328756506072
166188,3,-0.003537215794646637
166188,4,-0.013161694529601132
166188,5,-0.0038969576875566153
166188,6,-0.004304050329244284
166310,1,-0.004801330520101759
166310,2,-0.11274485888206534
166310,3,6.643797501561843e-4
166310,4,-0.018345669081595295
166310,5,-0.004054285051100629
166310,6,-0.015093957543672638
166727,1,0.06207507460575904
166727,2,0.029610454533395537
166727,3,0.08674121474927228
166727,4,-0.0597691350489361
166727,5,7.819959014721029e-4
166727,6,0.02442638644155875
166824,1,0.057883701997587925
166824,2,0.025642535238116933
166824,3,0.08489680752650729
166824,4,-0.06128703669096715
166824,5,-0.009145644554171127
166824,6,0.028329854299090858
167218,1,-0.01257577603249992
167218,2,-0.11836178037637275
167218,3,-0.0013995493910197354
167218,4,-0.006510746977096188
167218,5,-0.0014247405061313086
167218,6,-0.008834828999394752
167310,1,0.057011348685725265
167310,2,0.03265071973013754
167310,3,0.0922674057016075
167310,4,-0.06100416399246547
167310,5,0.008948782360447289
167310,6,0.006688620991316649
167325,1,-0.007055999925987846
167325,2,-0.11973793845294645
167325,3,-0.0033001888174191214
167325,4,-0.015651930444034314
167325,5,-0.0024141186425794864
167325,6,-0.015119682432933625
167431,1,0.04372416609742235
167431,2,-0.031156467319811147
167431,3,0.06643289479978366
167431,4,-0.06499009329085824
167431,5,-0.030007136418029174
167431,6,0.04005029710766983
167441,1,-0.00925706927325043
167441,2,-0.1142886383130321
167441,3,-7.507154773068526e-4
167441,4,-0.02045884229774879
167441,5,-0.0024230700448531336
167441,6,-0.010896497729023206
167455,1,-0.010106550354582966
167455,2,-0.116078609371638
167455,3,0.004144037129562273
167455,4,-0.014009871572672349
167455,5,1.6732639188428414e-4
167455,6,-0.017051163450826752
167647,1,-0.008588588003716304
167647,2,-0.11266443495909594
167647,3,-0.0039057380346904265
167647,4,-0.015736832933352235
167647,5,-0.014971837146174833
167647,6,-0.0033537783808631557
167774,1,-0.007714665883703212
167774,2,-0.11107314813320693
167774,3,-0.003947048868383483
167774,4,-0.011115320874406089
167774,5,0.01135409140759029
167774,6,-0.013961482892156611
167833,1,-0.002263392128977969
167833,2,-0.11460365826311447
167833,3,-0.006276443371575575
167833,4,-0.01771147529515359
167833,5,0.008722232497901878
167833,6,-0.009020595306611808
167900,1,-0.010422823574316288
167900,2,-0.10759241192819345
167900,3,-0.0037828661084604
167900,4,-6.280483687993549e-4
167900,5,0.0043030421602141405
167900,6,0.0062715797182427355
168020,1,-0.010072035728875597
168020,2,-0.11400313882093621
168020,3,-0.00227081107956275
168020,4,-0.021824824002669482
168020,5,-0.008300336107220549
168020,6,-0.0053455579624025204
168080,1,0.057701033520549096
168080,2,0.02150640048809013
168080,3,0.09109676633153149
168080,4,-0.05252715960028786
168080,5,0.009288833533881347
168080,6,0.034195413349131495
168139,1,-0.00961298224225746
168139,2,-0.11838361612338606
168139,3,-0.007250403516393013
168139,4,-0.016564066657075372
168139,5,0.0034700834182655104
168139,6,-0.01821589957998702
168241,1,-0.008736482982189776
168241,2,-0.11712723787122137
168241,3,-6.130841289434193e-4
168241,4,-0.029659825276232312
168241,5,0.0023733091431178115
168241,6,-1.3125790630776657e-4
168466,1,0.05943092436639445
168466,2,0.024665006099246302
168466,3,0.0887865425101084
168466,4,-0.06406807715567181
168466,5,4.5540622625172677e-4
168466,6,0.0390307679982284
168728,1,0.04457546405041226
168728,2,-0.02262925604330428
168728,3,0.0701925836903377
168728,4,-0.0645295893624441
168728,5,-0.02969747675655702
168728,6,0.049220426513288285
168781,1,-0.007352839894028117
168781,2,-0.11051807892500538
168781,3,-0.0019437033911426228
168781,4,-0.009442441651787696
168781,5,0.0018663911003904783
168781,6,-0.014179894252966195
169701,1,0.05647107487968868
169701,2,0.02361231267699095
169701,3,0.0938306644654279
169701,4,-0.0539123424341931
169701,5,-0.006558901234653308
169701,6,0.04031749485314385
169995,1,0.04531236209612766
169995,2,-0.025557859943273337
169995,3,0.06053750830440485
169995,4,-0.07232154449942783
169995,5,-0.026125225319425904
169995,6,0.031045809168411653
170589,1,0.04186310830466979
170589,2,-0.02455782645575582
170589,3,0.06302977538402178
170589,4,-0.08050137585507014
170589,5,-0.021719232732830628
170589,6,0.03641958423061543
170642,1,0.043123857900342344
170642,2,-0.021947578442515395
170642,3,0.06901855380712867
170642,4,-0.07231480928857767
170642,5,-0.029197050276424427
170642,6,0.058533118927351205
171189,1,0.058329894881583425
171189,2,0.029180660855952795
171189,3,0.08406243736764914
171189,4,-0.052501461977839975
171189,5,-0.004882332477062371
171189,6,0.018245203187205086
171591,1,0.057959835607322895
171591,2,0.02323194831262457
171591,3,0.08657918647380528
171591,4,-0.055757694537148836
171591,5,0.0038441050911041247
171591,6,0.03243740211682664
171627,1,0.05878068955299464
171627,2,0.022654573601781303
171627,3,0.09018896325381778
171627,4,-0.05402847399781489
171627,5,0.002910251459657719
171627,6,0.026187723130083856
172518,1,0.026030844805685835
172518,2,-0.018595389754266414
172518,3,0.04108758451766923
172518,4,-0.080406395467827
172518,5,0.011383979548702496
172518,6,0.05977278304193638
172741,1,0.04162746773897443
172741,2,-0.029340205444443903
172741,3,0.06998264442749443
172741,4,-0.06754073197243757
172741,5,-0.028438714318132517
172741,6,0.03911253913015843
172799,1,-6.409479353364816e-4
172799,2,0.0018503041658772808
172799,3,0.005425260546303073
172799,4,0.007929926889328004
172799,5,0.010772731599437901
172799,6,0.008677629686064276
173747,1,0.004826419491756789
173747,2,-0.004634045834164835
173747,3,0.006000906492346389
173747,4,0.009731289321167352
173747,5,0.018832883303368426
173747,6,-0.012174715624682564
173751,1,0.039949334688190744
173751,2,-0.019966594342614597
173751,3,0.06812165665513933
173751,4,-0.07475656162900324
173751,5,-0.022251137690684635
173751,6,0.05493493879355827
174069,1,0.045010722130408805
174069,2,-0.025249863699182334
174069,3,0.06111357191425504
174069,4,-0.082470501443879
174069,5,-0.034814883563372104
174069,6,0.039465016602856874
174607,1,0.0027225163338323683
174607,2,-0.006545662456482037
174607,3,-0.0031843814443396497
174607,4,-1.1600565230369329e-4
174607,5,0.004060196689259802
174607,6,-0.0037804877785392143
174608,1,0.0010556676076722475
174608,2,-0.0012157560458329285
174608,3,0.002343023662836255
174608,4,0.01826835564328669
174608,5,0.009195135953059734
174608,6,4.1764813680146714e-4
174636,1,0.0037081958249697558
174636,2,0.0037787259186644706
174636,3,0.005937038897678355
174636,4,0.011423701718919887
174636,5,0.010585070275570378
174636,6,9.041932404670709e-4
174649,1,-0.06158399454563679
174649,2,0.0040890512003601024
174649,3,0.002703014415835269
174649,4,-0.0022447630789610195
174649,5,-0.09511726525115932
174649,6,-0.025474519663326853
174712,1,0.0025724678609956994
174712,2,-0.0023414241141839526
174712,3,0.011476998516798946
174712,4,7.336027922990229e-4
174712,5,0.009807468088154922
174712,6,-0.004097587239093878
175387,1,0.040664670166905656
175387,2,-0.03058027513089011
175387,3,0.05911466910865107
175387,4,-0.06785012089648668
175387,5,-0.03274647231883238
175387,6,0.04388826828768051
176527,1,-0.00200167102387508
176527,2,-0.05527491663612462
176527,3,-0.018111411182698836
176527,4,-0.01373517448991229
176527,5,0.048765839089459924
176527,6,-0.03689085281919224
176618,1,-0.002579758890792706
176618,2,-0.045465398232066766
176618,3,-8.303443920958071e-4
176618,4,-0.01964899525439058
176618,5,-0.027204405866206136
176618,6,0.016566455028609477
176747,1,-0.003378176541625236
176747,2,-0.06809934738708129
176747,3,0.014158646597026306
176747,4,0.008655323420731565
176747,5,0.03903245485629338
176747,6,-0.02981540420344841
177225,1,-0.07642395469524926
177225,2,-0.04539305808178744
177225,3,0.048757168821647455
177225,4,-0.043252961895304975
177225,5,0.04334819247827255
177225,6,-0.03663935449475035
177250,1,-0.08883259108765033
177250,2,0.03492800806759071
177250,3,0.043775530119541106
177250,4,-0.04580936118102749
177250,5,0.03350537988366946
177250,6,-0.05640067059019453
178062,1,0.0011795902724093508
178062,2,0.00827135013306414
178062,3,-0.00963194591899753
178062,4,-0.04926129705062107
178062,5,0.021596200253533746
178062,6,0.009466508335881892
178181,1,-0.004617828936318117
178181,2,-0.053900200431093885
178181,3,0.024495781797804567
178181,4,0.009012153826584152
178181,5,0.02964872580042298
178181,6,-0.02214982338404819
178299,1,-0.007761789451343849
178299,2,-0.04651252344948957
178299,3,0.02105508846417015
178299,4,0.020650917330643802
178299,5,0.03737738455613001
178299,6,-0.018150409188719036
178428,1,-0.012384353611967762
178428,2,-0.10901211923773768
178428,3,0.008627755047946823
178428,4,-5.35503471938375e-4
178428,5,0.001952646651390042
178428,6,0.01043477597632337
178729,1,-0.004223357110704078
178729,2,-0.006354061551477857
178729,3,-0.015800028217023636
178729,4,-0.05956872949590707
178729,5,0.054260480316836744
178729,6,0.011840566358315478
178812,1,-0.08041046806267582
178812,2,-0.04154987871039175
178812,3,0.051768412564216125
178812,4,-0.04457891222591554
178812,5,0.04697286152784992
178812,6,-0.03980942225611734
178815,1,-0.08732913109601453
178815,2,0.038346907465217225
178815,3,0.041898734738581515
178815,4,-0.04439789380692059
178815,5,0.04259550917321407
178815,6,-0.03507613085090738
178856,1,-0.082778369779246
178856,2,-0.04072601194881216
178856,3,0.04867190053869141
178856,4,-0.04614390515924877
178856,5,0.042055004739284994
178856,6,-0.04250367896521459
179210,1,0.020258224604354162
179210,2,0.004004735632195486
179210,3,-0.0024825834218146626
179210,4,-0.006215457017669894
179210,5,-0.004995483293497665
179210,6,-0.003717254743446349
179455,1,-0.08344680989472127
179455,2,0.0426058005622356
179455,3,0.047209822192213674
179455,4,-0.045031865114158284
179455,5,0.04845012440790441
179455,6,-0.028452174699709985
179562,1,-0.08043407831828452
179562,2,-0.04913613408433118
179562,3,0.050566005800866586
179562,4,-0.049449102969867355
179562,5,0.0399234644020398
179562,6,-0.04152332932386845
181412,1,0.006447983011726206
181412,2,-0.00456233259011925
181412,3,-1.5426407872084678e-4
181412,4,-0.003422849344065992
181412,5,-0.006747580972048732
181412,6,-2.45535701496235e-4
181638,1,-0.08282642039099722
181638,2,0.04570702995513708
181638,3,0.03957375627916874
181638,4,-0.04586272452124908
181638,5,0.02970302934930429
181638,6,-0.03814201461430672
181720,1,-0.010261183466319834
181720,2,-0.11376897603528717
181720,3,0.003152361031009685
181720,4,-0.003979143379637596
181720,5,0.013634851234377228
181720,6,-0.003909071776032717
181967,1,-0.08449060219225175
181967,2,-0.04361854931396841
181967,3,0.04508083300811141
181967,4,-0.04446361627324434
181967,5,0.03931054321823933
181967,6,-0.040427767546734404
182013,1,-0.08271922450475441
182013,2,-0.04786147650953723
182013,3,0.049561078501373944
182013,4,-0.03664685023457764
182013,5,0.04775506912489764
182013,6,-0.024669476965235904
182059,1,-0.08124063482539826
182059,2,-0.04191171455721663
182059,3,0.042577095734063174
182059,4,-0.047766633180517236
182059,5,0.03215259791378059
182059,6,-0.029413144212695835
182084,1,9.923435173963882e-4
182084,2,-0.05966918762843157
182084,3,-0.02151785416196495
182084,4,-0.015419014364006119
182084,5,-0.02457659684913081
182084,6,0.006155851265251941
182288,1,-0.009904192753958357
182288,2,-0.04573733203055948
182288,3,0.01677565971487725
182288,4,0.00685720827928335
182288,5,0.04455878932336805
182288,6,-0.019536611495678317
183222,1,-0.0883687267640215
183222,2,0.040201593543614945
183222,3,0.042040548586480445
183222,4,-0.06383829219450649
183222,5,0.03250277114647206
183222,6,-0.023231969255366764
184221,1,-0.07568360026641495
184221,2,-0.048265650837863244
184221,3,0.050715463693955166
184221,4,-0.0514364028059569
184221,5,0.038796188348919604
184221,6,-0.01760133311113089
184243,1,-0.08858817239573784
184243,2,0.04247241916944263
184243,3,0.051054656670698514
184243,4,-0.001915469056582573
184243,5,-0.018105611596639346
184243,6,-0.046708407796566306
184420,1,-0.007305335294415344
184420,2,-0.11785457020176734
184420,3,-0.0017540103918675758
184420,4,0.001850550067292496
184420,5,0.002125590311987263
184420,6,-0.005797861995490903
184488,1,-0.0886049996307774
184488,2,0.030300756586203036
184488,3,0.03891169676845576
184488,4,-0.03861764727185561
184488,5,0.03490929473432556
184488,6,-0.038370806008144034
184731,1,-0.08672470437671544
184731,2,0.039122221579124115
184731,3,0.041436389984689896
184731,4,-0.04315956053685821
184731,5,0.03497473702163551
184731,6,-0.03146145408175988
184863,1,-0.02002670848279893
184863,2,0.0033872596613837196
184863,3,0.0018717874835888488
184863,4,0.014917864640833674
184863,5,-0.005995128920249416
184863,6,-0.0035870040253186903
184956,1,-0.0017129171685519664
184956,2,-0.10044832633714787
184956,3,0.001532447014186374
184956,4,-0.006516378386850109
184956,5,0.00783999272250621
184956,6,-0.008640160656842004
185285,1,-0.010511601343736278
185285,2,-0.05046757678308354
185285,3,0.02006682783222
185285,4,0.005192614687497548
185285,5,0.038442907892923546
185285,6,-0.01932474416942644
185926,1,-0.08625520684244402
185926,2,0.036428042381312274
185926,3,0.03967616890092855
185926,4,-0.039352677157137875
185926,5,0.02659431909468602
185926,6,-0.03444690769922088
186405,1,-0.07972155554124707
186405,2,-0.045944442130621294
186405,3,0.046093736263169566
186405,4,-0.046212231823191535
186405,5,0.04524849265091276
186405,6,-0.03155290314882723
186917,1,0.011004738272405211
186917,2,-0.009370767153783618
186917,3,-0.004654872790644667
186917,4,-0.013672950851951145
186917,5,-0.0011179367610928514
186917,6,-0.026249162285753
187087,1,-0.00936280405186758
187087,2,-0.10938993512989478
187087,3,0.004898935550624821
187087,4,-0.012703733912888242
187087,5,0.0019072721957015184
187087,6,-0.01389800901016212
188030,1,-0.08315907641819295
188030,2,-5.5638366174678244e-5
188030,3,0.07990461638652964
188030,4,-0.011895917016923312
188030,5,0.08288887205274506
188030,6,-0.056417358427036754
188107,1,-0.008884784953340236
188107,2,-0.05637825912991222
188107,3,0.03554651323007477
188107,4,0.022250979535395454
188107,5,0.048978312905960504
188107,6,-0.008751365748538293
188318,1,-0.007267305609550505
188318,2,-0.041552409809046585
188318,3,0.018665150933283265
188318,4,0.027602300730497055
188318,5,0.050278762135261695
188318,6,-0.004342227826980917
188437,1,0.008108903690596168
188437,2,2.6771434392393903e-4
188437,3,-0.002797374169573539
188437,4,-8.068817383289913e-4
188437,5,-0.008012519502283325
188437,6,-0.009655240174173572
191101,1,-0.006419555744863014
191101,2,-0.046285937598058643
191101,3,0.02659927575214396
191101,4,0.02282828327073966
191101,5,0.051026521248298665
191101,6,0.0019450376382630704
191797,1,-0.0874387965425239
191797,2,0.04017085565209688
191797,3,0.033549567964731734
191797,4,-0.04744243496919583
191797,5,0.029334595776037333
191797,6,-0.02238135467127709
191809,1,-0.08921483921093014
191809,2,0.03844202228596288
191809,3,0.04933933506337687
191809,4,-0.05264664016214133
191809,5,0.03914126778632581
191809,6,-0.04267355787558489
192069,1,-0.08551243420329122
192069,2,0.04069707822187979
192069,3,0.05252796411972097
192069,4,-0.0438263461686171
192069,5,0.03578306830184237
192069,6,-0.018853436970957323
192769,1,0.006601513259951004
192769,2,2.722115628512274e-4
192769,3,-0.005991656819595226
192769,4,-0.004174008935984313
192769,5,-2.493140161996084e-4
192769,6,0.011149232927844713
193321,1,-0.0045216966220352674
193321,2,-0.05206925221920953
193321,3,0.02990850418442001
193321,4,0.01842066016829881
193321,5,0.06270720220960899
193321,6,-0.005560877465576387
193761,1,-0.002769845815813854
193761,2,-0.07707898992322457
193761,3,0.020373181608686834
193761,4,0.026195601289541445
193761,5,0.010595697620584524
193761,6,0.16138789217226987
193767,1,0.004244139893666699
193767,2,-0.07970124614946689
193767,3,0.02817107575691464
193767,4,0.03509995090671113
193767,5,-1.7248600547925308e-5
193767,6,0.15680993651252775
193832,1,0.013128426709130024
193832,2,0.006961501036881939
193832,3,0.01645603878748821
193832,4,0.042098319233896966
193832,5,0.01627481484609611
193832,6,0.09895819510907929
193837,1,0.015555470257156723
193837,2,0.014968233637995093
193837,3,0.013106906972668935
193837,4,0.052929365387105395
193837,5,0.01676686460643013
193837,6,0.10423997023197638
193864,1,-0.0038996867009147545
193864,2,-0.03816979207326553
193864,3,-0.006934761737589933
193864,4,-0.02326553570432741
193864,5,-0.029549930043954443
193864,6,0.04170613582782265
193885,1,0.007987818342272754
193885,2,-0.030509422871961848
193885,3,0.023612970451280416
193885,4,0.042805220654351946
193885,5,-0.015521980793328947
193885,6,0.137387708242007
194282,1,-0.00636545250999501
194282,2,0.004199576018404668
194282,3,-0.014643037046493779
194282,4,-0.06773138662930914
194282,5,0.07311491208303458
194282,6,0.015635761461842278
194290,1,-0.06643643855568108
194290,2,0.004655363376654801
194290,3,0.09567235015898112
194290,4,0.08225649675054289
194290,5,0.06434552115145363
194290,6,0.05381822566096304
194527,1,-0.06423663749925074
194527,2,0.003094019284905055
194527,3,0.08856676692690642
194527,4,0.08486910396651234
194527,5,0.057648217111805206
194527,6,0.05985560481143925
195085,1,-0.07148683679953435
195085,2,0.008102317088960241
195085,3,0.09266345281251982
195085,4,0.08653344515325795
195085,5,0.05531032886624221
195085,6,0.06594635793751039
195102,1,-0.06744552237894276
195102,2,0.004648673152599814
195102,3,0.0884018847486214
195102,4,0.0920951326535107
195102,5,0.04775914852271312
195102,6,0.06405463199960598
195465,1,-0.06962480745845341
195465,2,-2.9766089946883355e-4
195465,3,0.0998042756800589
195465,4,0.08948514725464006
195465,5,0.051519951508132815
195465,6,0.05594602097939307
195520,1,-0.06511805800947165
195520,2,0.00783900558716937
195520,3,0.09351567545610653
195520,4,0.07651091225753597
195520,5,0.05803649264419572
195520,6,0.06059405833531056
195672,1,-0.00680335925916716
195672,2,0.0018918428145141843
195672,3,-0.016419122679589313
195672,4,-0.05991786936363603
195672,5,0.0609962525336941
195672,6,0.021359287819481022
195696,1,-0.06827248087670798
195696,2,-0.019731931494336052
195696,3,0.07179407312781264
195696,4,0.027026742909157943
195696,5,0.07216151416632123
195696,6,0.09779352774548676
196604,1,-0.06614489890144601
196604,2,0.001178127876410375
196604,3,0.09754937348215259
196604,4,0.08309250630501439
196604,5,0.05905575683796282
196604,6,0.0700173191410215
198397,1,-0.0016074590901753573
198397,2,0.0037191020057478347
198397,3,-0.02565885116568802
198397,4,-0.06228935188058382
198397,5,0.059245036099175565
198397,6,0.0185065617085587
198981,1,-0.013903193490062827
198981,2,-0.03768205576513778
198981,3,0.01100097512802386
198981,4,-0.004773015896952712
198981,5,0.03367147044447871
198981,6,-0.020972040196983628
200142,1,-0.0729739990215137
200142,2,-0.028984783288824572
200142,3,0.06932118836569075
200142,4,0.0673010957115477
200142,5,0.021905589669236936
200142,6,0.09583228828251715
200755,1,1.8828391054463212e-4
200755,2,-0.011611994347659218
200755,3,5.266603438650219e-4
200755,4,5.221563211796558e-4
200755,5,0.0032403230393623335
200755,6,-0.01147468523105225
204830,1,-0.0659783275436052
204830,2,-0.025609188373407966
204830,3,0.07494761149949845
204830,4,0.07047393907338124
204830,5,0.028016269274891058
204830,6,0.083201784471682
205882,1,-0.002783533618222548
205882,2,-0.04043784130843305
205882,3,-0.015207307236746926
205882,4,-0.026680093742172693
205882,5,-0.030518274950828744
205882,6,0.023306841075398908
206402,1,-0.06263200745398363
206402,2,-0.023902500672442612
206402,3,0.0737661114247763
206402,4,0.06414703855292883
206402,5,0.0370774137911021
206402,6,0.07417382033936724
207416,1,-0.07200809945849784
207416,2,-0.03033716985795354
207416,3,0.07228616179788801
207416,4,0.07184846098200007
207416,5,0.019541925734514676
207416,6,0.11081354489410118
207889,1,-0.06433585994322163
207889,2,0.0034811891409783787
207889,3,0.08996628569209751
207889,4,0.08063891819767895
207889,5,0.0634194057634399
207889,6,0.05546436380041222
207903,1,-0.0036163675365902654
207903,2,0.0043449946690040635
207903,3,-0.023280698716587157
207903,4,-0.05713141043389456
207903,5,0.07292102694319291
207903,6,0.013841598099096741
208168,1,-0.06705372560497767
208168,2,-0.022452152531393592
208168,3,0.06731832191514163
208168,4,0.017577035871530918
208168,5,0.06051358071538163
208168,6,0.1065418172149262
208344,1,0.015482453122232521
208344,2,7.727118199012033e-4
208344,3,-0.006659160325066072
208344,4,-0.015780221647488865
208344,5,-0.0036847989108883344
208344,6,-0.029345461557840978
208345,1,-0.06594863979581149
208345,2,0.02035681969929863
208345,3,0.08444901815367001
208345,4,0.0714939391986761
208345,5,0.04855273920112173
208345,6,0.04855536470549195
208550,1,-0.00523082986653436
208550,2,0.0020356542083519807
208550,3,-0.0099484877784308
208550,4,-0.05460719716187458
208550,5,0.056528566366612784
208550,6,0.04371361818211561
208685,1,-0.004651144948591667
208685,2,0.002537821026342106
208685,3,-0.01779570410057789
208685,4,-0.06977995726342552
208685,5,0.06882280227109512
208685,6,0.01313742435131588
209404,1,-0.007319928005040293
209404,2,-0.04721831169152665
209404,3,-0.006902502388314605
209404,4,-0.027006437084313967
209404,5,-0.032536761511819445
209404,6,0.02705907695633685
209462,1,0.005357082562451947
209462,2,4.7569792220149184e-4
209462,3,0.0016884868138120797
209462,4,-0.03578638486291492
209462,5,-0.020757270019481716
209462,6,-0.04587594699210677
209676,1,-0.0023273892998221346
209676,2,-0.04340059524522766
209676,3,-0.02265870699274331
209676,4,-0.02417326331499965
209676,5,-0.02781665792949133
209676,6,0.03271580051789327
209851,1,-0.003248454484137958
209851,2,0.002640781947174448
209851,3,-0.024295550315579312
209851,4,-0.06606929262065286
209851,5,0.05910879028096157
209851,6,0.0090484792238652
210061,1,-0.06726241873057427
210061,2,0.0012218772063011948
210061,3,0.08952570838616175
210061,4,0.0830689422464698
210061,5,0.06259078206114325
210061,6,0.054972194883990105
210306,1,-0.0055977925850128965
210306,2,0.008321355074696581
210306,3,-0.01914060460690434
210306,4,-0.06970277182635361
210306,5,0.06472701430197647
210306,6,0.017534591339554366
210539,1,-0.0014320899883541011
210539,2,-0.003665549431688519
210539,3,-0.02465770154776505
210539,4,-0.048145045597381975
210539,5,0.06869707460049773
210539,6,0.013444196382218367
210634,1,-0.0023741175524815247
210634,2,0.006650810722716208
210634,3,-0.01911800819104995
210634,4,-0.06098008744024945
210634,5,0.06007768229181478
210634,6,0.027147359617761182
210759,1,-0.008048915910304821
210759,2,-0.04108517257006807
210759,3,-0.0118502262794795
210759,4,-0.015555640745416141
210759,5,-0.03996016618136269
210759,6,0.028041908321440823
210875,1,-0.07230306978594767
210875,2,0.008334348831281592
210875,3,0.09321768306714437
210875,4,0.07992832212069509
210875,5,0.043656889382063566
210875,6,0.04910901994021484
210914,1,-0.0073838218001468755
210914,2,0.009553122593349575
210914,3,-0.020587866540595835
210914,4,-0.0657780796393371
210914,5,0.06850882739264091
210914,6,0.03158989732850427
210995,1,-0.0052081273126382555
210995,2,-0.004251372591241171
210995,3,-0.018597251987437714
210995,4,-0.048274636436133785
210995,5,0.05384085129932436
210995,6,0.029119982988155577
211155,1,-0.0065836533308421385
211155,2,0.009356602490529579
211155,3,-0.020424375416794965
211155,4,-0.05820838852885551
211155,5,0.06561416343641255
211155,6,0.030913678067976392
211431,1,-0.008838364021381198
211431,2,9.599907512175739e-4
211431,3,-0.026276371723812798
211431,4,-0.07096304839720571
211431,5,0.054631758373921716
211431,6,0.01922429159603366
211509,1,-0.06900717717174859
211509,2,-0.022644996132572225
211509,3,0.08408444764230424
211509,4,0.060503202553836025
211509,5,0.009994931469469545
211509,6,0.1107685603135174
211711,1,-0.07140935754942647
211711,2,-0.024855895894596993
211711,3,0.07682189269172578
211711,4,0.07147533172103389
211711,5,0.018324165592702175
211711,6,0.10757918560257897
211959,1,-0.06816874776757971
211959,2,0.013385186780876829
211959,3,0.09694073911800839
211959,4,0.08598020691685819
211959,5,0.05520638026249463
211959,6,0.06815173216192977
212137,1,-0.0019884503603087105
212137,2,-0.04525226917819514
212137,3,-0.018675142447226827
212137,4,-0.019421378542922283
212137,5,-0.03205421490458826
212137,6,0.03287200839480017
212351,1,-0.05368114633742739
212351,2,-0.0054512166587550705
212351,3,0.05147301410993805
212351,4,0.005661503444191086
212351,5,0.04603727934724397
212351,6,0.08508743444379588
212528,1,-0.0069264257287990055
212528,2,-0.007611460742406401
212528,3,-0.015891346198311233
212528,4,-0.0715897990650134
212528,5,0.061490952281868815
212528,6,0.014082595936206819
212539,1,0.03673433376072427
212539,2,0.03249960646016215
212539,3,0.05044189913795312
212539,4,-0.03313995326636087
212539,5,-0.04003055845209657
212539,6,-0.03796662589758098
212543,1,-0.01855367879168354
212543,2,0.010369043030727651
212543,3,-0.04075503782542356
212543,4,-0.07600286634938117
212543,5,0.09866434891481028
212543,6,0.04082329206271394
212648,1,0.0029772481510482057
212648,2,-0.011432475204849862
212648,3,-8.892122055708953e-4
212648,4,-0.001520418418847986
212648,5,-0.006328801448105333
212648,6,-0.022766903676752534
212650,1,-0.014104264211073641
212650,2,0.011267808303099106
212650,3,-0.040279822991827384
212650,4,-0.05948546757110711
212650,5,0.10780309903100792
212650,6,0.0381255662920448
213523,1,-0.012320735859580755
213523,2,0.00800112960043886
213523,3,-0.052515141435330044
213523,4,-0.07490836461919921
213523,5,0.09622659955859673
213523,6,0.03844328907043766
213854,1,-0.016939354466484507
213854,2,0.012538199833013498
213854,3,-0.04731593582981826
213854,4,-0.06991231561834169
213854,5,0.09987209620181502
213854,6,0.029378534388913625
213887,1,-0.017361004913099626
213887,2,0.009322696833952539
213887,3,-0.045890227938812325
213887,4,-0.0656699103084974
213887,5,0.11467921151044808
213887,6,0.04208648572289679
214373,1,-0.05837839233247314
214373,2,-0.017510086884583255
214373,3,0.06084021250359659
214373,4,1.8010613347544432e-4
214373,5,0.05453045769602206
214373,6,0.05932112446432999
214661,1,-0.012346005452354626
214661,2,0.016403825577528702
214661,3,-0.04312946547316275
214661,4,-0.06328261322237688
214661,5,0.10601551394782067
214661,6,0.029831532698097768
214664,1,-0.019047666465812824
214664,2,0.010712694392537964
214664,3,-0.043411052805182766
214664,4,-0.06190641771745433
214664,5,0.1063663509950633
214664,6,0.03537432826263571
215082,1,-0.054471370196545625
215082,2,6.605756997171741e-4
215082,3,0.11677545913766486
215082,4,0.0881561466941161
215082,5,0.019534729128417225
215082,6,0.0288429222517649
215271,1,-0.012444719241232477
215271,2,0.012766579604214748
215271,3,-0.04944186963589046
215271,4,-0.06973487001846505
215271,5,0.10379793770559494
215271,6,0.015559099402248705
215377,1,-0.01568482392380603
215377,2,0.014441260589531374
215377,3,-0.043061697103916406
215377,4,-0.06583842615647587
215377,5,0.105279133553863
215377,6,0.0463099871065192
215399,1,-0.014193195519438805
215399,2,0.008663324427626682
215399,3,-0.0434138754288948
215399,4,-0.06416468170266308
215399,5,0.10127977515134784
215399,6,0.02195648385712538
215424,1,-0.005666598803954404
215424,2,-0.02836781687624672
215424,3,-0.010772940559061755
215424,4,-0.00433567740989439
215424,5,-0.04093992987272623
215424,6,0.01742146075077629
215444,1,-0.014331879665017377
215444,2,0.007566018783979259
215444,3,-0.05170047468030411
215444,4,-0.06317257743518354
215444,5,0.0970397223179818
215444,6,0.055217491662267686
215453,1,-0.005189771344684464
215453,2,-0.001981392212808335
215453,3,0.010654178375769454
215453,4,-0.010446628079020389
215453,5,-0.011078199330141814
215453,6,0.006835655786551933
215477,1,0.006231090810535179
215477,2,-0.020293059623276224
215477,3,-0.037680697893686235
215477,4,-0.014743414252092595
215477,5,-0.03863976485848185
215477,6,0.033926031103607465
215590,1,-0.015418767075834795
215590,2,0.01478586947345738
215590,3,-0.03683340924642407
215590,4,-0.061366868150105655
215590,5,0.10014245663369593
215590,6,0.02873819920241102
215641,1,-0.014802263425157232
215641,2,0.01397915682995232
215641,3,-0.04503910739053319
215641,4,-0.06866896844802324
215641,5,0.1103615315535588
215641,6,0.030216804357296637
215664,1,-0.01344874779586666
215664,2,0.011286844083914813
215664,3,-0.04931807628342881
215664,4,-0.06547600215280541
215664,5,0.09421163685708897
215664,6,0.03856766008818239
215861,1,0.0016400935765831664
215861,2,-0.01493590163046968
215861,3,-0.03543209061626074
215861,4,-0.021320232782578722
215861,5,-0.047990858195002255
215861,6,0.032866077827264535
215958,1,0.007284218341135085
215958,2,0.0061508552976886335
215958,3,0.00815573280311714
215958,4,0.007697847020757666
215958,5,-0.00518617340208499
215958,6,0.027440223052342522
216021,1,-0.011678315857124968
216021,2,0.013157607076655696
216021,3,-0.04962521119956791
216021,4,-0.0688353772883645
216021,5,0.10310570195000367
216021,6,0.041684247891591274
216098,1,-0.012240310302804203
216098,2,-0.01340670007543434
216098,3,-0.07343765644596156
216098,4,-0.07546894483055577
216098,5,0.06072324024988362
216098,6,0.05188392794632257
216220,1,-0.014191989598591958
216220,2,0.0066269038976167595
216220,3,-0.046748793172318635
216220,4,-0.0608094120715627
216220,5,0.10174563214699593
216220,6,0.017674465926033354
216222,1,-0.00986958534783484
216222,2,0.01017789769700723
216222,3,-0.046481849508393736
216222,4,-0.05636474296696394
216222,5,0.09432993718337275
216222,6,0.0256920285960609
216323,1,-0.01556188652335312
216323,2,0.00796836205453208
216323,3,-0.052260884966284914
216323,4,-0.06502097746214719
216323,5,0.09984821989624697
216323,6,0.04077015983524448
216647,1,-0.015927979637196128
216647,2,0.00904942888181545
216647,3,-0.049157244586223205
216647,4,-0.06272246581539966
216647,5,0.1009343183828633
216647,6,0.03852454093967216
216811,1,-0.061749068340098
216811,2,-0.018825998298962022
216811,3,0.059085060201622255
216811,4,-0.009415321177431822
216811,5,0.05491905986325054
216811,6,0.08460893859985322
216835,1,-0.0023527106408562756
216835,2,-0.040563901374600815
216835,3,-0.010565344418489456
216835,4,-0.023492200888871138
216835,5,-0.04065049388759383
216835,6,0.03402436867396032
217074,1,-0.05325107043102336
217074,2,-0.02269962007224002
217074,3,0.08219355491304525
217074,4,0.04685797600747273
217074,5,-0.024211276831904823
217074,6,0.05055238134779881
217281,1,-0.057676557395781924
217281,2,-0.021934636038896643
217281,3,0.09169485710698325
217281,4,0.05391505468047937
217281,5,-0.0071121927867292805
217281,6,0.055596015969506106
217731,1,-0.018818159927404036
217731,2,0.011853759908836047
217731,3,-0.04918780826764408
217731,4,-0.05862369973693424
217731,5,0.09985191176791608
217731,6,0.034215249719027084
217894,1,-0.0015273877344429397
217894,2,-0.04500829201988484
217894,3,-0.013161212239928322
217894,4,-0.012676928211244914
217894,5,-0.03193706131332535
217894,6,0.03438503972265524
218783,1,-0.015048302552001309
218783,2,0.014608919564969344
218783,3,-0.03802291814729036
218783,4,-0.0802800833581007
218783,5,0.10407087284783036
218783,6,0.02797132207370856
219011,1,-0.07713741654800936
219011,2,-0.017768942793389784
219011,3,0.05942457182158599
219011,4,-0.02713543556648813
219011,5,0.05771774767711496
219011,6,-0.012640671417412819
219099,1,-0.0728209891773251
219099,2,0.0030832487427105925
219099,3,0.11670383415214144
219099,4,0.04608600821699444
219099,5,0.01708539680945864
219099,6,-0.07039253904316878
219275,1,-0.010214256988462329
219275,2,0.013165089499719191
219275,3,-0.04056664099891903
219275,4,-0.0633638762719199
219275,5,0.0974534684969519
219275,6,0.033018341017862315
219286,1,-0.015868200240060134
219286,2,0.007514057989090076
219286,3,-0.04332569657813475
219286,4,-0.054867335553515306
219286,5,0.09333937057494028
219286,6,0.03473520156225021
219362,1,-0.06675476685483608
219362,2,0.00749109444270558
219362,3,0.12112400415814224
219362,4,0.046567591494682224
219362,5,0.01148392836293992
219362,6,-0.06419335249673513
219662,1,-0.014820042848598463
219662,2,0.012351827550438694
219662,3,-0.04434897778191729
219662,4,-0.05685943761976448
219662,5,0.10092112876159988
219662,6,0.030804333860214785
219671,1,-0.029354446269129603
219671,2,0.014618838152520842
219671,3,0.01660127243660793
219671,4,0.006658931284249233
219671,5,-0.034049931516310965
219671,6,-0.009118181818290053
220059,1,-0.07101932102602743
220059,2,-0.005702163006958939
220059,3,0.11636271638680652
220059,4,0.05576258481986215
220059,5,0.021534023964822527
220059,6,-0.06812715146942742
220197,1,-0.07743675839753637
220197,2,0.011229589577467959
220197,3,0.0774292940584936
220197,4,-0.014963120588356667
220197,5,0.10273270606281332
220197,6,-0.047707236646035045
220204,1,-0.07663537330757081
220204,2,0.015308249665393552
220204,3,0.08765499986259408
220204,4,-0.01841550011563924
220204,5,0.0963963998459007
220204,6,-0.035768636465355476
220290,1,-0.00911822501161689
220290,2,0.014389119674132369
220290,3,-0.04432510234728906
220290,4,-0.0663505704246346
220290,5,0.096426439747581
220290,6,0.053321234570905485
220303,1,-0.01598345326372698
220303,2,0.013865245543885657
220303,3,-0.04963965469167832
220303,4,-0.051219387187391184
220303,5,0.10059775270386304
220303,6,0.014294320035231216
220444,1,-0.07289272296922292
220444,2,0.001358892345142093
220444,3,0.11683222621802282
220444,4,0.04874308823859609
220444,5,0.013162189585062703
220444,6,-0.07568124608722376
220586,1,-0.0165105467106199
220586,2,0.013586888338175642
220586,3,-0.04767885462980284
220586,4,-0.06547051440167197
220586,5,0.10829424904320333
220586,6,0.03029722271271737
220592,1,-0.01486319777056905
220592,2,0.011994889687733941
220592,3,-0.038045933530800956
220592,4,-0.05739343723394427
220592,5,0.10982257615765975
220592,6,0.04074582365698144
220649,1,-0.010981513068845662
220649,2,0.007327550399301698
220649,3,-0.04913295345937435
220649,4,-0.06493379151578446
220649,5,0.10300593052108373
220649,6,0.042626438096638776
220757,1,-0.016058045511664835
220757,2,0.009977914792275736
220757,3,-0.03769074379661357
220757,4,-0.061128881839035795
220757,5,0.10035417942825298
220757,6,0.027211010774088218
220807,1,-0.015037260650573704
220807,2,0.009838945884627682
220807,3,-0.04225117974409794
220807,4,-0.06556366722779691
220807,5,0.11217668379047575
220807,6,0.027826542130566533
221018,1,-0.014550567559424344
221018,2,0.009477878284699847
221018,3,-0.0487738256900506
221018,4,-0.06701682185694809
221018,5,0.10396381428353602
221018,6,0.015764939256993602
221099,1,-0.014733928015867457
221099,2,0.01174825988553941
221099,3,-0.043214902986661884
221099,4,-0.0688212712412139
221099,5,0.10117004904636982
221099,6,0.032622434898904235
221513,1,-0.011874819699701254
221513,2,0.01224912565454167
221513,3,-0.05285853646428521
221513,4,-0.0647072980683123
221513,5,0.10106062164470782
221513,6,0.020800654658018707
221832,1,-0.016317969063190194
221832,2,0.013973858286707056
221832,3,-0.04363469991876094
221832,4,-0.06690207945385368
221832,5,0.10088327188789141
221832,6,0.046075761383471886
221942,1,-0.07683802258482134
221942,2,0.015443879183882254
221942,3,0.08219051213288348
221942,4,0.0014160808106296991
221942,5,0.10433839581139633
221942,6,-0.039992668992553465
222262,1,-0.0041442966300706706
222262,2,-0.041987214302302844
222262,3,-0.011610571335216202
222262,4,-0.00977192599328941
222262,5,-0.036910285623583956
222262,6,0.02562505773754176
222632,1,-0.013806671047337652
222632,2,0.01592827969631055
222632,3,-0.042857693595246056
222632,4,-0.056692245656789875
222632,5,0.09304359235154626
222632,6,0.03493978875202539
222674,1,-0.06917068790439178
222674,2,0.0020429086848801365
222674,3,0.11620904976126357
222674,4,0.05296305066689035
222674,5,0.022759522480237323
222674,6,-0.07289457506173286
222708,1,-0.07473355539487025
222708,2,-0.005589261292740943
222708,3,0.1229845973136611
222708,4,0.06443315300552423
222708,5,0.013438815204862758
222708,6,-0.07542637689835568
222831,1,-3.046495761426119e-4
222831,2,0.010093287292400692
222831,3,0.00790060983647043
222831,4,-0.005285860419361076
222831,5,-0.019797041141716536
222831,6,0.005472467653627828
222836,1,-0.07442138500862834
222836,2,-0.014929276583622223
222836,3,0.058919224651294615
222836,4,-0.023669861755346393
222836,5,0.054903643741186774
222836,6,0.0038171186348420053
222994,1,-0.06885441370101131
222994,2,0.0019457496223066033
222994,3,0.12110796697909243
222994,4,0.04960264486145193
222994,5,0.024691032171531874
222994,6,-0.06528050935950983
223172,1,-0.07113448551666732
223172,2,0.002504155548114754
223172,3,0.1224322226837812
223172,4,0.05380720376015449
223172,5,0.01679303255932986
223172,6,-0.07318028287752795
223255,1,-0.06568478675925658
223255,2,0.009654608685162927
223255,3,0.11753097961506806
223255,4,0.05461822466034655
223255,5,0.03115977552895601
223255,6,-0.07325528016181201
223435,1,-0.0040351405561211565
223435,2,-0.04280428819803335
223435,3,-0.012902233612542467
223435,4,-0.02524812083829307
223435,5,-0.03916816150271497
223435,6,0.030670485549376025
223439,1,-0.06880323180213237
223439,2,-0.0025675174700490718
223439,3,0.11151463484504592
223439,4,0.05313951308846998
223439,5,0.02812282179729772
223439,6,-0.07434059452146245
223538,1,-0.07593984641812206
223538,2,0.01957562638968362
223538,3,0.07769093805634288
223538,4,-0.008943849946783712
223538,5,0.1089456990085057
223538,6,-0.0689026266144685
223707,1,-0.014732715542581078
223707,2,0.012986180988167636
223707,3,-0.04725116609034455
223707,4,-0.05312512684892498
223707,5,0.10453301358987424
223707,6,0.033961440965684694
223858,1,-0.07714908444916517
223858,2,-0.01908791096296267
223858,3,0.059747837488361086
223858,4,-0.02340370005052565
223858,5,0.062338248144483834
223858,6,-0.010530741805375752
224128,1,-0.06994005914662703
224128,2,0.004939755695031562
224128,3,0.10885986046237103
224128,4,0.05205977029006104
224128,5,0.025309074019658196
224128,6,-0.06087869649720323
224173,1,-0.07461760354091539
224173,2,0.012607303201963828
224173,3,0.08161265823143368
224173,4,-0.008567886614577616
224173,5,0.10662812541059452
224173,6,-0.05048105032194748
224486,1,0.001983184416991149
224486,2,-0.0044984319110866105
224486,3,-0.004614444709011692
224486,4,-0.001968350205847644
224486,5,0.003175641433634979
224486,6,-0.021522379718832165
224601,1,-0.06657703557083097
224601,2,-0.003930733879989918
224601,3,0.11898074974840295
224601,4,0.04265309951452903
224601,5,0.02354243880706577
224601,6,-0.07171396676896209
