SNP_ID,PC,loading
426349,1,0.004428410466789762
426349,2,0.08291879631374859
426349,3,-0.022387035233069924
426349,4,-0.014790904230923219
426349,5,0.02190902029157867
426349,6,0.060974639047955935
426349,7,-0.011047857158701366
426349,8,-0.05953697856541282
426349,9,-0.05249234701076275
426349,10,-0.10897901391607848
426349,11,0.081450779849529
426433,1,0.06043126466833976
426433,2,0.05958554109895018
426433,3,0.19096170384273378
426433,4,-0.04601962278687756
426433,5,-0.0826389380378091
426433,6,0.023726598122380607
426433,7,0.02033335047633823
426433,8,-0.019716122486507084
426433,9,0.010321731023283272
426433,10,-0.021271531551679292
426433,11,0.003763386821871851
426899,1,0.0508837433235764
426899,2,-0.014994154148998672
426899,3,0.03379916701101902
426899,4,-0.1034548443622394
426899,5,-0.01984969678307689
426899,6,0.15413046349703546
426899,7,0.10402412194065132
426899,8,0.3090411024164606
426899,9,0.002939994465356953
426899,10,-0.11193648456559627
426899,11,0.015078829780829224
427070,1,0.05401629603342034
427070,2,0.03130117660429648
427070,3,0.19803425789859974
427070,4,-0.06636757683720085
427070,5,-0.06142542668194914
427070,6,-0.01979467077721834
427070,7,0.012779701713559365
427070,8,0.013152185098450555
427070,9,0.030263423445158207
427070,10,0.004532180126191049
427070,11,-0.022833080434829015
427173,1,0.06460667126186599
427173,2,0.03801458562737585
427173,3,0.1965892917789022
427173,4,-0.05724562345834153
427173,5,-0.052658985914812134
427173,6,-0.04280189044750752
427173,7,-0.014174778168229322
427173,8,-0.01227659060784188
427173,9,0.054240908332332256
427173,10,-0.0012993266007421719
427173,11,-0.02877294469722546
427428,1,0.06525746303133562
427428,2,-0.011495907402055583
427428,3,-0.006240931656032154
427428,4,0.031789301355401645
427428,5,-0.040294985723000186
427428,6,-0.0758292509104911
427428,7,-0.192628239556865
427428,8,-0.16597662231868784
427428,9,-0.030612078898239067
427428,10,0.08941764235281473
427428,11,0.04302696830831607
428039,1,0.06148077062035769
428039,2,0.03066363978533287
428039,3,0.19479230465487596
428039,4,-0.045318857596061274
428039,5,-0.06344710979953382
428039,6,-0.049327204451876314
428039,7,-0.009216191580297548
428039,8,-0.014687051814193395
428039,9,0.02368917542583939
428039,10,0.02833900885179802
428039,11,-0.025021893918002677
428202,1,-0.007828142005873411
428202,2,0.0059284617690443945
428202,3,-0.005895494047965226
428202,4,-0.04406267926892885
428202,5,0.021642461772503823
428202,6,-0.03273601024138564
428202,7,-0.02189552970478885
428202,8,0.011818200446505556
428202,9,-0.02063496713036405
428202,10,0.06704398313838261
428202,11,-0.05545401505926345
428553,1,0.003373076424707427
428553,2,0.02338304559308385
428553,3,0.0017440127328921396
428553,4,5.384144163478055e-4
428553,5,-0.03142155546335652
428553,6,0.017895259731417583
428553,7,0.059674928455219226
428553,8,-0.008356570804329992
428553,9,0.055235688076541924
428553,10,0.12447065194640965
428553,11,-0.04130483823618221
428767,1,0.06093366024964798
428767,2,0.025237691051063483
428767,3,0.1883647527713297
428767,4,-0.06940869990469607
428767,5,-0.05617111702364279
428767,6,-0.05077321038743701
428767,7,-0.009984882568497465
428767,8,0.012268580841019592
428767,9,0.03641967404755891
428767,10,0.013298496685120441
428767,11,0.0041778684407835585
428928,1,0.05933391964912912
428928,2,0.029259407797051433
428928,3,0.19570606892163095
428928,4,-0.05523091262251034
428928,5,-0.07196602090432798
428928,6,-0.04209701556238677
428928,7,-0.011364079500469618
428928,8,-3.599649263143696e-4
428928,9,0.044123040775070815
428928,10,0.013999817423133097
428928,11,0.009420282730945343
429196,1,0.05449171927469389
429196,2,0.031865327885043954
429196,3,0.19705633407538442
429196,4,-0.05783191326377521
429196,5,-0.0484896160506111
429196,6,-0.021026568458401024
429196,7,0.0069625357004339085
429196,8,0.002300129215665148
429196,9,0.021960187244626436
429196,10,0.005476125772187516
429196,11,-0.021094057203793593
429510,1,-0.0064802669079363955
429510,2,0.07572076338655238
429510,3,-0.01888748048523265
429510,4,-0.01166858560032691
429510,5,0.005454933741947788
429510,6,0.07402845571274332
429510,7,0.00926099511195471
429510,8,-0.03718660787628233
429510,9,-0.04344466500569669
429510,10,-0.07921181630031804
429510,11,0.09057010462063778
429722,1,0.024403762011682782
429722,2,0.029096602057901686
429722,3,0.19951881994190324
429722,4,-0.04225686978397277
429722,5,0.05548795949765904
429722,6,0.014673820588562321
429722,7,0.08448249970020041
429722,8,0.1651219158089655
429722,9,0.024694692588999985
429722,10,-0.04747187726673266
429722,11,-0.04461408478420871
429910,1,0.045331514953508394
429910,2,0.05267365574379791
429910,3,0.1811516675326963
429910,4,-0.06447025365480785
429910,5,-0.06381131138885027
429910,6,0.014250587160572752
429910,7,-0.00448451858891762
429910,8,-0.03070536487024303
429910,9,0.033651459307995804
429910,10,-0.01263678492256216
429910,11,0.017200984133239713
430132,1,0.003654543904032805
430132,2,0.07734299325848183
430132,3,-0.014317673157857189
430132,4,-0.002530860723211829
430132,5,0.049440314331886344
430132,6,0.09327128868673211
430132,7,0.01718623243075636
430132,8,-0.04093914038970667
430132,9,-0.034800223522175475
430132,10,-0.07928123674698105
430132,11,0.06807180788128589
430281,1,-0.005511413404217873
430281,2,0.08192276319617389
430281,3,-0.025184564271890423
430281,4,-0.007345902676962071
430281,5,0.021663305028115015
430281,6,0.04577294393142035
430281,7,-0.005677475751518528
430281,8,-0.059701511896910836
430281,9,-0.021870219827515813
430281,10,-0.10394822844175998
430281,11,0.07991907377389616
430736,1,0.06075278470158386
430736,2,0.013389745721908416
430736,3,0.20441358820262587
430736,4,-0.06941753618094997
430736,5,-0.04922460121904515
430736,6,-0.022231018763935507
430736,7,-0.02244494812822423
430736,8,0.011432359501865023
430736,9,0.0032592926748977284
430736,10,-0.009935615580027032
430736,11,0.016155096255186963
431502,1,0.0636165287883928
431502,2,0.019149405272873975
431502,3,0.19977246001048735
431502,4,-0.05050022147137811
431502,5,-0.02161060251630387
431502,6,-0.06524366563710905
431502,7,-0.0408392162781016
431502,8,0.008319694061404528
431502,9,0.04090780034085901
431502,10,-0.033319827102269446
431502,11,-0.02540284559248852
431803,1,5.173585463642343e-4
431803,2,0.08525099034741533
431803,3,-0.014584863014079399
431803,4,-0.018436751605445535
431803,5,0.0222869077732005
431803,6,0.06922313969901285
431803,7,-0.023012483661828335
431803,8,-0.023849486756845978
431803,9,-0.03456258854541534
431803,10,-0.11660414447154509
431803,11,0.0548180416076811
431994,1,-0.005609162946558103
431994,2,0.028868616070705063
431994,3,0.005512832558856853
431994,4,-0.002700098633430521
431994,5,0.023957767498805613
431994,6,0.008726789429682011
431994,7,-0.035441054744391305
431994,8,0.023727750382389036
431994,9,0.027230522019929863
431994,10,-0.06333405380367707
431994,11,0.015444436671234699
432065,1,0.004443772592532412
432065,2,0.023829422369581903
432065,3,-0.003015833832305017
432065,4,-0.0033987790532352337
432065,5,-0.024199012468593423
432065,6,0.036285197918478354
432065,7,0.042490445533321874
432065,8,-0.003351857522112658
432065,9,0.05434012594844674
432065,10,0.1009805830709434
432065,11,-0.06418914495880162
432576,1,6.079911079585345e-4
432576,2,0.0014550285916678197
432576,3,-0.010673873497183172
432576,4,0.014802012882078027
432576,5,-0.0515453890638977
432576,6,-0.025084974747994218
432576,7,-0.004544727131582023
432576,8,-0.012732027598111727
432576,9,-0.07968411030008805
432576,10,0.01875185082183713
432576,11,-4.6436822237218365e-4
432686,1,0.05944952450145727
432686,2,0.04759064105882002
432686,3,0.1829929341114415
432686,4,-0.056820142153613744
432686,5,-0.06573394605297372
432686,6,0.007693082697338091
432686,7,0.003957814800086386
432686,8,-0.0210984310533588
432686,9,0.014198993576773622
432686,10,-0.015957200424818248
432686,11,0.03819322762508491
432779,1,0.06316531326032077
432779,2,0.026182023164795946
432779,3,0.20727139635955022
432779,4,-0.06292671888647895
432779,5,-0.05216763857381103
432779,6,-0.01476664153063411
432779,7,-0.031244430518867005
432779,8,-0.02277959440791139
432779,9,0.029739588611596295
432779,10,0.024157227151745158
432779,11,-0.011540581631483499
433118,1,0.0032743965418069363
433118,2,0.08394382200041
433118,3,-0.00887224987074787
433118,4,0.012091218694367138
433118,5,0.005629684727572187
433118,6,0.057777675204811654
433118,7,0.020168072845001328
433118,8,-0.03988216222827358
433118,9,-0.04280097419070568
433118,10,-0.10681241138402502
433118,11,0.035691272584774225
433570,1,-0.00320210594435202
433570,2,0.024604112348468363
433570,3,-0.004284733789170308
433570,4,0.019630113171232845
433570,5,-0.024984538025138378
433570,6,0.008473774883711838
433570,7,0.054104345830980095
433570,8,-0.007660195064482351
433570,9,0.04119518777077975
433570,10,0.12133569353460202
433570,11,-0.08370576795334322
434104,1,0.054210489211960124
434104,2,0.05844196805275461
434104,3,0.18731117767773106
434104,4,-0.07985436336112761
434104,5,-0.058555585706678966
434104,6,0.003019865227531292
434104,7,-0.0064343568154693635
434104,8,-0.05239011198869457
434104,9,0.025415428226911764
434104,10,-0.03253670543549692
434104,11,0.03239503423294432
434112,1,9.729655392321881e-4
434112,2,0.03007018415593527
434112,3,3.2993654991031956e-4
434112,4,0.016883333309783127
434112,5,-0.016557054698427318
434112,6,0.0141533975230454
434112,7,0.0440176247008768
434112,8,-0.013279999086737026
434112,9,0.046238365386499655
434112,10,0.06752418789821751
434112,11,-0.07448158840489078
434524,1,0.01763210874154331
434524,2,-0.01702483630211929
434524,3,-0.030049936135234434
434524,4,-0.020225413920281606
434524,5,0.01412377999486089
434524,6,-0.0058183992286573874
434524,7,0.07043200405175887
434524,8,-0.0792275093428854
434524,9,0.0071519589451220335
434524,10,-0.12841409136249154
434524,11,-0.16612411510120603
434639,1,0.05299699353149676
434639,2,0.03321389545661515
434639,3,0.18861865958799254
434639,4,-0.05333741152808566
434639,5,-0.04250016629251083
434639,6,0.02123323576051686
434639,7,-0.03006908056147152
434639,8,-0.03845025689642042
434639,9,0.005373784215249926
434639,10,-0.034413564257092175
434639,11,0.02873819105378341
434731,1,0.056783500676147895
434731,2,0.04340971732402885
434731,3,0.18125343522824092
434731,4,-0.060605625540508266
434731,5,-0.029747097378955985
434731,6,-0.009207478515317495
434731,7,-0.022892167769977923
434731,8,-0.030917058338616358
434731,9,-0.009428876630422517
434731,10,-0.05304838544270046
434731,11,0.04039326377870579
435258,1,0.05270438329643749
435258,2,0.05837814296915941
435258,3,0.18228886678609374
435258,4,-0.06023784361354753
435258,5,-0.08681984873479778
435258,6,0.026126072555104282
435258,7,-0.014239763781951595
435258,8,-0.033794146656992076
435258,9,-0.008832098361954146
435258,10,0.020121269249709584
435258,11,0.024233092966481327
435442,1,0.05802091336321127
435442,2,0.05780971030871734
435442,3,0.18258626703436256
435442,4,-0.05072457241593417
435442,5,-0.07623019832722071
435442,6,0.01901786134464149
435442,7,0.01412682676810803
435442,8,-0.03709476547901984
435442,9,0.04493896318863994
435442,10,0.00727666317121316
435442,11,0.023730421179115467
435461,1,-7.171981295452691e-4
435461,2,0.08396230971604347
435461,3,-0.007692478937262353
435461,4,-0.019162188401845453
435461,5,0.03023290153363005
435461,6,0.07048183791542764
435461,7,0.007542041680689482
435461,8,-0.033370958594106534
435461,9,-0.04567326743875108
435461,10,-0.11962916502986541
435461,11,0.0501972907170728
436345,1,0.07536484423985958
436345,2,-0.018854653601542103
436345,3,0.0032183686839608637
436345,4,0.04213857411049025
436345,5,-0.032600276158590576
436345,6,-0.06134782872592656
436345,7,-0.20023772309602703
436345,8,-0.19176687494760639
436345,9,-0.04833794265860991
436345,10,0.06115728471265324
436345,11,0.057212775748901046
436697,1,0.04688182973244006
436697,2,0.05965863539883079
436697,3,0.1842297420221134
436697,4,-0.0522280852369034
436697,5,-0.04275872513131235
436697,6,0.011542861671293921
436697,7,0.0025369070655750685
436697,8,-0.020700223708844744
436697,9,0.021791434092640605
436697,10,0.0246249948014088
436697,11,0.04324323611860776
437462,1,0.0674086389741524
437462,2,0.05974968741420439
437462,3,0.18281708641749092
437462,4,-0.06591000986912846
437462,5,-0.056358401412702715
437462,6,0.027716456954315256
437462,7,2.6119805075982747e-4
437462,8,-0.04271532622908356
437462,9,0.02564947835925952
437462,10,0.023559345438047864
437462,11,-0.028690669496885323
438185,1,-0.003894297389893993
438185,2,-0.01292684589862921
438185,3,0.004374418787109188
438185,4,0.018489826557987622
438185,5,-0.03265297839592238
438185,6,-0.015501693507874236
438185,7,0.015713829928690526
438185,8,0.02954875686453813
438185,9,-0.02245250583439016
438185,10,-0.01838003882493374
438185,11,-0.0013092424751754241
438850,1,-5.917875578767605e-4
438850,2,0.08340688469894027
438850,3,-0.012142049780530668
438850,4,-0.009967044004883916
438850,5,0.006229677343042467
438850,6,0.0870068632066547
438850,7,0.022658825655819313
438850,8,-0.029174577311073112
438850,9,-0.034936739388702655
438850,10,-0.08007460723773638
438850,11,0.10359380043489545
438975,1,-0.05066210124202826
438975,2,0.0163690831695967
438975,3,-0.10864304302860049
438975,4,-0.1871308605546342
438975,5,-0.2295370911071386
438975,6,0.013583581708940752
438975,7,0.010462010125862618
438975,8,-0.023763804261697753
438975,9,0.003024778635984662
438975,10,-0.06975962698291371
438975,11,-0.038641845847604335
439105,1,-0.05213727900807245
439105,2,-0.057549998660935006
439105,3,-0.08885300687289435
439105,4,-0.18079441628323067
439105,5,-0.2477738279448952
439105,6,0.0016448898200243016
439105,7,0.016721502772848895
439105,8,-0.012396175306244765
439105,9,0.010208792819220852
439105,10,-0.023218076419870514
439105,11,-0.017448697205614528
440443,1,-0.05558539746103004
440443,2,-0.05225463582588959
440443,3,-0.09093630715480087
440443,4,-0.19718993797333204
440443,5,-0.24798822160052886
440443,6,-0.01663589369858846
440443,7,0.015839525116199807
440443,8,-0.04289729285592049
440443,9,-0.0321807639322065
440443,10,-0.012448747345172604
440443,11,-0.011449476760572614
440987,1,6.115628789260931e-4
440987,2,-0.002462507557265212
440987,3,0.003859299209095835
440987,4,-0.019753319441361866
440987,5,-0.026535500794174896
440987,6,0.0036147295187194937
440987,7,-0.042384022074397454
440987,8,-0.022614318312872226
440987,9,-0.029213552371304255
440987,10,0.019522753917095414
440987,11,0.0631988089659331
441108,1,-0.04986918018635957
441108,2,-0.06038132588392214
441108,3,-0.09594263093952217
441108,4,-0.15961781277008216
441108,5,-0.25867016391076425
441108,6,-0.022879609314496903
441108,7,0.0022531536404116342
441108,8,-0.007794235002027427
441108,9,-0.01230984394503574
441108,10,-0.0511540125192226
441108,11,-0.05635742072241033
441186,1,-0.007953176038474303
441186,2,-3.346096660236202e-4
441186,3,0.018178254403632577
441186,4,0.04265789591983265
441186,5,0.05566481041585032
441186,6,0.0014109203430698498
441186,7,-0.06263369229545852
441186,8,0.010589134282994711
441186,9,0.015717645518601893
441186,10,-0.017104007114319003
441186,11,-0.02172351760509199
441747,1,0.003424342364315209
441747,2,0.028240608224527165
441747,3,0.01451649449670385
441747,4,0.01171516010782243
441747,5,-0.03975372057431885
441747,6,0.03750775967468817
441747,7,0.03907169876703257
441747,8,0.007293361465563875
441747,9,0.04129249006076257
441747,10,0.1496346963858982
441747,11,-0.07099038011534796
441991,1,-0.0012829357817311083
441991,2,0.10779564621536078
441991,3,-0.02879054128624913
441991,4,0.0050182754630251555
441991,5,-0.020391421333011944
441991,6,0.1056208169939793
441991,7,0.030146274170151827
441991,8,-0.05720084624013851
441991,9,-0.014141741401007197
441991,10,-0.010522890693099982
441991,11,-0.010501366770777999
442295,1,0.003787009268982272
442295,2,0.024855937020876726
442295,3,-0.010229990167988345
442295,4,0.021673783894120766
442295,5,-0.02766292164767398
442295,6,0.02232959197225359
442295,7,0.0506598498270004
442295,8,0.029069543386341774
442295,9,0.05426289856364835
442295,10,0.11363641729256771
442295,11,-0.04618481980311413
442323,1,-0.056518685947078234
442323,2,-0.07214953850684776
442323,3,-0.10035851211143945
442323,4,-0.18355143283867376
442323,5,-0.24130843229185175
442323,6,-0.019276394062124322
442323,7,-0.010818050858636059
442323,8,0.005410866716184166
442323,9,0.03974193835839558
442323,10,-0.06324429138212077
442323,11,-0.054624779060959305
442937,1,-0.049700614072523415
442937,2,-0.08608181500012423
442937,3,-0.028568418582640746
442937,4,-0.1282420743860382
442937,5,-0.09390034973125592
442937,6,-0.055440726910491185
442937,7,0.03332654790635734
442937,8,-0.06854182913813175
442937,9,-0.032106886303417854
442937,10,0.06312494880787775
442937,11,-0.05121724552541114
443333,1,-5.637756118711078e-4
443333,2,-0.013967516164701757
443333,3,-0.016617992241923164
443333,4,0.004178872366212489
443333,5,-0.02582672216518987
443333,6,-0.00680211963282973
443333,7,-0.013874580521217166
443333,8,-0.010949223958590956
443333,9,-0.10957306122625987
443333,10,0.003325524417183989
443333,11,0.0038800530515057515
443798,1,-0.014576809938560809
443798,2,0.005949701107253143
443798,3,-0.039304522019043484
443798,4,-0.1282033599454316
443798,5,-0.02892817876001427
443798,6,0.0375317836900922
443798,7,0.09666786401821485
443798,8,0.030939757121359893
443798,9,-0.020110225613969263
443798,10,0.08510807026771233
443798,11,0.041715091687995795
443896,1,-0.03104975477878912
443896,2,-0.0026723047575054645
443896,3,-0.05238676213436438
443896,4,-0.18339248927884866
443896,5,-0.009401426488761886
443896,6,0.04004592394534347
443896,7,0.08740166030041888
443896,8,-0.0776845209670604
443896,9,-0.07076026042922084
443896,10,0.10342827744483162
443896,11,0.01319135254946635
444485,1,0.14258582799249228
444485,2,0.022888422072292153
444485,3,-0.030447685463230786
444485,4,-0.0388466643770145
444485,5,-0.004519635794891942
444485,6,0.12347410759793671
444485,7,-0.06738580167167174
444485,8,0.020092601338656858
444485,9,-0.08497013053233456
444485,10,-0.18953914626188503
444485,11,-0.006868068486080086
445043,1,0.005692518268043418
445043,2,0.10718679645730057
445043,3,-0.025473365163393345
445043,4,-0.0046387108985847855
445043,5,-0.015800270146423
445043,6,0.10386199443715753
445043,7,0.055340761630714046
445043,8,-0.08346566115619528
445043,9,0.019658095654491916
445043,10,-0.023457187092672565
445043,11,-0.036193756062815656
446461,1,0.0055475249072459085
446461,2,0.08716751538450869
446461,3,-0.016804136000262194
446461,4,0.018385039208686997
446461,5,0.03395215612644037
446461,6,0.10769522243091702
446461,7,0.015058955469393972
446461,8,-0.07051197954516505
446461,9,-0.06442237857069111
446461,10,-0.07773461992222659
446461,11,0.09209268585597831
446536,1,-8.659028239143936e-4
446536,2,0.10619058566883631
446536,3,-0.02255848036034642
446536,4,4.471268173623784e-4
446536,5,-0.023260426762228236
446536,6,0.11048545138483337
446536,7,0.06790846291504797
446536,8,-0.05997332013557254
446536,9,-0.0024263575332888056
446536,10,0.03469236818167155
446536,11,0.021870564822244642
446852,1,-0.00627921803697893
446852,2,0.10655580122131664
446852,3,-0.017954480907762912
446852,4,-0.008775827039555704
446852,5,-0.018759785476353673
446852,6,0.10690352421931837
446852,7,0.0491472444382335
446852,8,-0.0628754194128807
446852,9,0.01831066403934466
446852,10,0.02806245189918017
446852,11,0.007235654038366263
446935,1,-0.004757462691729794
446935,2,0.00899126873397346
446935,3,0.009753008579717252
446935,4,0.019657393354774896
446935,5,-0.015650353049205343
446935,6,-0.005429865184494349
446935,7,0.004335526960134127
446935,8,-0.004168587029733031
446935,9,0.024051101401319917
446935,10,-0.023299975774354893
446935,11,0.03240498137553436
447692,1,0.006424107619128186
447692,2,0.10997450180526967
447692,3,-0.021972718567670024
447692,4,0.018486113566174734
447692,5,-0.010444217348500099
447692,6,0.10515202162384121
447692,7,0.053540903021997543
447692,8,-0.06736802531778241
447692,9,0.006086079665748213
447692,10,0.03958694683000335
447692,11,0.023725593778278473
447709,1,0.006863987211178467
447709,2,0.1090539822264768
447709,3,-0.026656699813995807
447709,4,0.0038398725141755444
447709,5,-0.0021684128211167733
447709,6,0.12348671967452877
447709,7,0.05380738488045292
447709,8,-0.05066272024091325
447709,9,0.018232077937913833
447709,10,0.035517458340066005
447709,11,0.049394740085196724
447830,1,9.231785809745501e-4
447830,2,0.10567905953370405
447830,3,-0.026227020167049007
447830,4,0.007336245437047983
447830,5,-0.015285177739439238
447830,6,0.08643350276907494
447830,7,0.03484708166027211
447830,8,-0.04794981179343232
447830,9,0.0285158046906201
447830,10,0.01840283181545199
447830,11,0.011636911431737854
448056,1,0.006035058593037345
448056,2,0.005879442304038915
448056,3,0.006309962357472541
448056,4,0.001270764135818346
448056,5,0.0029928279234752724
448056,6,0.012961557305234269
448056,7,-0.00560067207256518
448056,8,-0.02140204313009608
448056,9,-0.005066793445860767
448056,10,-0.03345695060597748
448056,11,0.016561096421241647
448286,1,-0.0011498510426799348
448286,2,-0.014621595807858604
448286,3,-0.025966373340484614
448286,4,-0.01387812175408909
448286,5,0.02811260426821335
448286,6,0.0179817569898718
448286,7,0.007056630741917508
448286,8,-0.013261481636441544
448286,9,-0.049902631523018624
448286,10,-0.007204683343913135
448286,11,-0.04416644579352097
448382,1,-0.0028963386532330562
448382,2,0.11326354867463377
448382,3,-0.030055065568021892
448382,4,0.006907361584538609
448382,5,0.0027034983953618313
448382,6,0.0936199803801174
448382,7,0.037412487120103935
448382,8,-0.05370244330245399
448382,9,1.7478397700891731e-4
448382,10,0.0047803585430749975
448382,11,-0.005818800173322747
448503,1,-0.002095058649471858
448503,2,0.11343586310257193
448503,3,-0.025776694055184037
448503,4,-0.007598035386619259
448503,5,-0.019315608598567062
448503,6,0.09794083936138893
448503,7,0.03639327000925446
448503,8,-0.05258532896782797
448503,9,0.011397197449395432
448503,10,0.0030075787794421973
448503,11,0.005485597245546994
448913,1,-0.058822569472944
448913,2,-0.0859157655120813
448913,3,-0.0722450088825877
448913,4,-0.20796321185872643
448913,5,-0.14388571729802674
448913,6,-0.020226034917375745
448913,7,-0.03342760360895035
448913,8,-0.011681233934843892
448913,9,0.03890247567967367
448913,10,0.08073487462031435
448913,11,0.11722193298495123
449145,1,-0.008746668641703826
449145,2,0.005573602751137423
449145,3,0.0328634217576786
449145,4,0.05592759457699744
449145,5,0.04263148961521264
449145,6,-0.002759648868041236
449145,7,-0.02516143582566147
449145,8,0.07250865543340992
449145,9,-0.04743261273476735
449145,10,-0.07015534209333796
449145,11,-0.08812424182777376
449275,1,5.310916312867195e-4
449275,2,0.10788673824392542
449275,3,-0.017017863380051765
449275,4,-0.0035526927848628276
449275,5,-0.018149764756825348
449275,6,0.1327615537140306
449275,7,0.03804995911179392
449275,8,-0.049448844658318176
449275,9,0.013188524902869076
449275,10,0.05141132860311324
449275,11,0.004387338552668298
449279,1,-1.3914137285127298e-4
449279,2,-9.225325442461293e-4
449279,3,0.024579819833072322
449279,4,0.0504968601440883
449279,5,0.0796790450643569
449279,6,0.03574080323054129
449279,7,-0.00927867652691055
449279,8,0.08787132334563072
449279,9,0.01872640971135637
449279,10,-0.03761571328591005
449279,11,-0.09104613247605636
449893,1,-0.06670657109064894
449893,2,-0.08137850921790353
449893,3,-0.032438123065434435
449893,4,-0.19094541856320454
449893,5,0.011797656204757402
449893,6,-0.038386347952318225
449893,7,0.06871900926383023
449893,8,-0.07937906404676083
449893,9,-0.037521287260810304
449893,10,0.13531837783931971
449893,11,0.11516445497328825
449901,1,-0.06455068957409119
449901,2,-0.07515049913432133
449901,3,-0.08007156352393702
449901,4,-0.19575693610460063
449901,5,-0.16313277373616758
449901,6,-0.015241354063614251
449901,7,-0.024600740343694465
449901,8,-0.010002947906883898
449901,9,0.02554964031500778
449901,10,0.08905992087662132
449901,11,0.13924319322535877
450375,1,0.0017341858596346342
450375,2,0.10052683999735829
450375,3,-0.0298397357482999
450375,4,0.008590354808125948
450375,5,8.436985818676574e-4
450375,6,0.10099287581546278
450375,7,0.03755151862605675
450375,8,-0.03267124114800013
450375,9,0.008873418309745338
450375,10,0.018962870854638946
450375,11,0.00787704087841714
450704,1,0.14493566186406845
450704,2,0.05383396918527466
450704,3,-0.02305484163260401
450704,4,-0.017972932066824845
450704,5,-0.03624003376413044
450704,6,0.20562284185581325
450704,7,-0.08877974720441514
450704,8,0.02384310475030555
450704,9,0.02373572217804464
450704,10,-0.040502614934185034
450704,11,-0.11161191217293279
451401,1,0.008303250510035299
451401,2,0.11298354185983844
451401,3,-0.017873197832278694
451401,4,0.008641864545707426
451401,5,-0.0027869177449964012
451401,6,0.11116162027636114
451401,7,0.03454623585197767
451401,8,-0.040332488765437866
451401,9,-0.0028005089495451337
451401,10,0.024164228378270092
451401,11,0.0362747482475012
451402,1,4.46494886194653e-4
451402,2,0.10995900631549937
451402,3,-0.03026426761042255
451402,4,-0.014425925991833578
451402,5,0.0019882366638788837
451402,6,0.10256855173893228
451402,7,0.07607483363245023
451402,8,-0.04252449836118135
451402,9,0.016484708891289647
451402,10,0.038410708172492605
451402,11,0.013029928179160053
451683,1,0.0025668044439479338
451683,2,0.1163913474572996
451683,3,-0.02079103306617401
451683,4,9.991548831114077e-4
451683,5,-0.012406617509393895
451683,6,0.10538522672955283
451683,7,0.024477798029996507
451683,8,-0.06249434013754147
451683,9,0.005075048677376987
451683,10,0.0186692570575068
451683,11,0.029388030142606297
451812,1,0.15617810209320052
451812,2,-0.022278207254803103
451812,3,-0.006995030470197848
451812,4,-0.0465308646777083
451812,5,-0.009961030331281345
451812,6,0.14312480675630523
451812,7,-0.1343257047768835
451812,8,0.10221693349048275
451812,9,-0.012279771846627735
451812,10,-0.16863621426572317
451812,11,-0.09386442256066875
452602,1,0.004862423435795668
452602,2,0.10119746760423559
452602,3,-0.02902449220467219
452602,4,0.006165739473288663
452602,5,-0.007923567049736175
452602,6,0.1218577561459694
452602,7,0.030068241076001197
452602,8,-0.04876977913049969
452602,9,0.012492693511270477
452602,10,0.0652947057189588
452602,11,0.0032678417170881706
452618,1,0.0028188068736074534
452618,2,-0.006227410125383589
452618,3,-0.009638862329140832
452618,4,0.012545950970134188
452618,5,-0.015375378060212124
452618,6,0.038748577742588476
452618,7,-0.0496318915694315
452618,8,-0.01917452931309024
452618,9,0.02184647121943169
452618,10,0.04816018718111755
452618,11,0.016157664911539145
453461,1,0.0032285599220343263
453461,2,0.10924070298956555
453461,3,-0.023482205730121126
453461,4,-0.002299617395613185
453461,5,-0.02207188184817745
453461,6,0.112823437139751
453461,7,0.04537829133367446
453461,8,-0.07106488871264167
453461,9,-0.007949483292247914
453461,10,0.027211067484931902
453461,11,0.01834354576427242
453911,1,0.0014730156966374728
453911,2,-0.013607497520820437
453911,3,-0.005476874815807642
453911,4,0.005177783468235584
453911,5,0.00472037105213098
453911,6,0.016862389461298366
453911,7,-0.054240969045897015
453911,8,0.00548345943678512
453911,9,0.04824392050987712
453911,10,-0.0030842223331955035
453911,11,0.014544465854687669
455009,1,0.003617288672879528
455009,2,0.1169344760475781
455009,3,-0.02366014890141479
455009,4,-0.0010788206380017988
455009,5,-0.010345726402463803
455009,6,0.10612679432552453
455009,7,0.08251549742469085
455009,8,-0.055245465684391974
455009,9,0.017544499613350566
455009,10,0.027793376386075274
455009,11,0.0150143517890115
455365,1,0.0013395611255981501
455365,2,0.10298676807129009
455365,3,-0.02743049560569718
455365,4,-0.006186654772227902
455365,5,-0.026359354003979967
455365,6,0.10460010216110247
455365,7,0.038706168306849933
455365,8,-0.03440648280280041
455365,9,-0.005183725543593672
455365,10,0.02007553747248483
455365,11,0.018374280114639683
455794,1,0.0037221049732169844
455794,2,-0.014717811436019836
455794,3,-0.0019928564904439024
455794,4,-0.016601581821718534
455794,5,-0.019589232255446107
455794,6,0.005662698795019287
455794,7,-0.0398620504835532
455794,8,0.02181167248797989
455794,9,0.031459326701931696
455794,10,0.020216518986422048
455794,11,-0.004043243857952122
455835,1,-0.003411009074203374
455835,2,0.10887777446940641
455835,3,-0.025307853342064517
455835,4,-0.006961107600840572
455835,5,-0.012981933813596797
455835,6,0.11766245160827643
455835,7,0.035043019030143605
455835,8,-0.05041436493184721
455835,9,-0.001496711481687234
455835,10,-0.009019627997242879
455835,11,-0.00298456897209526
456249,1,0.0029271248211641095
456249,2,0.107408175978193
456249,3,-0.02288167472267306
456249,4,0.0016295487080282341
456249,5,-0.0037037770779017125
456249,6,0.0682778307676289
456249,7,0.04847038491782117
456249,8,-0.018469122177751186
456249,9,0.03593264838186602
456249,10,0.04347175090392489
456249,11,-0.06693271801347746
456452,1,0.15297828829846685
456452,2,0.04354844183900403
456452,3,-0.04833661934302369
456452,4,-0.04049586890852166
456452,5,-0.046075144227076675
456452,6,0.1340669570298774
456452,7,-0.03975314406243657
456452,8,0.04426822808990855
456452,9,-0.011433787406091536
456452,10,0.029812563881156613
456452,11,-0.038034289889183184
456473,1,0.16333824873221794
456473,2,0.039644460161539184
456473,3,-0.05121837799183365
456473,4,-0.027411581714707558
456473,5,-0.02218233030978201
456473,6,0.13877948073927457
456473,7,-0.040826660936250994
456473,8,0.04106361012406552
456473,9,2.7779894802957915e-5
456473,10,-0.007059769617741923
456473,11,-0.05936868238937436
456717,1,0.00573630284356318
456717,2,0.09691064311552297
456717,3,-0.026691843753427223
456717,4,-0.017120268376876743
456717,5,0.002998291187246184
456717,6,0.035089946397417
456717,7,0.0303004355797882
456717,8,-0.003990180226762174
456717,9,-0.007595934964050464
456717,10,0.05024747429267754
456717,11,-0.055810431512701576
456980,1,0.009193646925518962
456980,2,0.10507924211502294
456980,3,-0.025251544903288747
456980,4,0.005837340590301939
456980,5,-0.009394150509195644
456980,6,0.06329336113019038
456980,7,0.011633499988685932
456980,8,-0.006000168261023125
456980,9,0.06092702414538777
456980,10,0.019412344827090446
456980,11,0.009837807764250212
456984,1,-0.027116437245480324
456984,2,-0.004474046723741512
456984,3,-0.03237899960779197
456984,4,0.03779658483184755
456984,5,-0.09024074568819969
456984,6,-0.030607199108839467
456984,7,0.1122403203894308
456984,8,0.013081571285759956
456984,9,-0.10101301621989206
456984,10,0.07130261924120782
456984,11,0.048974781548093385
457159,1,-5.94528570149343e-4
457159,2,0.10321414969647416
457159,3,-0.02128016221918722
457159,4,0.011200850280912496
457159,5,-0.009698339098917385
457159,6,0.05984999774789509
457159,7,0.023361920738398545
457159,8,-0.021062501821171458
457159,9,0.01759220772524661
457159,10,0.031992427173963195
457159,11,-0.030170653844438785
457367,1,3.2668094446104836e-4
457367,2,0.1008674992359158
457367,3,-0.023662186442470392
457367,4,-0.005589557673245839
457367,5,-0.008606112264330402
457367,6,0.050967042597684635
457367,7,0.026620745762379796
457367,8,-0.011453967087068424
457367,9,0.011967661062560172
457367,10,0.02723715503051383
457367,11,-0.017428725036315842
458373,1,-0.05008793390879371
458373,2,-0.0868487240480209
458373,3,-0.036909608393156414
458373,4,-0.23021385870633854
458373,5,0.12107403898216386
458373,6,0.026401546829903786
458373,7,0.060204573782583724
458373,8,-0.059115396139282836
458373,9,0.06275722784295945
458373,10,0.02311736905356252
458373,11,0.1350044367125493
458633,1,0.017906916171813475
458633,2,-0.024446424163061628
458633,3,-0.034836966439935356
458633,4,-0.0396121735399591
458633,5,-0.015019565661232533
458633,6,0.011126264095336217
458633,7,0.06145860343411266
458633,8,-0.0887059493226158
458633,9,0.013336347360021768
458633,10,-0.11204076997075901
458633,11,-0.175681375741485
458643,1,0.02174375110036845
458643,2,-0.014856631210941522
458643,3,-0.02823467523831324
458643,4,-0.017989280376360238
458643,5,-0.007341853466486775
458643,6,0.014573561038653335
458643,7,0.04086193938565292
458643,8,-0.07098730557277164
458643,9,0.006448882580248695
458643,10,-0.1037347038735367
458643,11,-0.16886789967993587
459306,1,-0.0023972778109891497
459306,2,0.014122952991030882
459306,3,0.01030055628423499
459306,4,-0.032853715810372254
459306,5,-0.0034764059018068463
459306,6,0.05770000523205553
459306,7,-0.019703450020979865
459306,8,0.04961388961579068
459306,9,-0.023211953103956618
459306,10,-0.06123786557846521
459306,11,-0.06402153010985252
459506,1,0.15232336179847597
459506,2,-0.06110166920490557
459506,3,-0.042582160782751594
459506,4,-0.016730467434556886
459506,5,-0.03206516703998358
459506,6,0.032512668132859565
459506,7,-0.031190669476081692
459506,8,0.038460310023226724
459506,9,-0.009268066196062862
459506,10,0.04203493940384164
459506,11,-0.04902613355426031
459654,1,0.16250230195195822
459654,2,-0.05957466063563722
459654,3,-0.048539185379291146
459654,4,-0.008492011115468158
459654,5,-0.017921535521154403
459654,6,0.03589687312407861
459654,7,-0.037206091416832406
459654,8,0.02564466531391491
459654,9,-0.008692474706841294
459654,10,0.02762876697092697
459654,11,0.024518299405029687
459720,1,0.15456439212799689
459720,2,-0.0649206913330107
459720,3,-0.04698941293327938
459720,4,-0.011981759728137685
459720,5,-0.019277713964528577
459720,6,0.007158557155034831
459720,7,-0.05610235416993287
459720,8,0.029517002837926694
459720,9,-0.019603777749233504
459720,10,0.02564289724668012
459720,11,-0.0076034099880081625
462008,1,0.09498702812655598
462008,2,-0.014683268151757594
462008,3,-0.03949986216716756
462008,4,0.013246670107772017
462008,5,-0.029210390200986848
462008,6,-0.03517823318665296
462008,7,-0.17782645991930215
462008,8,-0.22808542310382796
462008,9,-0.04769706299106784
462008,10,-0.13549574942559178
462008,11,-0.1021193505849447
462055,1,-0.003740807215484392
462055,2,0.031121003859688055
462055,3,-0.00526826414283072
462055,4,0.005706131817857037
462055,5,-0.021544113197084123
462055,6,0.04129414769216295
462055,7,0.03903043384690805
462055,8,-0.019817914090388262
462055,9,0.04184918870445032
462055,10,0.13543769799122837
462055,11,-0.041968249950902606
462355,1,0.04356422108861713
462355,2,-0.028930376294529797
462355,3,0.010489634811139051
462355,4,-0.040978675582988275
462355,5,0.025386280665899316
462355,6,0.035903890604831505
462355,7,0.13604499625090385
462355,8,0.24567283792986494
462355,9,-0.014707181733821465
462355,10,-0.0045399849449797415
462355,11,0.09915121828482346
462738,1,-1.2566328981649405e-4
462738,2,-0.00595233675047952
462738,3,9.840267660146996e-4
462738,4,0.03424142487262894
462738,5,-0.04231523065457997
462738,6,-0.01808270530116685
462738,7,0.019818972271925417
462738,8,0.012451034348914609
462738,9,-0.034824087538660085
462738,10,0.03444092715415488
462738,11,0.015616592878577296
462765,1,0.015522474874128238
462765,2,0.1035529639625175
462765,3,-0.03582966193961334
462765,4,-0.04206748774042109
462765,5,0.039221683887029755
462765,6,-0.06676438478731543
462765,7,-0.02393605455839396
462765,8,0.033890652959794945
462765,9,-0.0502122567898788
462765,10,-0.06361489067340337
462765,11,0.07468763208403104
463608,1,0.0015205426348334197
463608,2,0.10145452058982928
463608,3,-0.0355353316598554
463608,4,-0.051044497042233176
463608,5,0.04049135015096207
463608,6,-0.10824253449193523
463608,7,-0.042222408001845894
463608,8,0.027330141668367666
463608,9,-0.049585386409792154
463608,10,-0.07407601326795107
463608,11,0.05384183878361025
463753,1,-0.02210491060415155
463753,2,-0.017202285619032805
463753,3,-0.015939664866567227
463753,4,-0.013751714444981827
463753,5,-0.010907137039161059
463753,6,-0.05138475713916324
463753,7,-0.018109514391833392
463753,8,0.04470426771696003
463753,9,0.18516723477037347
463753,10,-0.06408739302614465
463753,11,-0.08127655224720665
463995,1,0.14026470263917878
463995,2,0.04913430397469861
463995,3,-0.09335996742224419
463995,4,-0.0632706545222078
463995,5,-0.004101129926689719
463995,6,-0.012434478758198165
463995,7,-0.05348328506873974
463995,8,0.14398794096041184
463995,9,0.15823040852653306
463995,10,0.054070342873665314
463995,11,-0.13220636636842162
465574,1,0.15905015761153976
465574,2,0.04856412184154266
465574,3,-0.07953751485157282
465574,4,-0.03812987851251126
465574,5,0.005567779960664222
465574,6,0.0029838971076052673
465574,7,-0.05691683005360505
465574,8,0.04310201654466458
465574,9,-0.031156828412166312
465574,10,0.09237414701827373
465574,11,0.010451406735201707
467283,1,0.1533686394747825
467283,2,-0.064866865943604
467283,3,-0.0388378470860046
467283,4,6.975475091747784e-4
467283,5,-0.019523150655051814
467283,6,0.028473316200929678
467283,7,-0.060487735023238516
467283,8,0.04455309820532555
467283,9,-0.03625466819041998
467283,10,0.033448155493557646
467283,11,0.019700472865181586
467358,1,0.1623477985984611
467358,2,-0.07444726495347492
467358,3,-0.03526593604219437
467358,4,-0.01844512286103333
467358,5,-0.024364502830018068
467358,6,0.04408548528978399
467358,7,-0.03476158734608295
467358,8,0.047777707317702756
467358,9,-0.0051972318278660674
467358,10,0.023077202842426783
467358,11,0.06003926601763064
468001,1,0.010449208163662389
468001,2,0.1293779519723124
468001,3,-0.03259861919121724
468001,4,-0.02256337177649648
468001,5,0.018466227794105432
468001,6,-0.06874505149819564
468001,7,-0.023098758972544067
468001,8,0.025568593666588712
468001,9,0.015475555266332791
468001,10,0.06690576592808353
468001,11,-0.030972001465499558
469666,1,0.022692048119884484
469666,2,-0.017434041216636446
469666,3,-0.025698995804259262
469666,4,-0.013383541991609406
469666,5,-0.015280506062611113
469666,6,0.020138587601492723
469666,7,0.03865949331525608
469666,8,-0.092677555578466575
469666,9,-0.00543185084340636
469666,10,-0.1072590780828876
469666,11,-0.17589665968741455
470264,1,-0.00260167789749203
470264,2,0.0953703017162857
470264,3,-0.023932198651285267
470264,4,-0.04153438326730259
470264,5,0.03138564791938147
470264,6,-0.09702655216206794
470264,7,-0.05034374868654746
470264,8,0.03619310481676363
470264,9,-0.05674062178152237
470264,10,-0.09332625009722924
470264,11,0.07488736456547349
471125,1,-1.826670524648314e-4
471125,2,0.1254634628454405
471125,3,-0.04145265423352726
471125,4,-0.03183293578496402
471125,5,0.010597435505414216
471125,6,-0.07309811213109357
471125,7,-0.030212097124309275
471125,8,0.017998913380111756
471125,9,-0.008450497649653282
471125,10,0.033019647918245104
471125,11,-0.009120264464379167
471553,1,-0.024818004965895733
471553,2,-0.02970559682145386
471553,3,0.04943263608396651
471553,4,-0.23544073316730874
471553,5,0.2319993352806181
471553,6,-0.02593356581263458
471553,7,0.02984832883016899
471553,8,0.013269303650662496
471553,9,-0.22317234214769713
471553,10,0.16948945004000468
471553,11,-0.12234174713137046
472727,1,0.008854992999392004
472727,2,0.12707033729411926
472727,3,-0.04265225231840042
472727,4,-0.04044312764468056
472727,5,0.011828644621759253
472727,6,-0.040563254855273415
472727,7,-0.03467395344478523
472727,8,0.038983874583582
472727,9,-0.007683193206798544
472727,10,0.04294710527584569
472727,11,-0.011029759240484608
473592,1,0.15971455652132227
473592,2,-0.07587257239840449
473592,3,-0.038410239385679154
473592,4,-0.018975774037217053
473592,5,-0.045275227364707245
473592,6,0.06370462965462688
473592,7,-0.06452347876113781
473592,8,0.016306044692018146
473592,9,-0.020373621880294814
473592,10,0.03461374849674675
473592,11,0.04671335835954159
473846,1,0.003906147039516374
473846,2,-0.0023577343815930005
473846,3,-0.03707035587135204
473846,4,-0.0932677863555831
473846,5,0.04932712728848138
473846,6,0.04471115083072344
473846,7,-0.050575104220203594
473846,8,-0.013914917106509965
473846,9,0.09781471431814233
473846,10,0.0723805562295484
473846,11,0.03598651982141618
473902,1,0.1552300115238157
473902,2,0.05234241997267
473902,3,-0.08065711735430299
473902,4,-0.02640353099526536
473902,5,-0.02350389308524936
473902,6,-0.0015905554238067187
473902,7,-0.021170776469040392
473902,8,0.05876064841785399
473902,9,0.016250171015851852
473902,10,0.08311487460407353
473902,11,0.0060563178954827985
474358,1,0.012390037200130986
474358,2,0.1221760655364195
474358,3,-0.040891645609671
474358,4,-0.03349670055334637
474358,5,0.0014292577506682667
474358,6,-0.08433485721459583
474358,7,-0.026966425113771376
474358,8,0.06004411499539316
474358,9,-0.001582383825948897
474358,10,0.0382019994066563
474358,11,-0.01610379855379964
476230,1,0.026548311539777807
476230,2,-0.004530089328337932
476230,3,0.003637273299972403
476230,4,0.026143333204448914
476230,5,0.00433343950575131
476230,6,0.016601451864301925
476230,7,0.04814744267375127
476230,8,0.09554280497599679
476230,9,0.02649470769651333
476230,10,0.041900402064263334
476230,11,0.03762272371361927
476285,1,0.16367411799312515
476285,2,0.04361844616802809
476285,3,-0.07245544202429505
476285,4,-0.03947742622357339
476285,5,-0.01594018349809136
476285,6,0.01972057334004211
476285,7,-0.047648170101748925
476285,8,0.06926261549152461
476285,9,-0.02057114670170815
476285,10,0.0614817090818122
476285,11,-0.02510349596301791
476469,1,0.012019151221131872
476469,2,0.0523751845805412
476469,3,-0.02431148581807384
476469,4,-0.056286165465605595
476469,5,0.031651633811608626
476469,6,-0.0898548495655576
476469,7,-0.06845101400848322
476469,8,0.051697561976272705
476469,9,-0.010857536927793399
476469,10,-0.052565546327431656
476469,11,-0.0017803495432051715
477165,1,-0.0016604214113037973
477165,2,0.019555140244602653
477165,3,-0.004361594329319154
477165,4,0.0027222331049822734
477165,5,-0.0323363033004877
477165,6,0.0015085937253475584
477165,7,0.04970066103038238
477165,8,-0.017728166927478667
477165,9,-0.004170654650603702
477165,10,0.06963050163120901
477165,11,-0.03240932624064952
479319,1,0.15881358376367583
479319,2,-0.06584093547037093
479319,3,-0.04078439594094895
479319,4,-0.009608416315154076
479319,5,-0.009605814245060906
479319,6,0.03000625939623146
479319,7,-0.05771441812528567
479319,8,0.06369542325919753
479319,9,-0.00420016334216657
479319,10,-0.014657532297271963
479319,11,0.011452346545869655
479450,1,0.06195091849091856
479450,2,-0.03262034260148853
479450,3,-0.008544082547685584
479450,4,0.001129496744130649
479450,5,0.011659436398120171
479450,6,0.0719829627221498
479450,7,0.1145718416075849
479450,8,0.2657309725440517
479450,9,0.02536282801514911
479450,10,0.012688690091198919
479450,11,0.12836436243008761
480851,1,0.021688946728655092
480851,2,-0.003703713363793152
480851,3,-0.010387642231010338
480851,4,0.03627020932330935
480851,5,0.017040574036509628
480851,6,-7.593094813801469e-4
480851,7,0.033397593155301684
480851,8,0.002721012515963128
480851,9,0.04827240898962584
480851,10,-0.023658268695363905
480851,11,0.05458575502240974
481193,1,0.009674038840440043
481193,2,0.13112686074690585
481193,3,-0.041969001474357795
481193,4,-0.03688461602973453
481193,5,-0.002172497319564763
481193,6,-0.061172151906457424
481193,7,-0.02066262063014764
481193,8,0.014768450783104634
481193,9,-0.01388535293211648
481193,10,0.03990959994886867
481193,11,4.543298923926471e-4
481929,1,-0.027207904390837513
481929,2,0.05939127141073981
481929,3,0.06631793533781033
481929,4,0.17246836579215402
481929,5,0.04604342374728159
481929,6,-0.06170637961263115
481929,7,0.1328618598980781
481929,8,-0.03389441983782994
481929,9,-0.04808662587250368
481929,10,0.05657553678190942
481929,11,0.0032532167592023817
483893,1,-0.0018148739089155976
483893,2,0.008405467459954739
483893,3,0.029113389664238175
483893,4,0.03249333491378879
483893,5,0.010104512896970428
483893,6,8.662619319352234e-4
483893,7,-0.059848561583126625
483893,8,0.021042884298573573
483893,9,0.0026151414688854614
483893,10,-0.02481889803614626
483893,11,-0.00809192214999143
483933,1,0.05266227729010242
483933,2,-0.014738953550269815
483933,3,-0.004448459117729412
483933,4,-0.022934116550767745
483933,5,0.02921152446818759
483933,6,0.04779107448160731
483933,7,0.13564287389475752
483933,8,0.2039484585714373
483933,9,-0.024263391870998106
483933,10,0.0266277537497351
483933,11,0.11882931681172665
484732,1,0.006122520839243688
484732,2,0.12625307345391196
484732,3,-0.03854857529393559
484732,4,-0.03509034443934478
484732,5,0.005351043384776415
484732,6,-0.08207560967079813
484732,7,-0.009671151204428116
484732,8,0.012880351627020434
484732,9,-0.014013468465464286
484732,10,0.06358505223481706
484732,11,-0.03187358830198229
484754,1,0.16478701603207457
484754,2,-0.06400816627078393
484754,3,-0.054074456153022823
484754,4,-0.018417971577855664
484754,5,-0.03312470122750223
484754,6,0.03854003926444235
484754,7,-0.043303958206344
484754,8,0.029555111796687784
484754,9,0.00627611520393071
484754,10,-0.0211644440142846
484754,11,-0.014426654399727276
485321,1,0.0063286552108595085
485321,2,0.12467902086196636
485321,3,-0.03590235174024244
485321,4,-0.03574084976181455
485321,5,-0.006934231505716234
485321,6,-0.08141261162142126
485321,7,-0.018009561171139457
485321,8,0.02755953789899239
485321,9,-0.016382006085723756
485321,10,0.020706518276318944
485321,11,-0.01728066915899279
486247,1,-0.02299308380724297
486247,2,0.12034026112625616
486247,3,-0.05919442428919426
486247,4,-0.042195900506982346
486247,5,0.019800012750217692
486247,6,-0.10222675132341336
486247,7,-0.03423292107834943
486247,8,0.05595642604785634
486247,9,0.18958227237535472
486247,10,-0.016357021524579622
486247,11,-0.0909227925534635
486549,1,-0.012081027223609682
486549,2,0.0016412227369345298
486549,3,-0.005603192051808069
486549,4,-0.02693458525447513
486549,5,-0.01916817681725097
486549,6,-0.009614328831620462
486549,7,0.007355317141379137
486549,8,0.013651998103854477
486549,9,0.07758703293007885
486549,10,-0.02243574933614906
486549,11,-0.02216733662762034
486581,1,-0.0016893086250020103
486581,2,-0.004209154696374287
486581,3,-0.007504216210544307
486581,4,0.03207653007984827
486581,5,-0.055489860136762235
486581,6,-0.011149541679599322
486581,7,-0.008803395551856687
486581,8,-0.012324196095112894
486581,9,-0.1021421611010715
486581,10,0.015385235531507285
486581,11,0.0072985340810681355
486612,1,-0.007863692101373963
486612,2,-0.0032711667048589046
486612,3,-0.010657447378564477
486612,4,-0.012618807923074592
486612,5,0.015144043940068968
486612,6,0.02377880210463182
486612,7,-0.03966046248161397
486612,8,0.026151498750749635
486612,9,0.03134690570761926
486612,10,0.030191924594543448
486612,11,-0.013829307001962818
486714,1,-0.012307577876986614
486714,2,0.010599604687432733
486714,3,0.01097517915215782
486714,4,-0.0546809113114175
486714,5,0.04240086140939585
486714,6,0.03460111615341004
486714,7,0.03389438588632566
486714,8,-0.05375736962940448
486714,9,-0.052444435894558876
486714,10,0.0787515813590399
486714,11,-0.005173799966735503
486721,1,8.741792263930698e-4
486721,2,-0.004235412940558852
486721,3,-0.007150745943437302
486721,4,0.026227543706411352
486721,5,-0.036514671507857206
486721,6,-0.007291974124882499
486721,7,-8.582712915521487e-4
486721,8,-0.005661280064447903
486721,9,-0.04919004906507446
486721,10,0.010585567776624772
486721,11,0.03448747565949504
486727,1,-3.905446534419845e-4
486727,2,-0.012043534259449772
486727,3,-0.010721235851052313
486727,4,0.022526427737981258
486727,5,-0.035845130450855855
486727,6,-0.026621701361017644
486727,7,0.0035441166682111027
486727,8,-0.0189494060157908
486727,9,-0.07358896144458661
486727,10,0.05287842418390049
486727,11,0.02076683675549423
486742,1,-0.020310878226364047
486742,2,-0.02531420240126149
486742,3,0.004460108143991041
486742,4,0.015133367009637773
486742,5,-0.005624706075089963
486742,6,0.026419897318167202
486742,7,-0.09977919847876401
486742,8,0.03413241427657682
486742,9,0.09980542091035995
486742,10,0.05434766494558133
486742,11,0.12618751290802346
486755,1,-0.024138787532270015
486755,2,-0.020901205541792915
486755,3,-0.01691417275860601
486755,4,-0.011112757314119585
486755,5,-0.019295737678089835
486755,6,-0.04478930441964649
486755,7,-0.015871839628494328
486755,8,0.04423124658410464
486755,9,0.14371437941434853
486755,10,-0.020033238290908965
486755,11,-0.11984057316929374
486767,1,0.004569778772010777
486767,2,0.0028206805830480173
486767,3,-0.0056802841251076845
486767,4,-0.04134321331409079
486767,5,0.034325126852600495
486767,6,0.05110886778227558
486767,7,0.016342090596083575
486767,8,0.03257014398125447
486767,9,-0.0777986350602309
486767,10,-0.09499927957496912
486767,11,0.02805947649914496
486793,1,-0.008775355776490282
486793,2,0.0066868078519180365
486793,3,3.101079178203225e-4
486793,4,6.521395895761314e-4
486793,5,0.0067504970046250645
486793,6,0.015558072777469106
486793,7,0.001464039995069879
486793,8,0.014580764572140891
486793,9,-4.0609526249369245e-4
486793,10,-0.016898621942842914
486793,11,-0.009058403782288888
486794,1,-0.015079957347480513
486794,2,-0.030084285363662783
486794,3,0.03952153488253392
486794,4,-0.27487778094001813
486794,5,0.15671128345065177
486794,6,-0.004358859260020557
486794,7,0.12881383985613437
486794,8,-0.0070082014132864115
486794,9,-0.17263125544905755
486794,10,-0.00829518472234668
486794,11,-0.20083129859878954
486810,1,2.538910892375443e-4
486810,2,0.01944680244264016
486810,3,0.00784050375895079
486810,4,0.008528861440205718
486810,5,0.004114443290611432
486810,6,0.025497470776476815
486810,7,-0.04635358765662295
486810,8,-0.0021399855766718935
486810,9,-0.007337698411704838
486810,10,-0.04932859216837364
486810,11,0.0012837879596453252
486812,1,-0.0032074781992816803
486812,2,0.0282068152412973
486812,3,0.002983071648397348
486812,4,0.013827637458461451
486812,5,0.010302690338027064
486812,6,0.04253287252514265
486812,7,-0.024216597899720072
486812,8,0.007167140673552163
486812,9,-0.02645112404272552
486812,10,-0.05082347274914611
486812,11,-0.037045116682079084
487165,1,0.01043836415303972
487165,2,-0.017529883536751806
487165,3,0.0080024706759741545
487165,4,-0.05963358252798761
487165,5,0.004451558408427383
487165,6,0.06014592691922374
487165,7,0.06761858532858409
487165,8,0.03945392591718803
487165,9,-0.07671882526999754
487165,10,0.02557814779361765
487165,11,0.011019472752235545
487303,1,0.1533162869772331
487303,2,0.05618083906970194
487303,3,-0.09387180467089608
487303,4,-0.02534200416992734
487303,5,0.00512172292411857
487303,6,-0.0316129311279515
487303,7,-0.02047425810339957
487303,8,0.01703107579942941
487303,9,-0.029692934892214657
487303,10,0.03189227162787512
487303,11,-0.029428275815554888
488433,1,0.15968682623167055
488433,2,0.06536539252603148
488433,3,-0.07947719753286185
488433,4,-0.03153461847413614
488433,5,-0.01202137020787739
488433,6,-0.025431967370580726
488433,7,0.006995545380836899
488433,8,-0.0025651400873879645
488433,9,-0.02178573019042692
488433,10,0.062397772161004963
488433,11,-0.02548789305002437
488930,1,0.003902649004593845
488930,2,-0.008699286050313728
488930,3,-0.008841604157356
488930,4,-0.07275341347778004
488930,5,0.08192196175183636
488930,6,0.05494458710653191
488930,7,-0.06884787856587438
488930,8,-0.05638800109220778
488930,9,0.09957454623161544
488930,10,0.050145078605724966
488930,11,0.0464926557550229
490648,1,0.047853471171729264
490648,2,-0.028764665163837667
490648,3,0.014972750272181208
490648,4,-0.035105194413406905
490648,5,0.030345376602595238
490648,6,0.028414881429131185
490648,7,0.11696650205451246
490648,8,0.2111190870555427
490648,9,-0.04850012570941084
490648,10,0.02321053296378418
490648,11,0.09862845851018505
490762,1,-0.0031073649933540622
490762,2,0.015142032453628353
490762,3,0.01067243892376549
490762,4,-0.05448016407295302
490762,5,-0.002696672514996901
490762,6,0.03325652888945696
490762,7,-0.035635195675922764
490762,8,0.023254654370518327
490762,9,-0.03222301738963356
490762,10,-0.07569943556318971
490762,11,-0.024028996436765145
491024,1,0.024524341781979063
491024,2,-0.01483633744806069
491024,3,-0.03281888295375644
491024,4,-0.044026965584909
491024,5,-0.005831392714237139
491024,6,0.013040870211223425
491024,7,0.06179128309224033
491024,8,-0.10694420738165028
491024,9,0.013528886638674874
491024,10,-0.11189340362260963
491024,11,-0.17805510917584721
491721,1,0.002230870490140817
491721,2,0.12304196480760361
491721,3,-0.02837993894334851
491721,4,-0.03620537063831132
491721,5,-0.018342278075272875
491721,6,-0.06182613049070715
491721,7,-0.00313795667983749
491721,8,0.07107510039731939
491721,9,-0.011293880370254344
491721,10,0.033769273246993026
491721,11,-0.03602530778820584
492207,1,0.012669144907687956
492207,2,0.11905502561358756
492207,3,-0.041210582009642754
492207,4,-0.016278099606583357
492207,5,-0.007209914140115182
492207,6,-0.07442210317913821
492207,7,0.008182969668185613
492207,8,0.049839932276599594
492207,9,0.0025019136885022033
492207,10,0.06512591425355453
492207,11,-0.038678841040488667
492502,1,0.0049078549374474345
492502,2,0.13160033326709708
492502,3,-0.03504850094139489
492502,4,-0.04259315232941669
492502,5,0.006988409304946494
492502,6,-0.08399925438525584
492502,7,-0.02183274749697736
492502,8,0.052422924433586995
492502,9,-0.024788097150563897
492502,10,0.031702362657397135
492502,11,-0.054917960332102896
492758,1,0.16658817145543556
492758,2,-0.062377801349876305
492758,3,-0.049751076914211274
492758,4,-0.011906301932491503
492758,5,-0.0337670868087098
492758,6,-0.009493571374841572
492758,7,-0.0020883105711542987
492758,8,6.388883580326207e-5
492758,9,-0.041329913316535044
492758,10,0.00783430243202057
492758,11,0.02938078001392739
492830,1,0.0033417866413277845
492830,2,0.12017078095992483
492830,3,-0.037301651263357063
492830,4,-0.03741888321936455
492830,5,0.0030025380324975397
492830,6,-0.05661906624606274
492830,7,-0.021464875315738183
492830,8,0.03790100734634538
492830,9,-0.003348793872294217
492830,10,0.029383072533006694
492830,11,-0.015200705245600892
493205,1,-0.04904821174384492
493205,2,-0.06281499146452459
493205,3,-0.006659791574450481
493205,4,-0.16566151478312094
493205,5,0.15271198449018933
493205,6,0.08278588181774511
493205,7,-0.03658637866160546
493205,8,-0.024828467180099744
493205,9,0.047533929128945225
493205,10,-0.09130104850613631
493205,11,0.06595617201535277
493243,1,0.15611143957313084
493243,2,-0.062095856063087804
493243,3,-0.051565201806007835
493243,4,-0.0013592608087814187
493243,5,-0.0056837250660772875
493243,6,2.8991313765669836e-5
493243,7,-0.020300891692175593
493243,8,-0.0027434855023799358
493243,9,-0.03662683053995694
493243,10,-0.009564482759290484
493243,11,0.04060672035692343
493609,1,-0.02145760025497509
493609,2,-0.03133977800809799
493609,3,0.06333121876335225
493609,4,-0.21816781290058082
493609,5,0.2647700756825715
493609,6,0.00966820699142353
493609,7,-0.05513795348294899
493609,8,0.04352434724048253
493609,9,-0.21718965196715642
493609,10,0.13183119930046666
493609,11,-0.18875140115621042
494654,1,0.009064801786911077
494654,2,0.12015313640197836
494654,3,-0.04034331486124099
494654,4,-0.02109602621908368
494654,5,-0.008395418002781622
494654,6,-0.05616718783861169
494654,7,-4.492287979033282e-4
494654,8,0.035862569510693845
494654,9,-0.0393279810778756
494654,10,0.04375056167753709
494654,11,-0.023178215030921694
494808,1,-0.058680964225033966
494808,2,-0.08321399193430475
494808,3,3.401336299953671e-4
494808,4,-0.18472775362765215
494808,5,0.13726261471405934
494808,6,0.0712357260049389
494808,7,-0.010895341006991213
494808,8,-0.05247866019386902
494808,9,0.027360760780001582
494808,10,-0.03908661206436467
494808,11,0.10875922820323364
495444,1,0.016071389150054217
495444,2,0.004317088856033585
495444,3,-8.001791023799941e-4
495444,4,0.013162391739958725
495444,5,-0.04460718025310797
495444,6,-0.01592909712078419
495444,7,-9.761230784750548e-4
495444,8,-0.0414744580584629
495444,9,0.029163772784419152
495444,10,-0.02739024690142669
495444,11,-0.04399250619174133
495519,1,0.004598184456396932
495519,2,0.0925137555341378
495519,3,-0.03328665406200806
495519,4,-0.031864392159646315
495519,5,0.02410492134144078
495519,6,-0.11704555815290572
495519,7,-0.062370343941837034
495519,8,0.039388580169608736
495519,9,-0.030356173677433717
495519,10,-0.08761023889726273
495519,11,0.0489963646067781
495739,1,0.1529322209710409
495739,2,-0.06118991711890945
495739,3,-0.055231627219742986
495739,4,-6.025807882682294e-4
495739,5,-0.03217725916526335
495739,6,0.01244986544395067
495739,7,-0.009940457044313138
495739,8,0.005530349517079913
495739,9,-0.01675069808553285
495739,10,-0.01949292471828435
495739,11,0.03743018607454289
495744,1,0.15775132544317488
495744,2,-0.06699567551030644
495744,3,-0.05206786522309293
495744,4,0.0029439569516194856
495744,5,5.822959094042091e-4
495744,6,-0.007253506130694141
495744,7,-0.019270336332383523
495744,8,0.0031771475507490813
495744,9,-0.01179559042908941
495744,10,-0.0037083602276923814
495744,11,0.009244958096150849
496397,1,0.1541172039706749
496397,2,-0.05652728764258574
496397,3,-0.0472849443535633
496397,4,0.010132318922208767
496397,5,-0.022771217119374652
496397,6,-0.010259948088231708
496397,7,0.004732609492569051
496397,8,-0.02687703499445717
496397,9,-0.022376738432419177
496397,10,-0.010559805479275772
496397,11,0.004710279115073286
497683,1,0.00988550473184983
497683,2,0.09360381817386296
497683,3,-0.02549188644580779
497683,4,-0.045300817270486814
497683,5,0.038755188030083064
497683,6,-0.0972960002662145
497683,7,-0.0529843722073045
497683,8,0.05218631182718586
497683,9,-0.063745645371333
497683,10,-0.07219992520007051
497683,11,0.05781223142943359
499001,1,-0.020659071962497156
499001,2,-0.002281498088141273
499001,3,-0.01590134533041091
499001,4,-0.012600236352257675
499001,5,0.0022124080985829924
499001,6,-0.05412627072561571
499001,7,-0.04043794542801082
499001,8,0.025457342883498543
499001,9,0.17241608586098073
499001,10,-0.05380340980030636
499001,11,-0.0812728112052854
500293,1,0.006525098529318227
500293,2,0.13406629744842755
500293,3,-0.05077084306751015
500293,4,-0.040969785122233114
500293,5,-0.006938777845058935
500293,6,-0.08553501562346044
500293,7,-0.023537962065848808
500293,8,0.0382655537264573
500293,9,0.018907546573817203
500293,10,0.04767361194126026
500293,11,-0.009516071069458806
501034,1,0.006108040397714536
501034,2,0.12340506838106095
501034,3,-0.02676243763572751
501034,4,-0.04239781650570015
501034,5,0.016726708899572656
501034,6,-0.07930806613806372
501034,7,0.0023039449128980484
501034,8,0.023383846040444498
501034,9,-0.002543342398660469
501034,10,0.07950810251182087
501034,11,0.021134090724934534
501627,1,-0.02408255304286046
501627,2,0.020590347907779895
501627,3,-0.015496956782620027
501627,4,0.06793346607968626
501627,5,-0.08134301929348692
501627,6,-0.008605648922419603
501627,7,0.08765287854648704
501627,8,-0.030475322618992197
501627,9,-0.08411481386432505
501627,10,0.01904011691146462
501627,11,0.04202031736199692
502429,1,0.005802145813097793
502429,2,4.1563738858825137e-4
502429,3,-0.017901347990187305
502429,4,0.015471202381728109
502429,5,-0.03428753350647298
502429,6,0.007408808979015886
502429,7,0.0015895169434519416
502429,8,-0.020747189297219845
502429,9,-0.07549494522675658
502429,10,0.04540467237500555
502429,11,-0.03300711314653564
502620,1,0.16018511948938127
502620,2,-0.050677757649479495
502620,3,-0.05324256713711863
502620,4,0.005834167473165496
502620,5,-0.014395601960997232
502620,6,-0.013803214022342018
502620,7,-0.010800790618391485
502620,8,-0.0054087523285737795
502620,9,-0.04273328923581901
502620,10,0.02303883134710128
502620,11,0.01906778163576944
502793,1,0.006710542281169529
502793,2,0.13445043054136227
502793,3,-0.04084488277966836
502793,4,-0.038175552473278945
502793,5,0.004714963297681529
502793,6,-0.07866297904278387
502793,7,-0.04385957337615499
502793,8,0.0395813915913829
502793,9,-0.015016460924983302
502793,10,0.041028278523178384
502793,11,0.004684484271424477
502937,1,-0.047921531968842156
502937,2,-0.06656802319909659
502937,3,-7.842005037930605e-4
502937,4,-0.1700491702285271
502937,5,0.17233402152170058
502937,6,0.11594891418882113
502937,7,-0.02998584201306983
502937,8,-0.05121605045011358
502937,9,0.02237205821086974
502937,10,-0.07390085761271112
502937,11,0.06173865188213253
503543,1,0.02500439054478639
503543,2,-0.01357144455995481
503543,3,-0.02059048632995818
503543,4,-0.01759036607533795
503543,5,-0.009709551965042406
503543,6,0.027173435380079384
503543,7,0.036423008195088785
503543,8,-0.06468098198614387
503543,9,-0.013165508622801105
503543,10,-0.13214780414966426
503543,11,-0.19184684799783552
504263,1,-0.004468410613218514
504263,2,0.03295425973243137
504263,3,-0.010716201067279925
504263,4,-0.01281704624221325
504263,5,-0.022942664919125378
504263,6,0.03421133793275641
504263,7,7.949368930402182e-4
504263,8,-0.024389583122714473
504263,9,-0.01144356094523463
504263,10,-0.03243799863055697
504263,11,0.012343728361574121
504671,1,0.15674027060259957
504671,2,-0.06046394486453641
504671,3,-0.029057193924954823
504671,4,-0.009812756302391994
504671,5,0.052081674564816494
504671,6,-0.04659228459340718
504671,7,0.04385393907056109
504671,8,-0.05094153338340248
504671,9,0.014366831097011855
504671,10,0.016330693865234516
504671,11,0.04507083810468271
504789,1,-0.059213205416329656
504789,2,-0.0644518875127111
504789,3,0.010501549381088195
504789,4,-0.16249249824838308
504789,5,0.17878450368774204
504789,6,0.108626010691804
504789,7,-0.06720802715385511
504789,8,-0.05449309585734032
504789,9,0.044970157091439394
504789,10,-0.11100614788296487
504789,11,0.08295814073813923
505120,1,0.06442125322975104
505120,2,-0.04013050771312341
505120,3,-0.019623306319630576
505120,4,-0.04565946545921723
505120,5,0.055547603525160194
505120,6,0.02254758939888913
505120,7,0.23923300569421854
505120,8,-0.017577749576565032
505120,9,-0.017353371550094216
505120,10,-0.09128316605809499
505120,11,-0.09373398520544399
505298,1,0.001510029545911791
505298,2,-0.025023128792438638
505298,3,0.007674000078403734
505298,4,-0.04680176152581169
505298,5,0.0011019395536711668
505298,6,0.05534838864844017
505298,7,0.05184359106472566
505298,8,0.09171338787721668
505298,9,-0.12855121715679732
505298,10,-0.04192857849171196
505298,11,0.001879926902361322
505714,1,-0.008831104513625537
505714,2,-0.009495003904995265
505714,3,-0.012511703518299083
505714,4,-0.027759472131357557
505714,5,0.029382693091409156
505714,6,-0.021990373397348578
505714,7,-0.0693100077208831
505714,8,0.004410183125486234
505714,9,-0.022692726334570736
505714,10,0.06546987406183602
505714,11,-0.10521054183917657
505916,1,-0.00734282718134663
505916,2,-0.009683537698313779
505916,3,0.0245572843943157
505916,4,0.032766647143393
505916,5,-0.002797587631497159
505916,6,-0.039145759466317404
505916,7,-0.00372611322900774
505916,8,0.00157991953774345
505916,9,0.03576542135428347
505916,10,0.03227296668714431
505916,11,0.07079735100257369
506002,1,-0.007814856388450395
506002,2,-0.017593724693489864
506002,3,-0.02025639394565339
506002,4,-0.0065310943735484225
506002,5,-0.015198593811537863
506002,6,0.0012137604675132472
506002,7,0.0025594079094215304
506002,8,0.07302900872221521
506002,9,0.0845543661897897
506002,10,-0.004458220261120319
506002,11,-0.007525750984563276
506068,1,-1.1173545305440496e-4
506068,2,-0.008530598532159496
506068,3,-0.008145607824682306
506068,4,-0.02808706324362653
506068,5,0.016463135004895938
506068,6,-0.01108878949296723
506068,7,-0.0375509885473826
506068,8,-0.014283001725656214
506068,9,-0.027378896972717878
506068,10,0.06200384335877175
506068,11,-0.08027565625990987
506213,1,0.0030472822626844225
506213,2,-0.0038294300142968805
506213,3,-0.002109277835783293
506213,4,0.009799448026690857
506213,5,0.011298899842779543
506213,6,-0.002033528179289934
506213,7,-0.03248333486126531
506213,8,-0.0196140626716781
506213,9,-0.0047147201069562125
506213,10,0.010149816465660157
506213,11,-0.012934444489720791
506320,1,0.15781828763489886
506320,2,-0.05993540419019655
506320,3,-0.01845520309395329
506320,4,-0.0013823923978591249
506320,5,0.03690603485368799
506320,6,-0.08508407360342435
506320,7,0.1010014719807545
506320,8,-0.09186397573942
506320,9,-0.02715373704081249
506320,10,0.03764864667808297
506320,11,-4.01436711894408e-4
506375,1,-0.004783539058945608
506375,2,-1.0006887280318826e-4
506375,3,0.04242596977802387
506375,4,0.03689448648888507
506375,5,0.07904260551811829
506375,6,-0.0013682969818138316
506375,7,-0.02218756428378812
506375,8,0.048171059596080666
506375,9,-0.048605830633491914
506375,10,-0.016284990272090228
506375,11,-0.07585643927205434
507329,1,0.0066656006634945465
507329,2,0.12453609949890442
507329,3,-0.03632749769908914
507329,4,-0.047124523161443145
507329,5,0.005245750070951188
507329,6,-0.05216981839858462
507329,7,-0.02448922226356628
507329,8,0.03213478610168034
507329,9,0.006195939361589517
507329,10,0.024253684072358447
507329,11,0.028193180179516397
508373,1,7.615249166844835e-4
508373,2,-0.006798279812396601
508373,3,0.003251078477367874
508373,4,-6.544537167179006e-4
508373,5,-0.014156438342028461
508373,6,-0.003478172978279409
508373,7,0.002743561528085068
508373,8,0.014195851627424464
508373,9,-0.017279332305408707
508373,10,-0.04472948711281009
508373,11,-0.02085451739876573
508426,1,0.15829412587006553
508426,2,0.05949020413678353
508426,3,-0.03946183326007578
508426,4,-0.01756734467557148
508426,5,0.06572759624624051
508426,6,-0.1080762683025593
508426,7,0.10486963995751752
508426,8,-0.11189183943939937
508426,9,0.005616476089987267
508426,10,0.01817669940029272
508426,11,0.045876123553343744
509618,1,0.008592199956455873
509618,2,0.10177407274501661
509618,3,-0.03201081177266706
509618,4,-0.049912782006409584
509618,5,0.02125751157289654
509618,6,-0.09308648347359443
509618,7,-0.05907781473311739
509618,8,0.02768613176785881
509618,9,-0.05135282120613478
509618,10,-0.0693520182601364
509618,11,0.050652772420018845
510586,1,0.01089704234627991
510586,2,-0.007219241491098909
510586,3,-0.014399083532020783
510586,4,0.01663082540757953
510586,5,-0.004731569324894415
510586,6,-0.03381992895501709
510586,7,0.01568512351766505
510586,8,-0.005279793903389959
510586,9,0.021646372456075064
510586,10,-0.04087168722001484
510586,11,0.021291609718257786
511356,1,0.15061104418410343
511356,2,-0.060195577337333016
511356,3,-0.02352954897864448
511356,4,0.019365300232049232
511356,5,0.028604249965589523
511356,6,-0.09538115987824558
511356,7,0.12816170951655215
511356,8,-0.14242043637233698
511356,9,0.024996256262535158
511356,10,-1.5829953984368328e-4
511356,11,0.04992930050726841
511897,1,0.15455386839198276
511897,2,0.05477626246717646
511897,3,-0.04082023379045252
511897,4,-0.013740405574584792
511897,5,0.051951914626373455
511897,6,-0.09932045136885134
511897,7,0.13471142000425093
511897,8,-0.09844869457902224
511897,9,0.03124650848585648
511897,10,0.029758343063437206
511897,11,0.015567201754910007
512067,1,0.16045643310383287
512067,2,-0.07189922974713771
512067,3,-0.003912207243869649
512067,4,0.02441282679055342
512067,5,0.03963869645454667
512067,6,-0.0863242971591416
512067,7,0.12838344104010274
512067,8,-0.11415545478938291
512067,9,0.0074822351396562825
512067,10,-0.006443328289595606
512067,11,0.03336715217876125
513980,1,0.001062200004620692
513980,2,0.09512642979879096
513980,3,-0.03923378785659836
513980,4,-0.056528837277557406
513980,5,0.02701578349121169
513980,6,-0.0937002548829972
513980,7,-0.05392409885536699
513980,8,0.010877623947278993
513980,9,-0.07666017224856606
513980,10,-0.08463439528280366
513980,11,0.0573864795478663
516012,1,-0.009241189679363283
516012,2,-8.195045803834124e-4
516012,3,-0.009653792961769948
516012,4,0.03133725631110867
516012,5,-0.02809596167488178
516012,6,-0.016937315308131928
516012,7,0.03509537244908306
516012,8,-0.0014963059507114291
516012,9,-0.01183504531060755
516012,10,-0.03785612493016284
516012,11,0.0065148880791811945
517857,1,0.1339894181003005
517857,2,-0.03930752341044419
517857,3,0.018355163755826152
517857,4,0.032080766613554676
517857,5,0.05646626184776263
517857,6,-0.096500787693711
517857,7,0.07199976866353032
517857,8,-0.05076547785653703
517857,9,4.8256991766667466e-4
517857,10,0.08164242246328503
517857,11,0.16874121611341994
519697,1,-0.015801420291106354
519697,2,0.10832500912849258
519697,3,-0.06194690410434875
519697,4,-0.07784339833224671
519697,5,-0.004767485452593278
519697,6,-0.11041771855867172
519697,7,-0.04932147043576668
519697,8,0.07682833124645286
519697,9,0.19687687504272616
519697,10,0.03252155881055247
519697,11,-0.12405212341348806
520723,1,-0.002654353759324882
520723,2,6.491166680161254e-4
520723,3,0.012450470928142393
520723,4,-0.022659550435626175
520723,5,-0.01326946356256429
520723,6,-0.0047487506956675396
520723,7,-0.043059396344165723
520723,8,-0.03513410480301182
520723,9,-0.02096002662713642
520723,10,0.039953238089843336
520723,11,0.08919976129436294
521770,1,0.011931910656736204
521770,2,0.09898372485751575
521770,3,-0.019878452784529866
521770,4,-0.03730535612975553
521770,5,0.0214762835664732
521770,6,-0.09238836797190737
521770,7,-0.05812896118247486
521770,8,0.02945455728598365
521770,9,-0.0359711949708654
521770,10,-0.06448222639727627
521770,11,0.043873412441934864
521982,1,0.005772570348165849
521982,2,-0.006805984733559317
521982,3,0.0022948814569977347
521982,4,0.014092685479017783
521982,5,-0.023359613973730944
521982,6,0.016337962469807114
521982,7,-0.018827342983793814
521982,8,-0.02654897178924022
521982,9,-0.029939751562494572
521982,10,-0.00710964672999555
521982,11,-0.012989159018661227
523267,1,7.576736851980147e-4
523267,2,0.11502884548129634
523267,3,-0.03253826867590552
523267,4,-0.039604106780193916
523267,5,0.006195337394773605
523267,6,-0.058225033282707735
523267,7,0.011579466436684848
523267,8,0.04010334023964324
523267,9,-0.010813785047438835
523267,10,0.05519645796625985
523267,11,-0.05145303783542925
526252,1,-0.005277108169460034
526252,2,-0.002413492789422968
526252,3,0.05532309950034443
526252,4,-0.04354152055094531
526252,5,0.16650081195044347
526252,6,-0.10652188278184624
526252,7,0.05196250638289952
526252,8,-0.060110607833692334
526252,9,-0.046305972243708894
526252,10,0.08241366300727415
526252,11,-0.06395974880788384
526276,1,0.0022547932962842907
526276,2,0.10099484625937795
526276,3,-0.030985963113451673
526276,4,-0.04008870745404706
526276,5,0.03160461061351715
526276,6,-0.0948371224021914
526276,7,-0.058153743270376944
526276,8,2.2540525759919753e-4
526276,9,-0.01963530465097012
526276,10,-0.07469550593740609
526276,11,0.058172886293500134
526766,1,-0.010804769084351335
526766,2,-0.018684692578743105
526766,3,-0.042230579540094175
526766,4,-0.0057078908295097874
526766,5,-0.015901710816035135
526766,6,0.05853647684965886
526766,7,-0.08394812984680851
526766,8,0.045802121178464675
526766,9,0.1272103149977806
526766,10,0.06006790477851438
526766,11,0.0632746291560046
527495,1,0.15224347734411306
527495,2,-0.05807265572201359
527495,3,-0.01105267682585632
527495,4,0.021748904326296326
527495,5,0.036094141687493295
527495,6,-0.0680749194636029
527495,7,0.14234785009762915
527495,8,-0.09190362461194247
527495,9,0.01962654630530105
527495,10,-0.026158198636850073
527495,11,0.05972331831150447
527676,1,0.01040144433246749
527676,2,0.09210146391036023
527676,3,-0.028424299942640622
527676,4,-0.04353000720210392
527676,5,0.04389918095922562
527676,6,-0.10756031109104
527676,7,-0.05611819040312217
527676,8,0.05624394462072861
527676,9,-0.07031548980098792
527676,10,-0.08093893170675481
527676,11,0.047048604541234794
528866,1,0.12282170515784921
528866,2,0.04153358824682637
528866,3,-0.028709823714808437
528866,4,-0.03976084337697259
528866,5,0.055588433906720705
528866,6,-0.14357068186860475
528866,7,-0.009511387562451321
528866,8,-0.20152522476048887
528866,9,-0.05615659176674813
528866,10,-0.09156342086184208
528866,11,0.07788862447385893
528873,1,-0.002241709081649022
528873,2,-0.008969245689558617
528873,3,0.002698211270329482
528873,4,-0.008369497604107165
528873,5,-0.007069603918706094
528873,6,0.017960159724055645
528873,7,-0.09429005422982749
528873,8,0.01091772790434154
528873,9,-0.0033778330615140957
528873,10,0.04523697678690555
528873,11,0.08333993966499653
529389,1,-0.024912265226261828
529389,2,-0.008895208187646008
529389,3,-0.01095115275546347
529389,4,-0.012534625474268899
529389,5,-0.009531553975449577
529389,6,-0.06350756539406745
529389,7,-0.01577466977566133
529389,8,0.03278684963972147
529389,9,0.19415562491989055
529389,10,-0.04300683915229835
529389,11,-0.09784357379585935
529615,1,0.08641427820042383
529615,2,0.0183475321479708
529615,3,-0.07414673827384537
529615,4,-0.04366899847267036
529615,5,0.09845042234854554
529615,6,-0.1860516446870278
529615,7,0.21407099043972627
529615,8,0.05042244554034435
529615,9,0.21502226789160708
529615,10,-0.2230323039630511
529615,11,0.012060547780129735
530260,1,-0.0030009876310185613
530260,2,-0.0030516773203600137
530260,3,0.017195832248044454
530260,4,0.010476831355856834
530260,5,-0.009844976687254557
530260,6,-0.005490172571737998
530260,7,-0.009560771144448595
530260,8,-0.01655797279532555
530260,9,0.023133517390421247
530260,10,2.548685661236951e-4
530260,11,0.053118692502796404
530310,1,0.019565640577591307
530310,2,-0.028005602511992345
530310,3,-0.03122758534720782
530310,4,-0.01874034321977474
530310,5,-0.015111006060904143
530310,6,-0.03615619792922767
530310,7,0.05310752904620478
530310,8,-0.12754354787068986
530310,9,0.02526820322830903
530310,10,-0.07447319510271656
530310,11,-0.13860136428091777
530812,1,0.012980081081800337
530812,2,0.09826069675285945
530812,3,-0.036939543528989045
530812,4,-0.033467890897615864
530812,5,0.02575041610693505
530812,6,-0.11889229316844484
530812,7,-0.041112684142146506
530812,8,0.04114390494358435
530812,9,-0.04932809518473839
530812,10,-0.06011442255078816
530812,11,0.04250588645099459
530838,1,-0.007891020447702814
530838,2,-0.01228095531332563
530838,3,0.009264463318642483
530838,4,-0.015161392423322963
530838,5,0.004304382244087389
530838,6,0.00609307204417272
530838,7,-0.009414762566239758
530838,8,0.007115131159293917
530838,9,0.07755059849043289
530838,10,0.0017343884235690025
530838,11,-0.034917040255197374
531174,1,0.09796630716558331
531174,2,-0.016670050824558816
531174,3,-0.02034853818820159
531174,4,0.013037682083079434
531174,5,0.04482928146193175
531174,6,-0.04589701583408042
531174,7,0.35150617534550105
531174,8,-0.03353732985364243
531174,9,0.15907867983078663
531174,10,0.011732818832738218
531174,11,-0.04324642113524918
531221,1,0.010999230304720638
531221,2,9.154096292773217e-4
531221,3,-0.010738562091719752
531221,4,-0.03531325906301602
531221,5,0.09959775339157252
531221,6,0.013569173306490278
531221,7,-0.051225395417741314
531221,8,-0.05250135785728949
531221,9,0.14025584404193997
531221,10,0.02947032155967458
531221,11,0.04049280649897687
531978,1,0.025863187532910857
531978,2,-0.004718221173574564
531978,3,-0.0018168186366101903
531978,4,-0.045621457856596714
531978,5,0.10080588960688207
531978,6,0.040148389918723416
531978,7,-0.052929552816228395
531978,8,-0.04753589634210335
531978,9,0.1341400531787253
531978,10,0.05445088388507033
531978,11,0.03484106250697064
532059,1,0.011481169993833426
532059,2,-0.0026056182711439975
532059,3,0.009524993042926496
532059,4,-0.03016255377014016
532059,5,0.1135963473791206
532059,6,0.022952428576278234
532059,7,-0.05106326346228185
532059,8,-0.016226304824926617
532059,9,0.11873899818500268
532059,10,0.010104114562175172
532059,11,0.06228315851321988
532068,1,0.008822969125963238
532068,2,0.007896353635630342
532068,3,-0.01496005157633319
532068,4,-0.04895157406027745
532068,5,0.1026913185369022
532068,6,0.002481105110667005
532068,7,-0.03946239183858269
532068,8,-0.09133888247640859
532068,9,0.1255843519521637
532068,10,0.001748855836823837
532068,11,0.05415174129704518
532103,1,0.00562396908935373
532103,2,-0.0043753255640176835
532103,3,-0.007158107854359046
532103,4,-0.013278637880290432
532103,5,0.10086630136233175
532103,6,0.039351609687500164
532103,7,-0.0612432007433681
532103,8,-0.046321322350333136
532103,9,0.12223448725193682
532103,10,0.04762382372705929
532103,11,0.023098587140834147
532207,1,-0.004224233589400343
532207,2,0.0018121015685577389
532207,3,0.02603231472137456
532207,4,0.05185546542609012
532207,5,0.05065030594627204
532207,6,0.037655634576775
532207,7,-0.026683156031871037
532207,8,0.06541811170404983
532207,9,-0.01967781535924554
532207,10,-0.019687799357928065
532207,11,-0.06665911592578555
532332,1,0.011361519439518448
532332,2,0.089995760762395835
532332,3,-0.02907644927432671
532332,4,-0.03137193598390317
532332,5,0.029863058792872835
532332,6,-0.08414207437678609
532332,7,-0.0666138315394262
532332,8,0.07314826323802553
532332,9,-0.0350128444359677
532332,10,-0.07600573012878611
532332,11,0.04511310809172154
532794,1,-0.005528923294260008
532794,2,-0.01157689766823383
532794,3,-0.008088496708024617
532794,4,0.00282581010467237
532794,5,-0.019144423888701276
532794,6,0.03287550623901406
532794,7,-0.05648900785919064
532794,8,0.042996908176915746
532794,9,0.05872063437713506
532794,10,0.015609707083831062
532794,11,0.041301423219035474
532805,1,0.012879218913745822
532805,2,-2.2843073549885208e-5
532805,3,-0.002290150224726118
532805,4,-0.049164919601359165
532805,5,0.08715126012654577
532805,6,0.04701372611197656
532805,7,-0.057058641849297743
532805,8,-0.05285889486219284
532805,9,0.1355759952156751
532805,10,0.024118784510937807
532805,11,0.00875034016819857
532897,1,0.012957803232305096
532897,2,0.00221061812371086
532897,3,-0.005540942314818612
532897,4,-0.03574610379878724
532897,5,0.08797919006642964
532897,6,0.0354268542348484
532897,7,-0.059412872969691215
532897,8,-0.04758544472859631
532897,9,0.14119486999130298
532897,10,-5.467155276533594e-4
532897,11,0.03930766252410464
532925,1,0.014140386925666036
532925,2,1.4335095904597462e-4
532925,3,-0.019981777363912406
532925,4,-0.02784617687981442
532925,5,0.09058957735886214
532925,6,0.03723530954967124
532925,7,-0.05888617667661674
532925,8,-0.03311458579301207
532925,9,0.15622076341215033
532925,10,0.007512614058361065
532925,11,-0.00328520918854475
533889,1,0.020621667489267564
533889,2,-0.008560888347872839
533889,3,-0.0033631098560600215
533889,4,-0.02878340484947945
533889,5,0.05938311012396721
533889,6,0.008714966553796086
533889,7,-0.0399251203320145
533889,8,-0.013338832092537766
533889,9,0.10445951389800369
533889,10,0.011478296912108651
533889,11,-0.02124566234124405
533925,1,-0.006378982221939737
533925,2,0.005124302560819113
533925,3,0.007208426456544794
533925,4,0.027219197824816247
533925,5,0.009491102955876365
533925,6,0.04947498109578294
533925,7,-0.04648883104812768
533925,8,0.02073859206654662
533925,9,0.0020524221304148173
533925,10,-0.11585883192719086
533925,11,0.005198226194976782
534413,1,-0.008961950815935558
534413,2,0.014659523046234448
534413,3,0.002597608342057698
534413,4,0.014134819898149423
534413,5,0.003486310409283648
534413,6,0.02923662165729226
534413,7,-0.034256171881313253
534413,8,5.003354277838015e-4
534413,9,-0.010727694003842736
534413,10,-0.08334408556209791
534413,11,-0.0183572045850942
534563,1,0.019832061766257243
534563,2,-0.015493885568405205
534563,3,-0.017736414542597438
534563,4,-0.048807685578909826
534563,5,0.08346829770297076
534563,6,0.05105718170341393
534563,7,-0.02602778425597092
534563,8,-0.05848301934933965
534563,9,0.16158826926791034
534563,10,0.10901771565455023
534563,11,0.030825778497873595
535141,1,-0.009330255841782256
535141,2,-0.0013298388035963508
535141,3,0.007019498184282036
535141,4,0.013933110799241066
535141,5,-0.028548662255962483
535141,6,-0.013632315817651402
535141,7,0.008387081380267688
535141,8,0.021974669676514357
535141,9,-0.03147254439109958
535141,10,-0.011867308382246299
535141,11,0.040582163225217925
535497,1,0.0077221116502259185
535497,2,9.111691019376568e-4
535497,3,-0.015972495491742664
535497,4,-0.06071824586383338
535497,5,0.09264584813316473
535497,6,0.027448978765066672
535497,7,-0.047468112115898346
535497,8,-0.04085847410231134
535497,9,0.10632410915156572
535497,10,0.01850791918950494
535497,11,0.009494384815767701
536429,1,6.042897549987186e-4
536429,2,-0.029868415513768877
536429,3,-0.051243016396934744
536429,4,-0.01251749465418814
536429,5,-0.011660669845494905
536429,6,0.0350822047611891
536429,7,-0.05585073872146207
536429,8,0.056900209472884315
536429,9,0.15620734642379283
536429,10,-0.02686462423470301
536429,11,0.037709161248079624
536536,1,-0.0117830200658474
536536,2,0.005858293586188672
536536,3,0.0013706672687623118
536536,4,-0.00740980110127047
536536,5,0.01544535695196876
536536,6,-0.026466166326570836
536536,7,0.05937845008566862
536536,8,0.0015036612261861704
536536,9,0.03781313370314003
536536,10,-0.04961554496581409
536536,11,0.014689993035246375
536763,1,-0.06696894836126857
536763,2,0.05033759133368257
536763,3,-0.03244357222164213
536763,4,-0.08813108076210968
536763,5,-0.12838108386724734
536763,6,-0.13857606495951333
536763,7,0.19394636895668332
536763,8,-0.030589898272541202
536763,9,0.09360717371650364
536763,10,-0.18796582330018885
536763,11,0.21009049785771594
536785,1,-0.006660838392372026
536785,2,0.016495026021014093
536785,3,0.003318235094205281
536785,4,0.0037206835611746886
536785,5,-0.001976479467558229
536785,6,-0.03955574567189223
536785,7,0.10866649428167928
536785,8,0.025326102783172204
536785,9,0.06535029938146335
536785,10,-0.09481894781473227
536785,11,0.02445414509423619
