SNP_ID,PC,loading
488433,1,-0.1471144680365638
488433,2,-0.18768161314712237
488433,3,-0.008136661735543052
488433,4,0.08362216703526631
488433,5,-0.047706408289801376
488433,6,0.04145059868986789
488433,7,0.08172756307780746
488433,8,-0.15143035099101487
488433,9,0.11459237373237924
488930,1,-0.024780579092898214
488930,2,3.793976636110169e-4
488930,3,-0.022229184586373733
488930,4,0.04097660760999107
488930,5,-0.16849069730981836
488930,6,0.024358114029430125
488930,7,-0.03382440356972602
488930,8,-0.05385538679994912
488930,9,0.024711954801608982
490648,1,-0.04828170258197004
490648,2,-0.02975115500727077
490648,3,-0.03679032644011669
490648,4,-0.05184242075610479
490648,5,-0.023608455279151837
490648,6,0.09701153967658438
490648,7,0.0966391822212134
490648,8,-0.05775382727967637
490648,9,-0.2030059160166454
490762,1,0.024348680924817123
490762,2,-0.005075082548958276
490762,3,-0.0012834761736578077
490762,4,0.014543753817335858
490762,5,-0.023676805735590264
490762,6,-0.02296255923101273
490762,7,0.03687548485660558
490762,8,0.033439722980163726
490762,9,0.0015608883792816441
491024,1,-0.03600718482967713
491024,2,-0.031001618752135418
491024,3,-0.014516983183094783
491024,4,-0.010738658168720883
491024,5,0.0010952476690959043
491024,6,0.018789123753458425
491024,7,-0.06027198289277874
491024,8,0.017780381918880664
491024,9,0.029092564600795248
491721,1,0.028114860289458476
491721,2,-0.08066050190471474
491721,3,-0.039914277839645795
491721,4,0.17439523374549448
491721,5,0.002858943064512731
491721,6,0.02596568686681311
491721,7,0.05325603096501347
491721,8,0.017268381603095267
491721,9,-0.022908852095822968
492207,1,0.022092643361882658
492207,2,-0.07502599551179022
492207,3,-0.05707609492410182
492207,4,0.18514328267821784
492207,5,-0.02906510725550504
492207,6,0.004219372010041359
492207,7,0.007128600458155554
492207,8,-0.003678651547946804
492207,9,-0.006992486802038275
492502,1,0.02718168711581696
492502,2,-0.06788687910518511
492502,3,-0.03518032430640694
492502,4,0.16737681230106174
492502,5,-0.01179045248546795
492502,6,0.006729122390533804
492502,7,0.0011665359785409867
492502,8,-0.01128504315892951
492502,9,-0.012566054808410027
492758,1,-0.17100107368553047
492758,2,-0.13199610767105438
492758,3,0.009035800844571562
492758,4,-0.09419414699118468
492758,5,-0.024868697934525064
492758,6,0.010404142560448054
492758,7,0.07669468642590477
492758,8,-0.11401917279316362
492758,9,0.16786043951419288
492830,1,0.025960469813870405
492830,2,-0.07906262620423792
492830,3,-0.055467347344381066
492830,4,0.20039046175229663
492830,5,-0.001494668537837196
492830,6,0.037870427293949516
492830,7,0.011830553962641932
492830,8,-0.033202530640056516
492830,9,-0.026361704149846954
493205,1,0.042529760635739024
493205,2,0.11523536819868879
493205,3,-0.073770222930112
493205,4,-0.08280901217381569
493205,5,-0.3393052576973432
493205,6,0.014699488916079695
493205,7,0.04362467276562981
493205,8,0.0652245157327925
493205,9,0.028576799384259083
493243,1,-0.1796437438256726
493243,2,-0.13988252284276523
493243,3,0.021868607987936814
493243,4,-0.09067013543335353
493243,5,-0.007533628616422984
493243,6,0.03135425527422403
493243,7,0.1256173958916653
493243,8,-0.09352644738282369
493243,9,0.14149075180556553
493609,1,-0.020050022126790412
493609,2,0.12124808041090282
493609,3,-0.03821843040059836
493609,4,0.02561336477348838
493609,5,-0.2722927557285422
493609,6,-0.13729852861307815
493609,7,0.3432714112604078
493609,8,0.16890681508575828
493609,9,-0.24610549511979019
494654,1,0.024789887189903277
494654,2,-0.08884877713303546
494654,3,-0.05816639125171508
494654,4,0.20359081425135697
494654,5,-0.0068178357207822225
494654,6,0.023428165416415084
494654,7,0.019364559024713707
494654,8,-0.03904779716909634
494654,9,-0.0403932164915487
494808,1,0.04142378685651078
494808,2,0.10492211546306797
494808,3,-0.05373029263352139
494808,4,-0.09620229133509495
494808,5,-0.3430783732470014
494808,6,-0.004847393021386769
494808,7,0.08043889997384115
494808,8,0.07505447713132501
494808,9,0.042956123026958115
495444,1,-0.026247212988618235
495444,2,-0.010920351516773438
495444,3,-0.002937452158807217
495444,4,0.0044453757364133865
495444,5,0.031134722768660982
495444,6,0.002538927080541216
495444,7,-0.07465354225418114
495444,8,0.01343938722742205
495444,9,0.00595207242304463
495519,1,0.019191568528271363
495519,2,-0.05914015645414188
495519,3,-0.044832134621638396
495519,4,0.1747031606531259
495519,5,-0.039059627379631194
495519,6,-0.012523109785679028
495519,7,0.07599515071329072
495519,8,0.016513829070955166
495519,9,-0.02049946918677381
495739,1,-0.17470938095451213
495739,2,-0.1265331258599099
495739,3,0.007665406719155542
495739,4,-0.08813455372000363
495739,5,-0.0312048401365814
495739,6,-0.013400803039626309
495739,7,0.09225560753501308
495739,8,-0.14423280478020337
495739,9,0.17481265972321036
495744,1,-0.1728825745023952
495744,2,-0.13023074460912332
495744,3,0.008834864829932945
495744,4,-0.08735973922810342
495744,5,-0.023625956798703926
495744,6,-0.0027066637595995367
495744,7,0.12167777886746665
495744,8,-0.11460404596039594
495744,9,0.13552849057299782
496397,1,-0.17316651101320127
496397,2,-0.1382572599094108
496397,3,0.015077860968480777
496397,4,-0.09324625363313101
496397,5,-0.01650666740245752
496397,6,-0.03453082817024939
496397,7,0.12625731078109895
496397,8,-0.13255450255072315
496397,9,0.13709003714932474
497683,1,0.026927647576026403
497683,2,-0.05827554506615244
497683,3,-0.04392579891920373
497683,4,0.14688034539378397
497683,5,-0.01222349713462045
497683,6,-3.6805159950060583e-4
497683,7,0.07358548266304747
497683,8,-0.013948247084332187
497683,9,0.028016316742258848
499001,1,0.0176832762640846
499001,2,-0.002652183099254246
499001,3,-0.009431340882652208
499001,4,-0.023617859207469012
499001,5,0.0028730340809331395
499001,6,0.08050773849274351
499001,7,-0.16546104979443568
499001,8,0.043711306738854996
499001,9,0.03128184845161945
500293,1,0.028791841320259318
500293,2,-0.08150440916331615
500293,3,-0.04782301520503851
500293,4,0.18782001765794046
500293,5,-0.017611430096758827
500293,6,0.010420484113706488
500293,7,0.03080944142633103
500293,8,-0.05674379559696575
500293,9,0.0055482426713561765
501034,1,0.027993431726024573
501034,2,-0.07197965045521647
501034,3,-0.04748051701984635
501034,4,0.18589678251791092
501034,5,-0.013064712872894603
501034,6,0.04281366115676535
501034,7,0.030850327649912725
501034,8,-0.005189062445016263
501034,9,0.01765775906881698
501627,1,0.04893071220111578
501627,2,-0.015834654528257712
501627,3,0.023558749398046745
501627,4,-0.01599391974906182
501627,5,0.1644993401586766
501627,6,4.4947337273515365e-4
501627,7,0.039082243283552635
501627,8,0.0673063311546041
501627,9,-0.042378615721954074
502429,1,-0.006899813944122989
502429,2,-0.009754253215103146
502429,3,0.028514295640398618
502429,4,-0.006004614220693577
502429,5,0.03768985057905605
502429,6,-0.04494475080623487
502429,7,0.011402317031046631
502429,8,0.04175524505696918
502429,9,0.04197232256415126
502620,1,-0.19328461271633404
502620,2,-0.1205664216644302
502620,3,0.009594105143139978
502620,4,-0.07904280961443592
502620,5,-0.02256862048822129
502620,6,0.014811488233632033
502620,7,0.08279938163266597
502620,8,-0.07859024385557835
502620,9,0.13593993126137613
502793,1,0.02091661170286651
502793,2,-0.07577112054255161
502793,3,-0.04543625853312026
502793,4,0.19035642248485926
502793,5,-0.0074815356602352555
502793,6,0.024595294433443063
502793,7,0.07662950637996038
502793,8,-0.03838527584069147
502793,9,-0.029244890118043727
502937,1,0.043356333294103634
502937,2,0.10917463123565896
502937,3,-0.06623980733571111
502937,4,-0.08789141328854827
502937,5,-0.3303434126788776
502937,6,0.016535371862016555
502937,7,0.0916456042670178
502937,8,0.05296419722437845
502937,9,0.026573643785557752
503543,1,-0.040773465295041854
503543,2,-0.02006587535615042
503543,3,-0.00960341914239337
503543,4,-0.029163586154625533
503543,5,-0.027806119968148274
503543,6,0.029341128636552295
503543,7,-0.009072335806455762
503543,8,0.008859192924369414
503543,9,0.053678806051318084
504263,1,0.010339569155845647
504263,2,-0.024093353014314704
504263,3,-0.010313876248862531
504263,4,0.06302362609586011
504263,5,0.03040721305536443
504263,6,-0.020582401783652775
504263,7,0.0016761246208108972
504263,8,-0.013901492263518181
504263,9,-0.002515291347318318
504671,1,-0.1880053413961619
504671,2,-0.14081301678365224
504671,3,-0.032216244294879966
504671,4,-0.09282498249880813
504671,5,-0.04513413902499406
504671,6,-0.05199523128488514
504671,7,0.05795540386038238
504671,8,0.057996390440491125
504671,9,0.04449671675950171
504789,1,0.031109044508960428
504789,2,0.11065628160447455
504789,3,-0.06365373834622111
504789,4,-0.06515308055740958
504789,5,-0.3459185726502102
504789,6,-0.028601812387853
504789,7,0.0345951730442892
504789,8,0.05170370739865271
504789,9,0.08665912324111567
505120,1,-0.09153769525598936
505120,2,-0.03522239938073684
505120,3,-0.08160348935081467
505120,4,-0.06262142603139594
505120,5,-0.06994580382716598
505120,6,0.04777616785417657
505120,7,0.024822890301363525
505120,8,0.08403568510093144
505120,9,-0.09759358583313871
505298,1,0.010418878819909504
505298,2,0.006508645980947108
505298,3,-0.03542657036635262
505298,4,-0.07749378225971634
505298,5,-0.06319564892287272
505298,6,-0.019941903841024664
505298,7,0.28021794394913613
505298,8,-0.13637752327765157
505298,9,-0.16074323103449265
505714,1,-0.005539520234300459
505714,2,0.011026313478711015
505714,3,0.024551872838117147
505714,4,0.023198571021348098
505714,5,-0.03391735565035724
505714,6,-0.0017261556105661053
505714,7,0.011594908062068596
505714,8,0.02125521720195341
505714,9,0.02557819929183769
505916,1,0.0038286352442338557
505916,2,0.009941011525569388
505916,3,-0.01731945480077114
505916,4,-0.010829694472556476
505916,5,0.030948975889056884
505916,6,-0.005095856650498738
505916,7,-0.05522184507732317
505916,8,-0.191047949073031
505916,9,-0.057843035672382415
506002,1,0.010695056189972584
506002,2,0.01929388617019871
506002,3,0.028835599100692447
506002,4,-0.001723121745957134
506002,5,-0.03629124612437589
506002,6,0.11913189863403652
506002,7,-0.09978858498568373
506002,8,0.021868672344789123
506002,9,0.04618699152367193
506068,1,0.007434299219268845
506068,2,-0.00774329941629206
506068,3,0.019104094759311994
506068,4,0.047117749694148336
506068,5,-0.022688651792466367
506068,6,0.0026639697840180336
506068,7,0.015307194304371385
506068,8,0.020978753872639012
506068,9,0.019335853263294626
506213,1,-0.005594447781282462
506213,2,0.005794967782165522
506213,3,0.005682513277036991
506213,4,0.019544832594333764
506213,5,0.026900495925093297
506213,6,0.019350209004080035
506213,7,0.03279706528364907
506213,8,0.032581731215567455
506213,9,0.02827311000101524
506320,1,-0.19771052344560666
506320,2,-0.12263973729152315
506320,3,-0.04162548924254636
506320,4,-0.07929801964137179
506320,5,-0.01075132159271311
506320,6,-0.035905815039808935
506320,7,0.006401197342181292
506320,8,0.07735134937607356
506320,9,-0.017138357920655746
506375,1,-0.013632641946174587
506375,2,0.04131769672564812
506375,3,0.01417520531818864
506375,4,0.02503494547374322
506375,5,0.0019150452420969451
506375,6,0.08536592852881617
506375,7,0.065532566473597
506375,8,0.0012352164578460264
506375,9,-0.03727530139178317
507329,1,0.016296784324594558
507329,2,-0.08044658108494526
507329,3,-0.04853830476021008
507329,4,0.19167312885586868
507329,5,-0.026196441889445726
507329,6,0.028458225078501327
507329,7,0.031401811782383625
507329,8,-0.007222294768776522
507329,9,-0.028123974821524334
508373,1,0.01727620420395233
508373,2,-0.006259776386403429
508373,3,0.0025784647704632704
508373,4,-0.015224618576574912
508373,5,0.01786283505920499
508373,6,-0.023412170495059444
508373,7,0.04041633706131535
508373,8,0.048755947126039346
508373,9,0.009458656487254595
508426,1,-0.1674275417956698
508426,2,-0.1910077145588368
508426,3,-0.07676887798303313
508426,4,0.07247295744704568
508426,5,-0.03037365936284698
508426,6,-0.012927745055523873
508426,7,-0.03923870489209295
508426,8,0.09853975402149559
508426,9,-0.08816110406873445
509618,1,0.02372251414149508
509618,2,-0.0640705173893784
509618,3,-0.04305190280435526
509618,4,0.17268816424837344
509618,5,-0.034756354929768515
509618,6,-0.015004876625615136
509618,7,0.023030934667707958
509618,8,-0.010877537286937878
509618,9,0.023821222784948293
510586,1,-0.0068138577410191805
510586,2,-0.02608226253282535
510586,3,0.005188825945949205
510586,4,-0.0016948646274913312
510586,5,-0.002873420114149067
510586,6,-0.0015012755289382158
510586,7,0.0048623752026312065
510586,8,-0.008562129648307678
510586,9,0.004710556856836224
511356,1,-0.17913999751217666
511356,2,-0.13351805565870203
511356,3,-0.0418669899504401
511356,4,-0.08886588575938303
511356,5,-0.0022780894201743515
511356,6,-0.029609439126802375
511356,7,-0.04539852744293753
511356,8,0.09764144471639108
511356,9,-0.012088954206586507
511897,1,-0.15963593365390435
511897,2,-0.1896991097131503
511897,3,-0.07270793882762622
511897,4,0.08715815589437173
511897,5,-0.04485238325385134
511897,6,-0.008441433732500123
511897,7,-0.0353782557958101
511897,8,0.08486137829599934
511897,9,-0.11419478886744681
512067,1,-0.19853613168793266
512067,2,-0.12318527818196018
512067,3,-0.0461844353465049
512067,4,-0.08450945036442827
512067,5,-0.031879934007250484
512067,6,-0.020203962649612814
512067,7,-0.03975524832259689
512067,8,0.11532008692069864
512067,9,-0.06315784243949539
513980,1,0.006098271145459676
513980,2,-0.055822289737693806
513980,3,-0.05511643328540079
513980,4,0.18105311010404845
513980,5,-0.015384862337998935
513980,6,-0.01711588916774764
513980,7,0.04448501037212922
513980,8,-0.0028770866769593367
513980,9,0.01829296374206554
516012,1,0.0030248753853732856
516012,2,-0.019214423574692708
516012,3,0.015373741266050754
516012,4,-0.00419575282789275
516012,5,0.013486816032713251
516012,6,-0.030288583705133265
516012,7,0.03934410551775282
516012,8,0.009587323068231261
516012,9,0.011408948057281841
517857,1,-0.16097710760599507
517857,2,-0.11476563263782297
517857,3,-0.016889527229352542
517857,4,-0.0651587101465432
517857,5,-0.004936975609180824
517857,6,-0.07004731660200247
517857,7,0.04212152975204471
517857,8,0.06735931355580245
517857,9,-0.11272110617533844
519697,1,0.06099478492026101
519697,2,-0.06986589227626698
519697,3,-0.037261869374381466
519697,4,0.16934705687207025
519697,5,-0.031875482764212086
519697,6,0.12748265324093297
519697,7,-0.10626249228857242
519697,8,0.04718859909157512
519697,9,0.016200403490184156
520723,1,-0.007767673926826766
520723,2,0.018482935053457474
520723,3,-0.024031324908745173
520723,4,-0.011646216088335267
520723,5,0.005904169492812279
520723,6,-0.08852455918274672
520723,7,0.034617484823649694
520723,8,-0.006831992798680758
520723,9,0.0727030998953951
521770,1,0.010229582871976313
521770,2,-0.07657045183893779
521770,3,-0.04831567846832512
521770,4,0.1740493324341019
521770,5,-0.04149706965815046
521770,6,-0.02564840411046653
521770,7,0.03396396226668525
521770,8,-0.01516216637388041
521770,9,0.034110365552676214
521982,1,-0.013197197067021474
521982,2,0.015546377816032993
521982,3,-9.027993804040654e-4
521982,4,0.00891605697569181
521982,5,0.02080760448833977
521982,6,0.015103200554120844
521982,7,6.423544291533661e-4
521982,8,0.004685161189840538
521982,9,0.03274981358558878
523267,1,0.02785199091146739
523267,2,-0.086363883517583645
523267,3,-0.05463470838292911
523267,4,0.17611569139696176
523267,5,-9.797142361628781e-4
523267,6,-0.014748439855768916
523267,7,0.025005934536827954
523267,8,-0.03472416131761704
523267,9,-0.055047012097334966
526252,1,-0.027323881972107195
526252,2,0.0859040228015673
526252,3,-0.07491521871170029
526252,4,0.0317997740154161
526252,5,-0.01341521341965961
526252,6,-0.06992855069740804
526252,7,0.06106724963274841
526252,8,0.245967116573101
526252,9,-0.08748987159312467
526276,1,0.02945501131980886
526276,2,-0.06335562058026674
526276,3,-0.03493763148533708
526276,4,0.15743214900370495
526276,5,-0.055282045776843085
526276,6,-0.0021101949192178227
526276,7,0.029396886768073432
526276,8,-0.015856188951331462
526276,9,-0.004616007958890931
526766,1,0.021866395285032637
526766,2,0.01260826746595374
526766,3,0.04315861383434866
526766,4,-0.0016001934454862128
526766,5,-0.05115417192840593
526766,6,0.16620837199089816
526766,7,-0.08393281412968014
526766,8,-0.014348091256611507
526766,9,0.15365095796542652
527495,1,-0.19615619127563091
527495,2,-0.1313557053383607
527495,3,-0.025458591340515122
527495,4,-0.07943481432035897
527495,5,-0.0031666624522052236
527495,6,-0.02875378627064026
527495,7,-0.03719901205266956
527495,8,0.1494027844359935
527495,9,0.0026389170297241487
527676,1,0.017835628083488392
527676,2,-0.05339203394960725
527676,3,-0.06627101382521455
527676,4,0.15878365112099727
527676,5,-0.026009868270188856
527676,6,-0.00896652625745007
527676,7,0.03520472557580861
527676,8,-0.022983668585741104
527676,9,0.03846035702396689
528866,1,-0.1259386212307305
528866,2,-0.1398277301392088
528866,3,-0.06458001012830523
528866,4,0.09392882503061606
528866,5,-0.09114128402826717
528866,6,-0.27798861330554636
528866,7,-0.1181360923951582
528866,8,0.16422276801627508
528866,9,0.08912215651381879
528873,1,-0.007665887441057633
528873,2,0.02148052585582792
528873,3,0.005643123819075831
528873,4,0.01883636977919857
528873,5,-0.05116590956295539
528873,6,-0.13073901565019985
528873,7,0.005482309091474995
528873,8,-0.005397609314144429
528873,9,0.06090185343562551
529389,1,0.027649276673313686
529389,2,0.0011220256247801775
529389,3,1.3785945304151494e-4
529389,4,-0.020628164726284308
529389,5,-0.024235670119409775
529389,6,0.0897871935313973
529389,7,-0.1358900482074863
529389,8,0.01992281919301514
529389,9,0.05345701773118993
529615,1,-0.09862922936748336
529615,2,-0.14032368724618616
529615,3,-0.15758263863322508
529615,4,-0.006367284877591262
529615,5,-0.008434605325627087
529615,6,0.15326411930599887
529615,7,-0.2806051298924276
529615,8,0.1487234103100643
529615,9,-0.1617673931076206
530260,1,-0.010401471514062018
530260,2,0.014036002762021361
530260,3,-0.009634611092975233
530260,4,-0.02020485704190092
530260,5,0.016303762157492834
530260,6,0.004410593780473671
530260,7,0.020058308279294702
530260,8,-0.11948819376469916
530260,9,-0.1298074517080429
530310,1,-0.03528679862762469
530310,2,-0.02632689275386602
530310,3,-0.008777813552550777
530310,4,-0.0060283986508525775
530310,5,0.015231326181487875
530310,6,0.0519350973236364
530310,7,-0.12860840432236084
530310,8,0.07192731121187142
530310,9,0.04837995288974654
530812,1,0.016360194560765637
530812,2,-0.07175890565643117
530812,3,-0.0460108472667607
530812,4,0.1572897752246576
530812,5,-0.01702448541193342
530812,6,-0.037103786001522886
530812,7,0.04965444227429536
530812,8,-0.003386936499959655
530812,9,0.03610207075941341
530838,1,0.004200914845204211
530838,2,-2.548839317573988e-4
530838,3,0.014787477398738319
530838,4,0.0020151499757268864
530838,5,-0.03805392914854665
530838,6,0.010812558544888825
530838,7,-0.04931003324191409
530838,8,0.0026978437581353593
530838,9,0.08357988184212484
531174,1,-0.12859403563371277
531174,2,-0.12194204593916301
531174,3,-0.08260105343770355
531174,4,-0.09734356831220374
531174,5,0.02507842179010374
531174,6,0.1672502288095324
531174,7,-0.14013349129878086
531174,8,0.1629477574452526
531174,9,-0.26516330762652185
531221,1,-0.025447421114788635
531221,2,0.01474716082958205
531221,3,-0.019611853168884388
531221,4,0.015963049174466195
531221,5,-0.1365800594961646
531221,6,0.032359519001250336
531221,7,-0.08932466212420115
531221,8,-0.07535798920186815
531221,9,-0.002547552649151053
531978,1,-0.019143578842410334
531978,2,0.007809283061969522
531978,3,-0.03203447801565481
531978,4,0.026979252195865958
531978,5,-0.13084214037359898
531978,6,0.08055761273278103
531978,7,-0.10172439410437868
531978,8,-0.08431770628216845
531978,9,-0.035417273319280344
532059,1,-0.013276902663569765
532059,2,0.006563969363639109
532059,3,-0.035069931180136946
532059,4,0.02727746923194529
532059,5,-0.16446964260678393
532059,6,0.03193482763703112
532059,7,-0.09420403008751423
532059,8,-0.06789558878424683
532059,9,0.01809779123075302
532068,1,-0.010099447645806281
532068,2,-0.0016743614807362456
532068,3,-0.053259948490421004
532068,4,0.02909616438526901
532068,5,-0.15033249031666548
532068,6,0.07073831316378087
532068,7,-0.07076594031728566
532068,8,-0.06033772280563743
532068,9,0.048100677474057274
532103,1,-0.01726695109380366
532103,2,0.013198134151808866
532103,3,-0.03801671252316642
532103,4,0.022864609810703335
532103,5,-0.14116402966038674
532103,6,0.034434325509806275
532103,7,-0.10415159435185084
532103,8,-0.06799528304774495
532103,9,-0.02974393111177663
532207,1,-0.008828519616165301
532207,2,0.042654381824140046
532207,3,0.01579078375126291
532207,4,0.02919748165756394
532207,5,0.03312155821702712
532207,6,0.06659221220853495
532207,7,0.06373475548218434
532207,8,0.012673613630183024
532207,9,-0.030616672416304357
532332,1,0.021684742988888405
532332,2,-0.06892834077428227
532332,3,-0.048587055793432976
532332,4,0.17673625685374053
532332,5,-0.02849322371083427
532332,6,-0.018273237342671538
532332,7,0.06646899964783372
532332,8,-0.021478326612044078
532332,9,0.027354193962073992
532794,1,0.013080548082332395
532794,2,0.007752801196566697
532794,3,0.030942948271751262
532794,4,0.006226901274839997
532794,5,-0.04939235220886467
532794,6,0.08788655776595887
532794,7,-0.07507951864680985
532794,8,0.029215673465791403
532794,9,0.07830942352940481
532805,1,-0.013616585650917203
532805,2,0.018723082549873343
532805,3,-0.03354062119478674
532805,4,0.024222844691306793
532805,5,-0.13993748186256427
532805,6,0.03531732134734456
532805,7,-0.0886952001350428
532805,8,-0.09389293151314103
532805,9,0.008837565864445139
532897,1,-0.028215502029712614
532897,2,0.0032460598615144842
532897,3,-0.0281020195767816
532897,4,0.02335868751538644
532897,5,-0.15251942497344423
532897,6,0.04197881025482254
532897,7,-0.09895103151363087
532897,8,-0.06363265106533054
532897,9,0.02413008179369862
532925,1,-0.024226009888037813
532925,2,0.0020538878149749095
532925,3,-0.010201001135896458
532925,4,0.03756930645323941
532925,5,-0.16197005263306846
532925,6,0.031277939159744465
532925,7,-0.10255855373860291
532925,8,-0.08571072218825936
532925,9,-0.034565343877102264
533889,1,-0.023136361979306717
533889,2,0.002132302698556698
533889,3,-0.020763269521530913
533889,4,0.030882515007248576
533889,5,-0.10477791511437705
533889,6,-0.0013498216458810316
533889,7,-0.047136361716591614
533889,8,-0.04957395952634349
533889,9,0.04090699237709332
533925,1,0.014749008448108074
533925,2,-0.00336711234090798
533925,3,-0.021586980329214394
533925,4,0.0304663052630696
533925,5,0.002655267843510018
533925,6,5.011454876775275e-4
533925,7,-0.045378043711560324
533925,8,-0.05913342434269505
533925,9,0.004138061569998544
534413,1,0.00610178522099852
534413,2,0.01649157735959447
534413,3,-0.025874725343618957
534413,4,0.0306084814214788
534413,5,0.009214555353038318
534413,6,-0.01037935002694515
534413,7,-0.08132181566741029
534413,8,-0.05894829805385049
534413,9,0.018596625712508533
534563,1,-0.02272790308617849
534563,2,-0.002067472684965484
534563,3,-0.02694209272518469
534563,4,-6.930931423230502e-4
534563,5,-0.16800757712802772
534563,6,0.04257284232026193
534563,7,-0.08323182581154921
534563,8,-0.04707264973552039
534563,9,-0.03255750875718989
535141,1,0.0075759404560803495
535141,2,-0.004727805044903492
535141,3,0.011713206350230269
535141,4,-0.018667936718752203
535141,5,0.046621792462743325
535141,6,-0.021425742392619764
535141,7,0.0677854838941409
535141,8,0.015238852571469112
535141,9,0.010714785125986599
535497,1,-0.027607428127994625
535497,2,0.00400690256708853
535497,3,-0.03179961928319368
535497,4,0.03900629081942372
535497,5,-0.17537701682863435
535497,6,0.042578166452028984
535497,7,-0.07193851038763738
535497,8,0.01800745107589242
535497,9,-0.025534239694509714
536429,1,0.010934401718753204
536429,2,-0.01011442327839033
536429,3,0.0451515725395203
536429,4,-0.010131282063813208
536429,5,-0.056317831126474066
536429,6,0.14522365867673112
536429,7,-0.17314551514327275
536429,8,0.061676691714478794
536429,9,0.13742258597712956
536536,1,0.01965077089472351
536536,2,0.010364705854855006
536536,3,-0.07615939601728998
536536,4,-0.020812448885715786
536536,5,0.0500442475706576
536536,6,0.18193807614246882
536536,7,0.0599413526400616
536536,8,0.04566697642143307
536536,9,-0.016747076668396893
536763,1,0.16224869103520437
536763,2,-0.12948571696934447
536763,3,-0.16643019453483318
536763,4,-0.11961109525580868
536763,5,0.0032324097046775584
536763,6,-0.0967019302399865
536763,7,-0.08104025413094723
536763,8,0.04252057927181011
536763,9,-8.635415912700224e-4
536785,1,0.02210298511726711
536785,2,0.0026841519328395787
536785,3,-0.11127788796361707
536785,4,-0.021334626641674122
536785,5,0.05822722620548334
536785,6,0.18949754353785922
536785,7,0.06279631312267131
536785,8,0.08031832686440421
536785,9,0.07508561733396614
536859,1,0.16585094092250396
536859,2,-0.1245966489097045
536859,3,-0.1431187596878095
536859,4,-0.09880445990815385
536859,5,-0.001910544149054182
536859,6,-0.07604794835894248
536859,7,-0.03596756282088984
536859,8,0.009375014929254327
536859,9,-0.028054370618294154
537075,1,-0.09599100957515057
537075,2,0.1696042658711049
537075,3,-0.185486909195798
537075,4,0.06158642547210942
537075,5,0.08596597961051795
537075,6,-0.1392237981317001
537075,7,-0.06342707980958089
537075,8,0.04025040171130434
537075,9,0.2164674805479011
537079,1,0.15101952224761503
537079,2,-0.1220263272979464
537079,3,-0.15133428423647136
537079,4,-0.0944153543853113
537079,5,0.005571148197479745
537079,6,-0.05598128342130967
537079,7,-0.09938444909458256
537079,8,0.03261374657374357
537079,9,-0.043742694961883204
537276,1,0.014306959013570935
537276,2,0.007035430559198388
537276,3,-0.11798610635850797
537276,4,-0.013947678199671203
537276,5,0.05712167122628158
537276,6,0.20200301631673792
537276,7,0.08450023720493988
537276,8,0.038673632057337474
537276,9,0.05027938708150699
537438,1,0.023874459506257613
537438,2,-0.0073519029871078
537438,3,-0.11205196732933369
537438,4,-0.04123159399932537
537438,5,0.050188683359303383
537438,6,0.18087052365269365
537438,7,0.09207556382837817
537438,8,0.09155817696906697
537438,9,0.06527161803812145
537678,1,0.16418956664855053
537678,2,-0.12032182938829904
537678,3,-0.15148918652303553
537678,4,-0.10351745592008103
537678,5,-0.007025619314880436
537678,6,-0.09087753882491914
537678,7,-0.053176572282753576
537678,8,0.08452209523540637
537678,9,-0.05882971551205987
538203,1,-0.0980188554952899
538203,2,0.17727669731434725
538203,3,-0.18483422360127663
538203,4,0.09114796485576397
538203,5,0.09790416959514828
538203,6,-0.18846327530895968
538203,7,-0.11359580260710216
538203,8,0.023320225994247573
538203,9,0.2094839398558059
538230,1,0.15689433139490389
538230,2,-0.1409287163354995
538230,3,-0.13856873838493092
538230,4,-0.10482440514056492
538230,5,-5.407816158232849e-4
538230,6,-0.057020899771707934
538230,7,-0.06762820889945481
538230,8,-0.005967172313467121
538230,9,0.016127967336864023
538235,1,0.017491055908226548
538235,2,0.002871911910765326
538235,3,-0.1013830328228169
538235,4,-0.02531489867913848
538235,5,0.02782444632371201
538235,6,0.16413499192639844
538235,7,0.1320033548157045
538235,8,0.10092289820068609
538235,9,0.018536975981906213
538247,1,-0.09288491742612912
538247,2,0.19099572548510677
538247,3,-0.19754071007476615
538247,4,0.05256225136950111
538247,5,0.1049948364972321
538247,6,-0.1513962166601658
538247,7,-0.09405141619705187
538247,8,0.05982828575152637
538247,9,0.22287366817749196
538418,1,-0.009628967873342236
538418,2,-0.013501257372096353
538418,3,0.05853837229617581
538418,4,-7.699405227932089e-5
538418,5,-0.01919146326452051
538418,6,-0.0748949681760386
538418,7,-0.030673888541769962
538418,8,-0.00486132620904149
538418,9,-0.014130062843912964
538814,1,0.007206693799223739
538814,2,-0.0038885822481368533
538814,3,0.007865590816193042
538814,4,-0.01952461298904797
538814,5,-0.049860304499459725
538814,6,-0.05219510618538109
538814,7,0.040687764446095905
538814,8,-0.06665696432855817
538814,9,-0.03503298256332564
538829,1,-0.13705141226382017
538829,2,0.15169975163067087
538829,3,-0.22026629213021034
538829,4,0.023102496845862946
538829,5,0.037096274547558906
538829,6,-0.04486580357354566
538829,7,0.017636738235590338
538829,8,-0.05534274090848148
538829,9,0.014027433746241144
538868,1,-0.008214415668726681
538868,2,0.017620186489780486
538868,3,-0.011224645242071028
538868,4,-6.538401498601019e-4
538868,5,0.027116595931571258
538868,6,0.005943170493278629
538868,7,0.050602326677024495
538868,8,-0.1650389322499921
538868,9,-0.09757419961930772
539018,1,-0.11207598754419966
539018,2,0.16067378117659697
539018,3,-0.1809709706235212
539018,4,0.01817521188304493
539018,5,-0.015336636982910861
539018,6,0.11381444668317815
539018,7,-0.14254642648734803
539018,8,-0.11133988305933133
539018,9,-0.01022920585649217
539123,1,-0.14236334555695732
539123,2,0.16373594627515337
539123,3,-0.2312839254488134
539123,4,-0.0017206635637148785
539123,5,0.053847497940505876
539123,6,-0.002977711017989874
539123,7,0.03679498768022524
539123,8,-0.1920567353853919
539123,9,-0.10343065096880559
539363,1,0.17172101631275002
539363,2,-0.12178118448092476
539363,3,-0.14307472557673773
539363,4,-0.10903641221916432
539363,5,-0.050039228916449977
539363,6,-0.10222609069342899
539363,7,-0.03582760606024948
539363,8,0.0023274735183639096
539363,9,0.038950539702212836
539572,1,-0.1286628267961258
539572,2,0.14626891353357177
539572,3,-0.207500965989462
539572,4,0.01956322826323777
539572,5,0.0747631272525238
539572,6,-0.03211911812732614
539572,7,-0.03837522203369113
539572,8,-0.06381395185880506
539572,9,-0.026169203379655934
539650,1,0.016683288174309436
539650,2,0.011020746612558151
539650,3,-0.12620553607085863
539650,4,-0.017711436803758904
539650,5,0.03140444950043111
539650,6,0.1561564470135533
539650,7,0.10606083169845404
539650,8,0.05478435293643536
539650,9,0.09483725463819787
539833,1,0.024056379129941647
539833,2,-0.009062352598514446
539833,3,-0.1436447812345481
539833,4,-0.034582428985769645
539833,5,0.0756838973699345
539833,6,0.14536647983151943
539833,7,0.11839709829797591
539833,8,0.035228312778463534
539833,9,-0.012184404358479985
539878,1,-0.07973748020761859
539878,2,0.13641884135491839
539878,3,-0.18004411152907915
539878,4,-0.0388238705072172
539878,5,2.582487593093555e-4
539878,6,0.06587926694949577
539878,7,-0.009649023390079172
539878,8,-0.2453821942468041
539878,9,-0.13340014898557728
539926,1,0.1521379754582189
539926,2,-0.13259277856831023
539926,3,-0.1255378736209706
539926,4,-0.07885486229515452
539926,5,0.015034768410994619
539926,6,-0.08326890835179727
539926,7,0.06907922579906159
539926,8,0.1263325309856566
539926,9,-0.0710416405312577
540747,1,0.019572959438116534
540747,2,6.919595121881126e-4
540747,3,-0.14069260824661672
540747,4,-0.0282749739740816
540747,5,0.06999086687051727
540747,6,0.14157954287652988
540747,7,0.09453386421848861
540747,8,0.06630271866919762
540747,9,0.06627917356336026
540987,1,-0.04935609132647329
540987,2,0.16781663653474738
540987,3,-0.13629785898625313
540987,4,0.07616556245703925
540987,5,0.04746841408288971
540987,6,-0.1884029989142539
540987,7,0.09851185580372718
540987,8,0.24134720464572665
540987,9,0.09151760217011166
541262,1,0.17066561641849498
541262,2,-0.1406827915041762
541262,3,-0.11492265972422848
541262,4,-0.103512010202835
541262,5,-0.01357640270687122
541262,6,-0.032742608742829686
541262,7,0.030982804134517324
541262,8,-0.14634873210038657
541262,9,0.11596230865445302
541335,1,0.16836589136331834
541335,2,-0.12413982531658294
541335,3,-0.106992543088974
541335,4,-0.12274116926376218
541335,5,-0.01601741504593084
541335,6,-0.033502918699758015
541335,7,0.002675221287986565
541335,8,-0.15266068858830828
541335,9,0.09097753072271879
541589,1,-0.1347516747008697
541589,2,0.13941658892681186
541589,3,-0.2226224130440478
541589,4,0.007430215420096659
541589,5,0.06361485436034975
541589,6,0.004405382980331221
541589,7,0.012529093290936408
541589,8,-0.16013873678671953
541589,9,-0.10331115567731751
541855,1,0.018272695596407398
541855,2,-0.010117880315920043
541855,3,-0.14665483919423253
541855,4,-0.029277306005476386
541855,5,0.046298717825845236
541855,6,0.14236018491417865
541855,7,0.10784915518326038
541855,8,0.0471106176373257
541855,9,0.06635847881281998
542336,1,0.01591435465144105
542336,2,-0.044241645499594716
542336,3,-0.0467704222257658
542336,4,0.15263689249797227
542336,5,-0.042746172999824666
542336,6,-0.0020714656621630676
542336,7,0.028855890072230293
542336,8,-0.0071231012683993875
542336,9,0.030060312175103417
542674,1,0.10346959933948804
542674,2,-0.004408037149186979
542674,3,-0.13960347150612953
542674,4,-0.04722844931971555
542674,5,0.0014318208792180884
542674,6,-0.03642068859335723
542674,7,0.11793420749709008
542674,8,0.14452705551781614
542674,9,0.16715752579033688
542700,1,0.003658520667483276
542700,2,0.008992143199284583
542700,3,0.007260662820289417
542700,4,-0.016983685715876468
542700,5,0.00395898621809364
542700,6,0.01989021490167015
542700,7,0.02717176081337248
542700,8,-0.1349281077884245
542700,9,-0.13243468233798064
542769,1,-0.0034159442718361987
542769,2,-0.028419072808494063
542769,3,-0.007572067906951899
542769,4,-0.011443836191296144
542769,5,-0.00424234584414234
542769,6,-0.0020949978384320373
542769,7,0.02382627317057742
542769,8,0.00617774172336692
542769,9,0.014695745016076116
542863,1,0.1635370933029513
542863,2,-0.12390668359207924
542863,3,-0.11863959990554677
542863,4,-0.08385248469687524
542863,5,0.005257673603615948
542863,6,-0.07429966059379452
542863,7,0.003712719744696325
542863,8,-0.13805363138282914
542863,9,0.08762724031804829
543286,1,0.02971341090067682
543286,2,0.0068540695411220265
543286,3,-0.11795699048114043
543286,4,-0.026451248327938704
543286,5,0.053169376273076996
543286,6,0.19366491503072633
543286,7,0.0857507417948149
543286,8,0.01584207209580643
543286,9,0.05198367329321843
543293,1,0.018211885063776603
543293,2,0.012260959754357535
543293,3,0.03441662143458066
543293,4,0.011486541809713084
543293,5,-0.029165610484871977
543293,6,0.0672759399880994
543293,7,-0.06204860214583918
543293,8,0.03362691414709133
543293,9,0.07126579403441223
543301,1,0.01867573542178542
543301,2,0.007009449551156149
543301,3,-0.1036161117766576
543301,4,-0.01453586821215398
543301,5,0.04402825949316636
543301,6,0.21169270610743857
543301,7,0.09672582055960541
543301,8,0.04654393039611314
543301,9,0.025936119497056237
543616,1,-0.030377325168060593
543616,2,0.007652507801557807
543616,3,0.23536467572901015
543616,4,0.09142503165091263
543616,5,-0.06316059351897688
543616,6,0.1621738783429655
543616,7,0.16965016320923718
543616,8,0.1510051135283155
543616,9,0.24090815672374843
543638,1,0.02059615691028456
543638,2,0.017515439757851164
543638,3,-0.10891696006561598
543638,4,-0.02621798738322044
543638,5,0.025323902070032153
543638,6,0.2052928816602341
543638,7,0.0820255379116292
543638,8,0.061441902386724194
543638,9,0.06864243409400374
543744,1,0.1689177809578277
543744,2,-0.13800548128107337
543744,3,-0.1150734226311851
543744,4,-0.08379410527684919
543744,5,-0.014789752489568804
543744,6,-0.06417765096357186
543744,7,0.01776008823345243
543744,8,-0.15048778355070472
543744,9,0.09691774778089811
544015,1,0.00833675013509832
544015,2,0.020417913801868404
544015,3,0.043780096894453835
544015,4,0.004789233217709301
544015,5,-0.06738404984217826
544015,6,0.1578457428876799
544015,7,-0.1467339385802812
544015,8,0.05040071759578813
544015,9,0.1406626517098993
