SNP_ID,PC,loading
107457,1,0.004713862466030856
107457,2,-0.003594854568468085
107457,3,0.003162103300323864
107457,4,0.03149630011131769
107457,5,0.003856258086867667
107457,6,-0.008473683810019724
107613,1,0.00360261292848741
107613,2,-0.0011973261038190196
107613,3,0.005446067288290428
107613,4,0.0150724312372517
107613,5,0.009324519859169794
107613,6,-0.019962280709708166
107629,1,0.003420676948247909
107629,2,-4.5694261189849254e-4
107629,3,0.0029660358679287524
107629,4,0.020060207559196432
107629,5,0.0031318581995434533
107629,6,-0.013471457969758252
108187,1,0.0022951250973245628
108187,2,-1.1496451331830391e-4
108187,3,-0.0023272971258092123
108187,4,0.01606877525903346
108187,5,-0.004130025255133004
108187,6,-0.03278558440277603
108286,1,0.05074806717123698
108286,2,0.020850895033241567
108286,3,0.043184053237530856
108286,4,-0.08742140688058819
108286,5,0.21104056779613475
108286,6,-0.06172850946190969
108949,1,0.0014750851651490285
108949,2,0.0017113051487608964
108949,3,0.0016955939439805949
108949,4,0.027209872387109084
108949,5,0.017166673152919736
108949,6,-0.02746814562342077
108958,1,-0.0664455355800512
108958,2,-0.023934224732342788
108958,3,0.009698424771787952
108958,4,-0.034778590996518366
108958,5,-0.05058927224284705
108958,6,-0.026002586886443784
109272,1,1.5324888282905672e-4
109272,2,-0.00929295854037567
109272,3,0.007890180613173571
109272,4,0.020379363439569757
109272,5,6.191355500626474e-4
109272,6,-0.023863904757426446
109288,1,0.005662785888511012
109288,2,0.006401308484793471
109288,3,0.0013659113810883983
109288,4,0.035197897307225584
109288,5,-0.0049916789256841685
109288,6,-0.011255752667732205
109377,1,0.02867260644905364
109377,2,-0.0010721569967964409
109377,3,-0.008509504714424139
109377,4,-0.03622724898000859
109377,5,0.05926666443619425
109377,6,-0.011682101048503188
110058,1,0.05438374264773709
110058,2,0.024133262609993888
110058,3,0.03891304262259323
110058,4,-0.0919645210988923
110058,5,0.21839855202659364
110058,6,-0.04884217715121741
110098,1,0.055468636769232554
110098,2,0.024384398623515505
110098,3,0.047363631398486594
110098,4,-0.06908137656172537
110098,5,0.21382344010761684
110098,6,-0.0768491156537143
110761,1,0.016210612466658333
110761,2,0.003982719371575221
110761,3,-0.0017859499841570787
110761,4,-0.0507009509918784
110761,5,0.050111266895923615
110761,6,-0.05554704072802792
110771,1,-0.0043746041158935775
110771,2,-0.04688456411692911
110771,3,-0.004185223407138597
110771,4,-0.02836655631134884
110771,5,-0.009184296655151662
110771,6,-0.09200682596931511
112877,1,0.04435151218888512
112877,2,0.035151700204134835
112877,3,0.02647930390897977
112877,4,0.08724988138082014
112877,5,-0.1395136167996941
112877,6,0.01870334836919392
113620,1,-0.010798841169658464
113620,2,-0.0377555504414706
113620,3,0.013884903809633545
113620,4,0.01578559482885939
113620,5,0.03431178260622013
113620,6,0.02631741479507287
116465,1,0.00478258154408175
116465,2,0.006614258298149728
116465,3,0.0027184504638344625
116465,4,0.016395926882543772
116465,5,-0.0015178315442344339
116465,6,-0.015655575387861158
116787,1,0.06233490843878106
116787,2,0.02477524884966643
116787,3,0.04897408911238484
116787,4,-0.06612900822419046
116787,5,0.22550291291396315
116787,6,-0.07881746628646127
118008,1,0.005399193441082685
118008,2,-0.002121953523208714
118008,3,0.01147980941393379
118008,4,0.01350372613769011
118008,5,0.01706017761160435
118008,6,-0.013981658122024234
118034,1,-0.006774310995666866
118034,2,-0.038367904971874776
118034,3,-0.011228481794891778
118034,4,-0.02996675908133925
118034,5,-0.0325083876742086
118034,6,-0.08493629160867523
118087,1,0.0016338163107409644
118087,2,2.066862301471024e-4
118087,3,-0.0020299635408893733
118087,4,0.006115894068395544
118087,5,-2.7747793680224676e-4
118087,6,-0.00880974524679342
118150,1,9.762659141670639e-4
118150,2,0.004762931782961702
118150,3,0.0017571498336641715
118150,4,0.013985262289390956
118150,5,0.012435051531867582
118150,6,-0.011598972513619092
119730,1,-1.1403433984264796e-4
119730,2,0.002794601596568289
119730,3,0.004386671864900151
119730,4,0.016380896164959677
119730,5,0.014224043425124757
119730,6,-0.022877558782662875
120093,1,4.516595924935027e-4
120093,2,-0.0028152140287607324
120093,3,-0.0016125338714287113
120093,4,0.03757045684359606
120093,5,0.010613340311196947
120093,6,-0.01447016198049059
120127,1,0.0055220932395292814
120127,2,0.001951801607920228
120127,3,0.007873151953583776
120127,4,0.030729301394810372
120127,5,-0.001301691386923502
120127,6,-0.019342118974560132
120471,1,0.04596015214384154
120471,2,0.01080309218990707
120471,3,0.0456077422513468
120471,4,-0.06221280658584992
120471,5,0.1899857961228203
120471,6,-0.08779300126316976
121310,1,0.055689094748234254
121310,2,0.021510440224752184
121310,3,0.04451485597910076
121310,4,-0.09641739500261254
121310,5,0.21171440697633978
121310,6,-0.053865394036599304
121470,1,0.0027868160613128893
121470,2,-1.3432397480044075e-4
121470,3,-0.001383344262267791
121470,4,0.04490309767088118
121470,5,0.005171605331447596
121470,6,-0.021027790731650266
121478,1,0.056798347136266
121478,2,0.02060803618440241
121478,3,0.06126111839289642
121478,4,-0.06290294327850651
121478,5,0.23078104487786558
121478,6,-0.09708262426144844
121824,1,0.059311934270059305
121824,2,0.015786584791010125
121824,3,0.04166417890599583
121824,4,-0.07010340267450207
121824,5,0.23028409054962962
121824,6,-0.07307114758543966
121976,1,0.054591203053614624
121976,2,0.013673078626383842
121976,3,0.050483308163862636
121976,4,-0.07902230069072504
121976,5,0.2189568140249783
121976,6,-0.0885033387410813
122508,1,0.05113736250877783
122508,2,0.02062439221345408
122508,3,0.041028905639293435
122508,4,-0.0813245960979624
122508,5,0.22169510926543756
122508,6,-0.06492880546013102
124302,1,0.05871512786931217
124302,2,0.014363245166688332
124302,3,0.04678777885017278
124302,4,-0.07155202396643609
124302,5,0.22339325150284606
124302,6,-0.0882632383682257
124412,1,0.05818759465851067
124412,2,0.018776180727436302
124412,3,0.04924728866596862
124412,4,-0.05926762536296714
124412,5,0.23717329091767048
124412,6,-0.07945663210667206
124431,1,-0.003942038210078874
124431,2,0.0046419622391509485
124431,3,0.005729181221442937
124431,4,0.013281128324346499
124431,5,-0.031540367109962275
124431,6,0.0015172597614783393
125121,1,-0.06667283142662474
125121,2,-0.03203953400942875
125121,3,0.012800078218506695
125121,4,-0.021286204596317065
125121,5,-0.051768345251755186
125121,6,-0.023706258649696554
125538,1,0.05920016858405083
125538,2,0.018270627818936822
125538,3,0.034984910631110325
125538,4,-0.09644807473472143
125538,5,0.21859215788485545
125538,6,-0.06327757700151058
126149,1,0.0028206880135050023
126149,2,0.002004957850702615
126149,3,0.003939721945163805
126149,4,0.021868075807085864
126149,5,0.0098400691129954
126149,6,-0.014526749663261692
126516,1,1.056683050861668e-4
126516,2,0.004273548528871718
126516,3,0.0019306470850563374
126516,4,-0.0035808582095306486
126516,5,-0.022076260744405427
126516,6,-0.0019043176029833896
126529,1,0.061506815823953884
126529,2,0.03541397055294341
126529,3,0.05793435760805876
126529,4,0.023038087352937216
126529,5,-0.019183657293793066
126529,6,0.04634487736227713
126600,1,0.06545682280164111
126600,2,0.011972681299372314
126600,3,0.07259216140703736
126600,4,0.022695673509995264
126600,5,-0.023959246015100275
126600,6,0.07995781478584191
126614,1,0.06618191566073635
126614,2,0.0178322268718374
126614,3,0.07175218321092416
126614,4,-0.005502868368370284
126614,5,0.002485879118492249
126614,6,0.04889574453515142
126730,1,0.06486933507558133
126730,2,0.013505930228014293
126730,3,0.08207152848900819
126730,4,0.006082618758561333
126730,5,-0.0028200015412972335
126730,6,0.061949442926234666
126760,1,0.06214072726869407
126760,2,0.0168838076882405
126760,3,0.08297887683662947
126760,4,0.007729586834479786
126760,5,-0.040380820945135086
126760,6,0.0743955515492359
126923,1,0.06786114843761056
126923,2,0.019089220804807065
126923,3,0.07019786443545653
126923,4,2.588352425589982e-4
126923,5,-0.0027917491573406826
126923,6,0.04590310119451096
126930,1,0.06445223934286123
126930,2,0.010339428026484208
126930,3,0.06796065050602759
126930,4,0.01239776085550464
126930,5,-0.005250805945386399
126930,6,0.05828161039490964
126971,1,0.012410251813093822
126971,2,0.011594585218963492
126971,3,0.00398879662366742
126971,4,-0.003643437427752306
126971,5,-0.025317630552053216
126971,6,0.019765288602660542
127194,1,0.02621559140855846
127194,2,-0.011093607732360747
127194,3,-0.0015008364245439195
127194,4,-0.030659137704707136
127194,5,0.08125647553400826
127194,6,-0.00442193521137329
127720,1,0.07062119411094044
127720,2,0.01857951473949108
127720,3,0.07897931858263475
127720,4,8.131219437846081e-4
127720,5,-0.008223516221128177
127720,6,0.04824914853347794
127952,1,-0.012384870532871654
127952,2,-0.001535242315813689
127952,3,0.004137171591976215
127952,4,-0.011334661274884517
127952,5,-0.0029193484974144247
127952,6,0.0924072299733234
128432,1,0.00541661319681939
128432,2,-0.0036200870724708016
128432,3,-0.01139987578526371
128432,4,0.007198240451552838
128432,5,-0.01932824589504949
128432,6,0.05868426802484619
128713,1,0.06572887698103112
128713,2,0.013668916368393293
128713,3,0.08063347787346181
128713,4,0.002201807114052461
128713,5,-0.0209562252199214
128713,6,0.06827201538274821
128863,1,-0.008312641523174725
128863,2,-0.004397710139768042
128863,3,1.1778677805224152e-4
128863,4,-0.021289688844238
128863,5,6.037233309324606e-4
128863,6,0.08665157228838931
129063,1,-0.0118294660043651
129063,2,-0.0028047024879956635
129063,3,0.007941566387576924
129063,4,-0.019271929787595007
129063,5,0.002315358869290641
129063,6,0.09337754627944732
129503,1,-3.5563086017769384e-4
129503,2,0.004872313697378514
129503,3,0.00467283733593272
129503,4,-0.023962795467544745
129503,5,-0.0057082134549974115
129503,6,0.04907370695044811
129635,1,-0.09325207226539738
129635,2,0.03496405472688775
129635,3,0.019313168233118936
129635,4,-0.0648033915122508
129635,5,-0.046612689322181086
129635,6,-0.08108441973274726
129864,1,0.06206682871327122
129864,2,0.016770790627339622
129864,3,0.07456847642312708
129864,4,0.011875645759234209
129864,5,-0.006104682876281591
129864,6,0.06944493808559178
129987,1,0.003774347199177231
129987,2,-4.8474537381642185e-4
129987,3,9.85240195909768e-4
129987,4,0.012449628799177732
129987,5,0.024741468523690056
129987,6,-0.009439562651820452
130133,1,0.034167357122174925
130133,2,0.035941887397752816
130133,3,0.025183928465760317
130133,4,0.08103997200168088
130133,5,-0.10170880862324946
130133,6,-0.02442992971576062
131059,1,0.006174785112761571
131059,2,-0.008659237241870172
131059,3,0.015169092846775862
131059,4,0.002136005812030708
131059,5,0.006486072780415909
131059,6,-0.0031859653180945783
131362,1,0.07081726637525877
131362,2,0.017512330020589793
131362,3,0.07873371775344523
131362,4,-0.001011516078383019
131362,5,-0.00802418716990542
131362,6,0.07503151354952572
132258,1,0.0015333169977235289
132258,2,-8.151861944088277e-4
132258,3,0.003656375723614646
132258,4,0.026320582803382477
132258,5,-1.8066115379146015e-5
132258,6,-0.0292475741596866
132539,1,9.157803665706872e-4
132539,2,-0.008781079055386394
132539,3,0.006197891889118876
132539,4,-0.006141595850293163
132539,5,-0.004972175408035496
132539,6,0.023011576502860464
132775,1,-0.08323324213380935
132775,2,-0.03501210644928146
132775,3,0.03376279894492635
132775,4,-0.044984753120074675
132775,5,-0.03169151280079096
132775,6,-0.010088897142155473
133433,1,-0.08197567858889959
133433,2,-0.040877573358505837
133433,3,0.03431887099615779
133433,4,-0.06201231123309818
133433,5,-0.023671294650947514
133433,6,0.05183492076166441
133900,1,-0.08745005349533666
133900,2,-0.04104384501366886
133900,3,0.051358253176242714
133900,4,-0.06216278725138456
133900,5,-0.022002212690676672
133900,6,0.03891310111604508
134017,1,0.06397376822345827
134017,2,0.02054200787805954
134017,3,0.058625422919845384
134017,4,0.011223937907568472
134017,5,-0.030548818790513983
134017,6,0.0446641954278829
134196,1,-0.08742221472634193
134196,2,-0.041315747971305154
134196,3,0.048416890095060824
134196,4,-0.041298927787268125
134196,5,-0.004476263629543356
134196,6,0.0490281849290024
134281,1,-0.002399462594700468
134281,2,-0.009986125410057596
134281,3,0.007973169833333594
134281,4,-0.00770032338024863
134281,5,0.0017168681923596153
134281,6,0.04833977578584532
134349,1,0.0011068424814456438
134349,2,3.702431900932862e-4
134349,3,0.007254251709242167
134349,4,0.023339190345706744
134349,5,0.001272973223567744
134349,6,-0.03429531037540014
134400,1,-0.09051653260441656
134400,2,0.027123985974701986
134400,3,0.03229989652160442
134400,4,-0.09079700092472316
134400,5,0.0018540561428116613
134400,6,-0.04279088829404003
134539,1,-0.1050568807743292
134539,2,0.036485141381569136
134539,3,0.023219031350216728
134539,4,-0.0718413517551636
134539,5,-0.03900421535126066
134539,6,-0.03697641011497933
135725,1,0.002033814134699393
135725,2,4.911779455347161e-4
135725,3,0.011968842877468798
135725,4,0.02433490317507774
135725,5,0.0072279469614562235
135725,6,-0.01933804179326755
136025,1,-0.09801927120394575
136025,2,0.027520620180540696
136025,3,0.04248866488286787
136025,4,-0.062251887082423664
136025,5,-0.030576226803876987
136025,6,-0.030075445763724597
136374,1,-0.10424980269581455
136374,2,0.031155553569150073
136374,3,0.03400764847970165
136374,4,-0.0743293966836409
136374,5,-0.03617253651057295
136374,6,-0.020015060579406434
136454,1,-0.1055153416321973
136454,2,0.024544357433419837
136454,3,0.03333224979762112
136454,4,-0.06907351572537875
136454,5,-0.04139002928197525
136454,6,-0.018639263229828583
136461,1,-0.018011626692981817
136461,2,-0.11059945100848383
136461,3,0.0025508219628067774
136461,4,-0.02051881524382953
136461,5,-0.01625588377092148
136461,6,0.007005756296701949
136568,1,0.005926809357168056
136568,2,0.006647020181419201
136568,3,4.4523360123702014e-4
136568,4,0.016399680871610565
136568,5,-0.005162843777070163
136568,6,-0.0038065320850645817
136721,1,-0.10407519382102152
136721,2,0.030234458520632845
136721,3,0.03891614665441595
136721,4,-0.07375029217425601
136721,5,-0.03129253131560603
136721,6,-0.031667627768141506
136983,1,0.0036765861024422707
136983,2,-0.006172484812120711
136983,3,0.011101549590502573
136983,4,0.0031510263493528894
136983,5,-0.009665466937668156
136983,6,0.03735407838707073
137114,1,-0.09949426612611297
137114,2,0.03789780137012445
137114,3,0.03290017860597899
137114,4,-0.08561885919723816
137114,5,-0.03093664641421102
137114,6,-0.019123451861400034
137127,1,0.03693134770331919
137127,2,-0.01991514503778599
137127,3,0.05804951972464713
137127,4,-0.03832194487593509
137127,5,-0.03498353150097327
137127,6,1.9452627874714853e-4
137293,1,0.002294786535188511
137293,2,-9.788271275843654e-4
137293,3,0.00986639615881491
137293,4,0.021435353862588224
137293,5,0.010475101240134429
137293,6,-0.02723654818275455
137310,1,-0.09885772114500875
137310,2,0.03237882028865105
137310,3,0.042887481078343205
137310,4,-0.0854938540055962
137310,5,-0.035730275447947116
137310,6,-0.02337849375414647
137454,1,-0.10334031419872154
137454,2,0.0293791805304539
137454,3,0.03558219230197246
137454,4,-0.07086148237274044
137454,5,-0.034708959912311876
137454,6,-0.009127060829530294
137674,1,0.06247822649308777
137674,2,0.019613941721734012
137674,3,0.060542162713700734
137674,4,-0.002715437898771591
137674,5,-0.0034326244603947874
137674,6,0.07068409640265834
137900,1,-0.1038053928838839
137900,2,0.0327596449827278
137900,3,0.03806482345459239
137900,4,-0.0777283515019997
137900,5,-0.03776393451586764
137900,6,-0.021453487642842505
138125,1,-0.10301142095467411
138125,2,0.03589576215279488
138125,3,0.030908010762030175
138125,4,-0.08386155225002923
138125,5,-0.03761711177432921
138125,6,-0.011672241882096729
138148,1,-0.10222122890429519
138148,2,0.032076168992296115
138148,3,0.035584020806396555
138148,4,-0.09185219525985816
138148,5,-0.049148113083926664
138148,6,-0.021281233740443852
138460,1,-0.1012272312115005
138460,2,0.03543537218739998
138460,3,0.03829294083026581
138460,4,-0.09148159682864955
138460,5,-0.03713799851253776
138460,6,-0.03727587397918349
138555,1,-0.1011865939012234
138555,2,0.02925130533403622
138555,3,0.034623852392449785
138555,4,-0.08684661376177062
138555,5,-0.03923345843604797
138555,6,-0.011440508630821303
138601,1,0.028952278476025373
138601,2,-0.021644977507084422
138601,3,0.04235145846533393
138601,4,-0.02645831849813824
138601,5,-0.030076945404899882
138601,6,-0.022015133519157133
138603,1,0.03174096461886539
138603,2,-0.016121182407379406
138603,3,0.0543760658470919
138603,4,-0.038018716292212186
138603,5,-0.024863329345420182
138603,6,-0.014151826370860574
138620,1,-0.09885258850779965
138620,2,0.03324753904762827
138620,3,0.036884029678846124
138620,4,-0.07711216516307608
138620,5,-0.028231447759642078
138620,6,-0.0362739605659321
139154,1,-0.09813462212167717
139154,2,0.030735615733737905
139154,3,0.029670375129630666
139154,4,-0.08270513623511137
139154,5,-0.03287358764286485
139154,6,-0.0237509892237411
139173,1,-0.09752887213389279
139173,2,0.03702816555585819
139173,3,0.028691767924057417
139173,4,-0.07684412714343841
139173,5,-0.03500400173724461
139173,6,-0.011704736463854478
139362,1,0.03421570371717089
139362,2,-0.006646559968891026
139362,3,0.05436777177013203
139362,4,-0.04084112449246629
139362,5,-0.04348704365172116
139362,6,-0.013130083097665815
139409,1,-0.100464225831411
139409,2,0.037988593135736666
139409,3,0.02815582757243669
139409,4,-0.0799833035911655
139409,5,-0.02402868944214663
139409,6,-0.03662581061848717
139456,1,-0.10264951917147327
139456,2,0.029262051734218926
139456,3,0.02831440753649166
139456,4,-0.07978259290625385
139456,5,-0.02158396774906074
139456,6,-0.02840521446130945
139576,1,-0.1037679679060216
139576,2,0.033362345757590985
139576,3,0.04694469428980366
139576,4,-0.07024764812708649
139576,5,-0.026558057202427047
139576,6,-0.020085445800129734
139741,1,-0.06351732103550886
139741,2,0.011750957117056964
139741,3,0.0176801116179042
139741,4,-0.04585620400388003
139741,5,-0.02916786416720501
139741,6,-0.10572634563995045
139841,1,0.03146330374564179
139841,2,-0.014357570780664375
139841,3,0.05460939806915814
139841,4,-0.032185080832874635
139841,5,-0.04438548835110797
139841,6,-0.017539176934981672
140086,1,0.06728105144901765
140086,2,0.018534199753648346
140086,3,0.06120922476009954
140086,4,0.005724897004339345
140086,5,-0.002134601615812824
140086,6,0.042127847438755174
140171,1,-0.10112516711138818
140171,2,0.030398075077626444
140171,3,0.0353907943667208
140171,4,-0.0881200097731294
140171,5,-0.04096413987089709
140171,6,-0.037764805338609285
140280,1,0.036305499381301926
140280,2,-0.01542732384607061
140280,3,0.05664686855935517
140280,4,-0.0459266470205038
140280,5,-0.050672968263689465
140280,6,-0.02352937237341211
140505,1,-0.09963048226313063
140505,2,0.03577208846655473
140505,3,0.03587079702225576
140505,4,-0.07779819670382211
140505,5,-0.016073418463148352
140505,6,-0.011239040057713536
140506,1,-0.10700120222481597
140506,2,0.026146118221444838
140506,3,0.030253135214930574
140506,4,-0.075460730321302
140506,5,-0.04413910045308201
140506,6,-0.037454029618564394
140695,1,-0.09978301905085188
140695,2,0.036311438423119936
140695,3,0.030737224743996303
140695,4,-0.07522927904476596
140695,5,-0.04420418852301967
140695,6,-0.022859520644654588
140853,1,-0.10831805343083148
140853,2,0.03390555606021874
140853,3,0.029404545359758023
140853,4,-0.07020487129633239
140853,5,-0.03112536945314676
140853,6,-0.037625678839786264
140909,1,-0.007655550486638174
140909,2,-0.03578838650377248
140909,3,0.014050168734790066
140909,4,0.013531432628111306
140909,5,0.031204153754894944
140909,6,0.052630441502168376
141769,1,-0.09953497375593262
141769,2,0.02742320010621509
141769,3,0.02943063756729587
141769,4,-0.086668015007684
141769,5,-0.049348162364008685
141769,6,-0.025255535945807022
143495,1,-0.09969437548963703
143495,2,0.02982841058026403
143495,3,0.036886634393462986
143495,4,-0.07434718084679348
143495,5,-0.03244015987896445
143495,6,-0.022002407373627856
143723,1,-0.09971942507294794
143723,2,0.02615739321912988
143723,3,0.03752098211830344
143723,4,-0.07906952648769518
143723,5,-0.03291248066118538
143723,6,-0.012952001104949788
143754,1,-0.1040279376163113
143754,2,0.04180966317618946
143754,3,0.041236875127202435
143754,4,-0.08003398939853669
143754,5,-0.035387060662083455
143754,6,-0.04311434619788132
144050,1,-0.01543669453733529
144050,2,-0.1111911639517406
144050,3,0.007198206866026624
144050,4,-0.015569580089243069
144050,5,-0.003968268606656128
144050,6,-0.008545628158892603
144382,1,0.06439336437648853
144382,2,0.02046477700077539
144382,3,0.06255684986066878
144382,4,0.002569297519353458
144382,5,-0.00846662744172923
144382,6,0.06405260583914507
144460,1,8.2207886854994e-4
144460,2,0.009282113537323151
144460,3,-0.02027849882712304
144460,4,-0.010617381544988242
144460,5,-0.009480436248384959
144460,6,-0.015094335624848226
144535,1,0.0726428355376137
144535,2,0.02364657711296866
144535,3,0.09475983565166352
144535,4,-0.007119638107180352
144535,5,-0.022926331667719076
144535,6,0.02020731997671211
144560,1,0.0760359119713206
144560,2,0.027862933485757153
144560,3,0.10346502436019932
144560,4,-0.013855942068978569
144560,5,-0.00809234125220733
144560,6,0.023451910114233934
144570,1,0.044912282317483336
144570,2,-0.028818648471700105
144570,3,0.08412898349889188
144570,4,-0.03489841010887158
144570,5,-0.03207029251461616
144570,6,-0.03633170743903915
144899,1,0.046960627962880225
144899,2,-0.030924436738645554
144899,3,0.08297590030942441
144899,4,-0.041752899999445134
144899,5,-0.036854750708135806
144899,6,-0.03933092270196986
145413,1,0.04364437042305713
145413,2,-0.026405113592260644
145413,3,0.08062194284556932
145413,4,-0.04408394443454653
145413,5,-0.04742474629824237
145413,6,-0.01813195798907831
145853,1,-0.10074505209859862
145853,2,0.02959277655686888
145853,3,0.03323505595769872
145853,4,-0.08589307627062423
145853,5,-0.026174477993614727
145853,6,-0.020857533606720925
146951,1,-0.09682024627579149
146951,2,0.03601069544461196
146951,3,0.037962886918996984
146951,4,-0.07514104676159157
146951,5,-0.047785463054938554
146951,6,-0.03371976150545119
146995,1,0.04794635884592532
146995,2,-0.024563862472110735
146995,3,0.08759312829896197
146995,4,-0.049022791977088136
146995,5,-0.030832687507173953
146995,6,-0.009473570727765444
147093,1,-0.010976398987162312
147093,2,-0.11066330354401013
147093,3,0.0028186132660748143
147093,4,0.0031934653672656666
147093,5,0.007825226067869754
147093,6,0.020657866281355994
147486,1,-0.014061720174854953
147486,2,-0.11166729950570196
147486,3,-0.005748748277328714
147486,4,-0.006792346677686807
147486,5,0.008315407942072289
147486,6,0.0020439493535277615
147497,1,-0.10200545604936145
147497,2,0.0341142980294584
147497,3,0.040372163221435706
147497,4,-0.08530118912384571
147497,5,-0.03658509949774836
147497,6,-0.026714297332989724
147685,1,-0.09929808763870036
147685,2,0.03809325946026112
147685,3,0.03520405105564027
147685,4,-0.07487133652777249
147685,5,-0.027157796589259205
147685,6,-0.017921281151128832
147809,1,0.0065939832413942365
147809,2,-0.003565771266764871
147809,3,-0.0024563748505867108
147809,4,-0.012806263847629056
147809,5,0.005384602580745312
147809,6,0.03108806426595838
147915,1,-0.10092980922625525
147915,2,0.03586729905534608
147915,3,0.029715502980802798
147915,4,-0.08271334010393148
147915,5,-0.03531638457662964
147915,6,-0.02658930169382449
147917,1,-0.10352530185326382
147917,2,0.0324314580445273
147917,3,0.04624302517809745
147917,4,-0.08547802715907504
147917,5,-0.022958130223658706
147917,6,-0.02398289433586226
148703,1,-0.10096003776625738
148703,2,0.026187690911344978
148703,3,0.03977950868646212
148703,4,-0.0793291600958072
148703,5,-0.02396745797818226
148703,6,-0.028997627064169425
149381,1,0.003413263892640593
149381,2,0.0036838032674137646
149381,3,0.005005685930135034
149381,4,0.027220943354995822
149381,5,0.008454864161412504
149381,6,-0.03493177087696731
149407,1,0.043383135218599406
149407,2,-0.021791772379368305
149407,3,0.08187120329058545
149407,4,-0.05358288883617275
149407,5,-0.05750526289551201
149407,6,-0.026548779554234778
149599,1,0.007201859128229455
149599,2,0.001376829787079301
149599,3,0.0038921381278549097
149599,4,0.01877858842575637
149599,5,0.005922424936309778
149599,6,-0.018816009711892588
149913,1,-0.012038525632791066
149913,2,-0.11441269272614692
149913,3,-0.0023597047965295006
149913,4,-0.009624636025396267
149913,5,0.0021914561913821333
149913,6,-0.0016967435117528455
149975,1,0.047924246949587634
149975,2,-0.02756179734321384
149975,3,0.08761187655668289
149975,4,-0.04603328453108685
149975,5,-0.05758736747865938
149975,6,-0.015316546843939445
150262,1,5.497599032697754e-4
150262,2,0.009876378073536394
150262,3,0.016954741144146045
150262,4,0.012001351968598736
150262,5,-0.042235305276883274
150262,6,0.005242655389115755
151330,1,0.04329763433810469
151330,2,-0.0213127722313682
151330,3,0.07640782529155643
151330,4,-0.04580795233616975
151330,5,-0.04852263483988444
151330,6,-0.030298976939107294
151677,1,0.004020552159608255
151677,2,-0.0042156522341849105
151677,3,0.001399255891823049
151677,4,0.02607165069493813
151677,5,0.009363815876646604
151677,6,-0.02086572415942109
152358,1,0.00587595995265663
152358,2,0.0056330842775849585
152358,3,-0.0349693843053093
152358,4,0.0026505312794986545
152358,5,-0.009631555166465668
152358,6,0.04094777712585215
152533,1,0.044810379541530464
152533,2,-0.02172833284376996
152533,3,0.07459624848960174
152533,4,-0.046745955993121154
152533,5,-0.04898692044716232
152533,6,-0.01291709800325882
152570,1,0.050319909722558245
152570,2,-0.030690209414094668
152570,3,0.0868368361925787
152570,4,-0.04541162566460405
152570,5,-0.04989406524892169
152570,6,-0.0347362687464406
152972,1,0.04313039132047157
152972,2,-0.02439127361109284
152972,3,0.08048442589283593
152972,4,-0.05122151497512737
152972,5,-0.04505005097097087
152972,6,-0.017056366496223954
152992,1,0.046660407946459204
152992,2,-0.032358704113727266
152992,3,0.08306298995542878
152992,4,-0.04241818679073973
152992,5,-0.05782962858699464
152992,6,-0.04573185278461139
153057,1,-6.278105913139799e-4
153057,2,-0.0896047624368794
153057,3,-0.005004881363790079
153057,4,-0.02522029308263058
153057,5,-0.009515737808482708
153057,6,-0.018026602405274355
153267,1,0.06733977903967009
153267,2,0.02595954326365528
153267,3,0.09846664765115094
153267,4,-0.011359665010407891
153267,5,-0.03578161532773996
153267,6,0.00728252136150612
153393,1,0.0713875295145338
153393,2,0.020725328034232937
153393,3,0.09423220711901464
153393,4,-0.002075358218106053
153393,5,-0.03465255181233585
153393,6,0.009954089881260925
153430,1,-0.012027688000176362
153430,2,-0.11468604129653867
153430,3,0.010053224375339306
153430,4,-0.021482285399929763
153430,5,0.018515405790326976
153430,6,0.014748838413898553
153691,1,0.07099193952299641
153691,2,0.023113186412698158
153691,3,0.10436219871697369
153691,4,-0.006294834511913925
153691,5,-0.027863648121462827
153691,6,0.030629579251923424
153856,1,-0.09389763670407841
153856,2,0.04324821814693845
153856,3,0.02281998024496573
153856,4,-0.05713918330731741
153856,5,-0.041433563543713234
153856,6,-0.09581307574865314
154162,1,-0.01078872422311191
154162,2,-0.10458218501061917
154162,3,0.004787779322681951
154162,4,-0.018121794532697598
154162,5,-0.011493223528600901
154162,6,0.008060796072033178
154214,1,0.002181674951744494
154214,2,-0.008620054497707506
154214,3,0.008197256810350263
154214,4,-0.0071460897688109815
154214,5,-0.020695139185334558
154214,6,0.0328511595063554
154241,1,-0.011386066702525928
154241,2,-0.11478989478098893
154241,3,-0.0033764788264417935
154241,4,-0.011691152680969248
154241,5,0.003665323155350986
154241,6,0.005799596196341608
154322,1,0.012866429520124564
154322,2,-0.005041691475474015
154322,3,0.004245784686477268
154322,4,-0.018768776331285267
154322,5,0.03437805679339672
154322,6,0.006756779072690416
154403,1,0.002996693381716308
154403,2,0.00410949919468036
154403,3,0.0053678251773630345
154403,4,0.025677649337937765
154403,5,0.011874123306918283
154403,6,-0.02264950491315013
154584,1,-0.014072145502655677
154584,2,-0.11032918720559298
154584,3,-2.7600225874082306e-4
154584,4,-0.004883738855970928
154584,5,0.00519537308414662
154584,6,0.0021883168214967995
154614,1,0.0683250775308321
154614,2,0.026723233462702587
154614,3,0.09322018040969253
154614,4,-0.020017537199775913
154614,5,-0.026859280631831337
154614,6,0.030523232668747558
154710,1,-0.01183812260192913
154710,2,-0.11740879720099644
154710,3,0.004541262147591539
154710,4,-0.029683022494442005
154710,5,0.010583507690942085
154710,6,-0.01090360667694237
154788,1,-0.0013943767209950088
154788,2,0.013846626877380403
154788,3,0.009933927712646163
154788,4,-0.022219659853361995
154788,5,0.024718684521650863
154788,6,-0.017869631627806866
154809,1,-0.001146461173875068
154809,2,0.0010234928604504682
154809,3,0.003052827681076893
154809,4,0.00884219132401548
154809,5,0.016128594901360215
154809,6,-0.01793551070082984
154837,1,-0.01007706755975525
154837,2,-0.10493869596972168
154837,3,0.011708934232332794
154837,4,-0.006658687479322022
154837,5,0.004847167701387477
154837,6,0.008780941551123366
155378,1,-7.990984576374581e-4
155378,2,-0.002054704238821249
155378,3,0.007546192180419253
155378,4,0.008095895116280566
155378,5,0.019783075935775177
155378,6,-0.018103191717682585
155449,1,0.003132520076009442
155449,2,0.0031099268106940946
155449,3,0.004759976380257221
155449,4,0.014827732405158212
155449,5,0.01190201968094805
155449,6,-0.029123603604799826
155627,1,-0.0018323459564151114
155627,2,-0.005494693178137438
155627,3,0.010245060296346985
155627,4,0.005211979393762766
155627,5,0.018281943334886707
155627,6,0.007343498785496325
155732,1,0.0046582977202927435
155732,2,-0.0019628325554545364
155732,3,0.00220818445046964
155732,4,0.009362402322226819
155732,5,0.011757778688560398
155732,6,-0.013869976448596222
155880,1,7.125762141239309e-4
155880,2,-0.009501885616523882
155880,3,0.012069726108028665
155880,4,-0.0022555270466499884
155880,5,0.01587331327386925
155880,6,0.017305246209696243
155910,1,0.04818732888164347
155910,2,-0.02322687485189319
155910,3,0.08023659866402849
155910,4,-0.04684365238440356
155910,5,-0.04439236004801378
155910,6,-0.015394036286384648
155954,1,0.03159303044679024
155954,2,1.4001596368381423e-4
155954,3,-0.010372508841593048
155954,4,0.024945369447972338
155954,5,-0.046098965657322216
155954,6,0.061170293333115446
155955,1,0.07133780970578034
155955,2,0.021525436636422386
155955,3,0.09856084033620675
155955,4,-0.0014825495576246894
155955,5,-0.041936915871348346
155955,6,0.009574674087496333
156018,1,3.323851916677123e-5
156018,2,-0.0785753602936142
156018,3,-0.004463129467003731
156018,4,0.009423826866595066
156018,5,0.002135179342960698
156018,6,0.06052029578144202
156024,1,-0.0018291936553869936
156024,2,-0.08076693593902276
156024,3,-6.912696293176995e-5
156024,4,0.002166572383270955
156024,5,0.005741261546630138
156024,6,0.07448632559980992
156033,1,0.002087659605324507
156033,2,-0.08401842080603635
156033,3,0.011871699834158846
156033,4,0.01928708283958383
156033,5,0.018935824790254414
156033,6,0.07324400712961922
156142,1,-0.009151749906600514
156142,2,-0.11712792122176
156142,3,0.008843568590952743
156142,4,-3.5986869666300143e-4
156142,5,0.013391005358833469
156142,6,-0.03097089962304536
156165,1,0.06067249767213195
156165,2,-0.009726842904012134
156165,3,0.08085320461283453
156165,4,-0.03973030632806812
156165,5,-0.05781090088633015
156165,6,-0.049934169765476405
156173,1,0.06787507382627073
156173,2,0.016317104219906273
156173,3,0.09815074553527181
156173,4,-4.120694657284766e-4
156173,5,-0.027523881717798383
156173,6,0.03421600332239222
156204,1,-0.017028451603552205
156204,2,-0.11186158353283851
156204,3,-0.002384023013624432
156204,4,-0.017448621875100153
156204,5,0.0027243959991476102
156204,6,0.012704297338473305
156236,1,-6.379245477719457e-4
156236,2,0.0013653399616046123
156236,3,0.01380592462982322
156236,4,-0.01141556523373415
156236,5,-0.004418112006323474
156236,6,-0.003712608417324126
156329,1,0.04776362579213203
156329,2,-0.027578018566673447
156329,3,0.07967232787917836
156329,4,-0.03743656874145036
156329,5,-0.04249075204211985
156329,6,-0.033344343600358886
156330,1,0.047407491235378636
156330,2,-0.023429088448442294
156330,3,0.07177044015010542
156330,4,-0.04958130375700196
156330,5,-0.03508610527858941
156330,6,-0.01725459139558779
156532,1,8.079276307151099e-4
156532,2,0.0016332182993753542
156532,3,0.011325695367741426
156532,4,0.0219178396798244
156532,5,0.003870643067742755
156532,6,-0.020146263740829617
156534,1,0.044350175447752244
156534,2,-0.028572857999029245
156534,3,0.08071956730621418
156534,4,-0.035725958591804496
156534,5,-0.03887871159702671
156534,6,-0.02765924686000836
156652,1,0.07319357468883535
156652,2,0.026137044675170147
156652,3,0.10428805048246206
156652,4,-0.0012308659766278802
156652,5,-0.038546415850595935
156652,6,0.018639350905699677
156656,1,0.04751410818648952
156656,2,-0.028300363593664737
156656,3,0.0687095904959251
156656,4,-0.04689848119615543
156656,5,-0.039949272945339044
156656,6,-0.015437252739534134
156769,1,-0.011451781077002128
156769,2,-0.11430442287357409
156769,3,-0.006647372878137575
156769,4,-0.017458451595888595
156769,5,-0.0034730569416033634
156769,6,0.006299934849059415
156797,1,-0.011099762437357632
156797,2,-0.11312425900162335
156797,3,1.567990795888292e-4
156797,4,-0.01819166829426358
156797,5,-0.0017320378248309243
156797,6,0.02805835168476793
156966,1,2.0982771670931244e-4
156966,2,-0.0041258332713090175
156966,3,0.00529019940881163
156966,4,0.010083866629793799
156966,5,0.015602447073737764
156966,6,0.006347851047302192
157157,1,0.04763622179712813
157157,2,-0.027577265759948434
157157,3,0.07693132300560065
157157,4,-0.04493883820237976
157157,5,-0.04193757660454102
157157,6,-0.019201753058627632
157272,1,0.049953257483609036
157272,2,0.03467236104456571
157272,3,0.04586636763308008
157272,4,0.07734362965404487
157272,5,-0.14968637013922073
157272,6,0.01099945114347129
157746,1,0.0453974273981599
157746,2,-0.023074964676026533
157746,3,0.08115863112741772
157746,4,-0.04549986167887221
157746,5,-0.04014741683548315
157746,6,-0.020526535149733825
157851,1,-0.012227330297696647
157851,2,-0.12252690533546355
157851,3,0.011153913429956646
157851,4,-0.014204725462274597
157851,5,0.012180172524294134
157851,6,-6.0489889359482567e-5
157975,1,-0.017479755158179643
157975,2,-0.11441192631182119
157975,3,0.011972232558359816
157975,4,-0.02111902765323801
157975,5,0.01516650642929193
157975,6,0.013140160310939238
157976,1,0.0427863469464438
157976,2,-0.021485771780763427
157976,3,0.08104575216150735
157976,4,-0.05469516569924684
157976,5,-0.051330289769738906
157976,6,-0.017093363085212424
157984,1,-0.010006563011339918
157984,2,-0.1197103138809185
157984,3,0.0030707728184899597
157984,4,-0.011066268319323513
157984,5,-3.8953323890543185e-4
157984,6,0.02224404756989218
158114,1,0.0486535345086069
158114,2,-0.023715011790002582
158114,3,0.07480446380837714
158114,4,-0.037442617163744314
158114,5,-0.03233779337969098
158114,6,-0.02467294220355825
158315,1,0.06746195943236756
158315,2,0.03135366496772566
158315,3,0.08938231578218961
158315,4,-0.015580986972137539
158315,5,-0.014332149811619762
158315,6,-0.018920400456885703
158390,1,-0.012394966103149153
158390,2,-0.11544912464268536
158390,3,0.002527386650663028
158390,4,-0.016994986708725984
158390,5,0.018989023793595024
158390,6,-0.007205250729373945
158434,1,0.07467109496952665
158434,2,0.021163144565645768
158434,3,0.10275950584502458
158434,4,-0.00798037950524628
158434,5,-0.05109205478091382
158434,6,0.029781888181237472
158495,1,0.04977609180067326
158495,2,-0.029399855933937884
158495,3,0.07406652798420787
158495,4,-0.04894285228480187
158495,5,-0.030811006646602527
158495,6,-0.023544884920326234
158684,1,-0.012932556611741471
158684,2,-0.1110630126719367
158684,3,0.003188272362944378
158684,4,-0.013861142418033962
158684,5,0.0027279138057346853
158684,6,0.009132807984571228
158690,1,-0.017823739250294488
158690,2,-0.11979539466300518
158690,3,0.01380116006686967
158690,4,-0.016260714552690278
158690,5,-2.05015163860609e-4
158690,6,-0.00601785832171951
158744,1,0.005148662325356468
158744,2,-0.0010220174946391596
158744,3,0.007178051768263965
158744,4,0.017437242834295943
158744,5,0.00938430935896584
158744,6,-0.02994084007011201
159097,1,-0.013947873351663661
159097,2,-0.11991770486059211
159097,3,0.011016601926053466
159097,4,-0.012861038557938532
159097,5,0.0011963420271431419
159097,6,-0.006433905033731013
159245,1,-0.015211034507001326
159245,2,-0.11370557050185134
159245,3,0.017436307014278674
159245,4,-0.020227958685085784
159245,5,0.002927897422099764
159245,6,-0.00885918011596063
159289,1,0.07034182241130046
159289,2,0.02640165302475621
159289,3,0.0886311505958813
159289,4,-0.01746511592298113
159289,5,-0.027662960539289135
159289,6,0.014615421132937177
159745,1,-0.011888298513368272
159745,2,-0.11200550601741772
159745,3,0.004792580757566522
159745,4,-0.020881928489096424
159745,5,0.007971453527650585
159745,6,0.0019247589453691883
160207,1,0.004718479552495544
160207,2,0.004053947776783851
160207,3,0.009297861418903675
160207,4,0.02488643723263627
160207,5,0.0029718508803413253
160207,6,-0.014120726901645725
160208,1,0.0482459732331731
160208,2,-0.02540489970685864
160208,3,0.0910693317084239
160208,4,-0.04441911677011754
160208,5,-0.04384926878738048
160208,6,-0.01595237577675384
160216,1,-0.012817813693933259
160216,2,-0.112987363039805
160216,3,0.007988460384524967
160216,4,-0.007259078608970451
160216,5,0.013117246944523724
160216,6,-0.002876787369139674
160533,1,0.0690206829880629
160533,2,0.025937953660063028
160533,3,0.09583110192100076
160533,4,-0.0030145078577353845
160533,5,-0.035977042812925075
160533,6,0.014850883873443688
160551,1,0.04751546563251462
160551,2,-0.02673882800792976
160551,3,0.0794353403367753
160551,4,-0.049016486675553875
160551,5,-0.04532541058387122
160551,6,-0.043788470399377735
161450,1,0.046028238853021354
161450,2,-0.024586175963533158
161450,3,0.0838132956582529
161450,4,-0.042475991509220656
161450,5,-0.029882536960061462
161450,6,-0.02700211456791247
161502,1,-0.01485575705620742
161502,2,-0.10761239498071097
161502,3,0.009158100626196954
161502,4,-0.012613063956138416
161502,5,-0.0028126691522741515
161502,6,0.004450922152336513
161736,1,-0.012125864590793843
161736,2,-0.1069768402749169
161736,3,0.009859242140974521
161736,4,-0.009986245926796906
161736,5,0.022036758030252238
161736,6,0.01968366492319345
162102,1,-0.014276644592436537
162102,2,-0.11140445032235512
162102,3,0.008908737628097636
162102,4,-0.015245021169486492
162102,5,-0.006064117870021421
162102,6,0.006223325154205043
162217,1,-0.015695215323509096
162217,2,-0.11455334837831921
162217,3,0.003125373472500295
162217,4,-0.008072466648402813
162217,5,0.010735756991082484
162217,6,0.009318805603854164
162276,1,0.001943903947889424
162276,2,0.004273831608956163
162276,3,-0.018642944837255506
162276,4,-0.014600523120257084
162276,5,-0.009352136570962196
162276,6,-0.0011495467485079396
162292,1,-0.01694732227666897
162292,2,-0.11468327983406433
162292,3,-0.001874895635840179
162292,4,-0.015944599827062565
162292,5,0.004451420465509083
162292,6,0.006257712110041718
162683,1,0.07025987531931009
162683,2,0.01963187536796129
162683,3,0.09593620327212793
162683,4,-0.024959518410114997
162683,5,-0.03582994462879622
162683,6,0.012949857931426736
162697,1,-0.013774978047039269
162697,2,-0.11312133438168884
162697,3,0.013009320423600309
162697,4,-0.010404322591543974
162697,5,-0.0051308154751939445
162697,6,0.008080678994079419
162810,1,0.004738456693110132
162810,2,-0.0011793329398448464
162810,3,0.0022271262027591353
162810,4,0.023028235880087844
162810,5,6.186823060107254e-5
162810,6,-3.363246616109833e-4
163218,1,6.074613714395932e-4
163218,2,0.009717226300842098
163218,3,0.011685069813670873
163218,4,-0.04286193015740409
163218,5,0.033213536498140454
163218,6,0.005775704841378623
164043,1,2.721679848504503e-4
164043,2,0.006321470420985079
164043,3,0.011994771861692552
164043,4,-0.00879087091410126
164043,5,-0.014195066738734517
164043,6,-0.009579891403336607
164083,1,-0.012024832659457306
164083,2,-0.11194483646587662
164083,3,0.00287258353929867
164083,4,-0.015215584093238354
164083,5,0.007177015243974911
164083,6,-0.0018938897682025456
164340,1,0.07165198491965916
164340,2,0.024421449187736442
164340,3,0.10210840807518777
164340,4,-0.01612516555315322
164340,5,-0.030094311650236426
164340,6,0.015770415706878597
164436,1,-0.013458224750617174
164436,2,-0.11392933030295561
164436,3,0.010922448082375878
164436,4,-0.01406793349102591
164436,5,0.025044789947732408
164436,6,-0.0010362958202186435
164741,1,-0.009240643438559204
164741,2,-0.11604480172968462
164741,3,1.0374003383868985e-4
164741,4,-0.01810986941060699
164741,5,-0.0053059626768627195
164741,6,-0.013285483670153893
164924,1,-0.014587582595264534
164924,2,-0.12109407079638157
164924,3,-0.001081171539575644
164924,4,-0.013199218167224266
164924,5,-0.011277110055176882
164924,6,0.011475540809421291
165124,1,-0.013413417403927623
165124,2,-0.1154605757466881
165124,3,0.008626237106846662
165124,4,-0.008222385452412443
165124,5,-0.0025499996064333725
165124,6,0.013960434504719288
165250,1,0.009754010695677847
165250,2,-0.008958199782941597
165250,3,-0.004135061044567072
165250,4,-0.022280501589230672
165250,5,0.03295595736431633
165250,6,-0.001152523469051882
165479,1,-0.013260329105447463
165479,2,-0.11395049666492073
165479,3,0.005235213908249329
165479,4,-0.028328937514869108
165479,5,0.010340550126785225
165479,6,0.013952312669910724
165802,1,-0.012600206668515631
165802,2,-0.11373854079798396
165802,3,0.012094733476310607
165802,4,-0.012605693272963923
165802,5,0.004756178702435264
165802,6,-0.0018603864225797118
165832,1,-0.021000044288995122
165832,2,0.003989365269362729
165832,3,-0.020519307589274425
165832,4,0.011721768443456211
165832,5,0.010639793462484712
165832,6,0.014266140041766661
165908,1,0.04487257095609545
165908,2,-0.028790064815197473
165908,3,0.08795374550784986
165908,4,-0.04417327976788644
165908,5,-0.05488534564081618
165908,6,-0.014479019687679602
166163,1,-0.009807544792981227
166163,2,-0.11429843807879418
166163,3,0.01077187902314196
166163,4,-0.0074941566687087005
166163,5,0.0033990203016111805
166163,6,0.013366997815039212
166188,1,-0.01530365331098146
166188,2,-0.11935124130077494
166188,3,0.005652745246094455
166188,4,-0.015476302304849811
166188,5,0.013238804197459483
166188,6,5.800295174073546e-4
166310,1,-0.019315732028553072
166310,2,-0.11317618680214915
166310,3,0.009588391200153926
166310,4,-0.005948742173513806
166310,5,0.0018636002785320214
166310,6,0.005563657237165813
166727,1,0.06972231796918833
166727,2,0.026103581772102064
166727,3,0.09969239562254296
166727,4,-0.011980509834505155
166727,5,-0.022989822650871686
166727,6,0.028908938163564053
166824,1,0.07259175493458053
166824,2,0.030003977139543586
166824,3,0.10452637012261251
166824,4,-0.01614596045550785
166824,5,-0.025924204739979965
166824,6,0.018835339530778598
167218,1,-0.01645295532694743
167218,2,-0.11703662404378264
167218,3,0.006638610892384412
167218,4,-0.008443265049074751
167218,5,0.01080194028683953
167218,6,-5.917681576057416e-4
167310,1,0.06782643030875339
167310,2,0.024249022775181588
167310,3,0.10182210427724313
167310,4,-0.009754725957973005
167310,5,-0.02839213202554564
167310,6,0.028070314111434645
167325,1,-0.017071099646248134
167325,2,-0.11549444010147152
167325,3,-0.005109726618757424
167325,4,-0.011760284356206704
167325,5,0.011203328800455943
167325,6,0.0055794814310966435
167431,1,0.04435901830646041
167431,2,-0.019058568282993193
167431,3,0.07401316455418955
167431,4,-0.056166117426510474
167431,5,-0.02747776706531284
167431,6,-0.029083932586992267
167441,1,-0.015875784720888797
167441,2,-0.11782154068287573
167441,3,0.0044851517643650606
167441,4,-0.03163554516703586
167441,5,0.0049116202080983625
167441,6,0.009175627659338116
167455,1,-0.013761087680320225
167455,2,-0.1165842025406409
167455,3,0.011010246420211792
167455,4,-0.018637368041210838
167455,5,-0.001093000507190919
167455,6,0.0020622562804895285
167647,1,-0.01838062116964773
167647,2,-0.118008640044795
167647,3,0.01264110030562417
167647,4,-0.015090048965451821
167647,5,0.015065094348229006
167647,6,0.0024944059970836937
167774,1,-0.011856395218826761
167774,2,-0.11148530907805511
167774,3,0.0010741550111242326
167774,4,-0.011642965121363019
167774,5,0.00464666474251103
167774,6,0.00951699736830589
167833,1,-0.008970849342984845
167833,2,-0.10900100047451458
167833,3,0.005756717070998351
167833,4,-0.01722931073019085
167833,5,0.018497954100550214
167833,6,0.01598282969028795
167900,1,-0.011990797574922548
167900,2,-0.10890667585240252
167900,3,0.008638660739752902
167900,4,-0.019119985239405477
167900,5,0.015219101940389352
167900,6,0.0024769098050912196
168020,1,-0.012681865303161465
168020,2,-0.11387147433127262
168020,3,0.0037675188093875397
168020,4,-0.016812691881998663
168020,5,0.010977248607522035
168020,6,0.014294355733370378
168080,1,0.07230518637296969
168080,2,0.01983043648781492
168080,3,0.10162809534402888
168080,4,-0.008049666950335585
168080,5,-0.03644384007728445
168080,6,0.01938292224450084
168139,1,-0.01157705640043152
168139,2,-0.11639738728702416
168139,3,0.010095037865930155
168139,4,-0.020402145869611577
168139,5,0.013251095099692746
168139,6,0.004466948142461093
168241,1,-0.01344865473026883
168241,2,-0.12319668068344267
168241,3,0.008271790497769896
168241,4,-0.0064681071463686835
168241,5,0.002902768329862494
168241,6,-0.01020121433328473
168466,1,0.06956278872486381
168466,2,0.027128299899644014
168466,3,0.09663348457221209
168466,4,-0.01676994110731865
168466,5,-0.025765167228018335
168466,6,0.013374296143863557
168728,1,0.04658759769621267
168728,2,-0.026460232125917256
168728,3,0.07854375133528026
168728,4,-0.04172166492631349
168728,5,-0.03690195196827335
168728,6,-0.0201103587094181
168781,1,-0.010226874648948354
168781,2,-0.1085538337645103
168781,3,0.00617567208397026
168781,4,-0.005143735293577613
168781,5,0.013847816206250994
168781,6,0.0023314704847640947
169701,1,0.07124347109970888
169701,2,0.01862238000001729
169701,3,0.09796831137467638
169701,4,-0.020724873034624634
169701,5,-0.024214761265004256
169701,6,0.020328180720508716
169995,1,0.046769096430794896
169995,2,-0.028738999791872683
169995,3,0.08707278258223049
169995,4,-0.043055466643950484
169995,5,-0.048138855783053824
169995,6,-0.021497827795397707
170589,1,0.04438836230868417
170589,2,-0.031088725651708244
170589,3,0.08014530466584081
170589,4,-0.03713593954946153
170589,5,-0.03888609341946176
170589,6,-0.022898662732485323
170642,1,0.05019609523727981
170642,2,-0.029766696661595204
170642,3,0.0765924975165888
170642,4,-0.044537148177239444
170642,5,-0.04782434891653411
170642,6,-0.039129724004853664
171189,1,0.07170329928109644
171189,2,0.020956931314572998
171189,3,0.10536568291415692
171189,4,-0.012674198142074869
171189,5,-0.027572836349408037
171189,6,0.017869242193391158
171591,1,0.07271576963976391
171591,2,0.022507326674290784
171591,3,0.09746763352367167
171591,4,-0.014264269451095745
171591,5,-0.039407591921344104
171591,6,0.011678507745079333
171627,1,0.0677916492523284
171627,2,0.02611539351292089
171627,3,0.10814616254098534
171627,4,-0.017468844970570965
171627,5,-0.030109862945695027
171627,6,0.030038867514346156
172518,1,0.03382567854467031
172518,2,-0.024420573708712055
172518,3,0.05925386263447826
172518,4,-0.03249426070638778
172518,5,-0.02170360796353663
172518,6,-0.012833268748283796
172741,1,0.05003595540217847
172741,2,-0.02120921467956307
172741,3,0.077502181720845
172741,4,-0.04329838640595345
172741,5,-0.055479130656199825
172741,6,-0.03466972163104122
172799,1,0.009768422031474086
172799,2,0.005815621123856941
172799,3,0.010662418744124096
172799,4,0.023152540826202033
172799,5,0.009644965456114136
172799,6,-0.028479710715202982
173747,1,-0.0010929303450416608
173747,2,-0.0025065609173650564
173747,3,-0.004229262673870435
173747,4,0.01823805950280979
173747,5,3.315246370178906e-4
173747,6,-0.0020192791705210093
173751,1,0.047739740728511455
173751,2,-0.024686415161405153
173751,3,0.08080377215207715
173751,4,-0.041709861514840595
173751,5,-0.04633761113576321
173751,6,-0.030500755966220646
174069,1,0.044296760949398745
174069,2,-0.024928583650821068
174069,3,0.0873176434148218
174069,4,-0.04854422421727907
174069,5,-0.0426423783170424
174069,6,-0.025282264115625938
174607,1,0.008729018919853693
174607,2,-0.006987107213643904
174607,3,-0.00229164193195082
174607,4,-0.0019802037630435782
174607,5,0.006478331254246045
174607,6,0.018904988744035282
174608,1,0.008227878641512806
174608,2,-9.556524167353023e-4
174608,3,-0.0017584231846810758
174608,4,0.02343897884598135
174608,5,0.019184361716384588
174608,6,-0.017081418629791734
174636,1,0.0035301638661806314
174636,2,-5.608230054180562e-4
174636,3,0.00451639590114151
174636,4,0.013191974484814751
174636,5,0.017849989541704324
174636,6,-0.023530438338648093
174649,1,-0.06007997812092397
174649,2,0.01181824661712976
174649,3,0.016310359197857432
174649,4,-0.05097191491401554
174649,5,-0.02182713343727149
174649,6,-0.11330188842507441
174712,1,0.005136309862023866
174712,2,0.004736699945763361
174712,3,-0.006977830378973594
174712,4,0.014108897719106337
174712,5,-0.010084274088574
174712,6,-0.03183669063114722
175387,1,0.04234359004425819
175387,2,-0.02913612150970043
175387,3,0.08607113524619996
175387,4,-0.05013032288639798
175387,5,-0.041854922290936805
175387,6,-0.023478086220245914
176527,1,-0.008438933230476512
176527,2,-0.06117396516523831
176527,3,-0.009235888775100506
176527,4,6.989413184854905e-4
176527,5,0.03218634155888564
176527,6,0.10320798621491813
176618,1,-0.005269205464445338
176618,2,-0.04420633385176241
176618,3,0.014284593552807182
176618,4,-0.025804231317147343
176618,5,7.067583032236306e-4
176618,6,-0.10740341763110306
176747,1,-0.005187606685468354
176747,2,-0.07210887749926005
176747,3,0.014264091524167685
176747,4,0.02356621813268496
176747,5,4.968804613014623e-4
176747,6,0.07010961550641451
177225,1,-0.07668101344504863
177225,2,-0.04879912938467689
177225,3,0.08488171230731749
177225,4,0.016519078043808418
177225,5,0.05115093383805906
177225,6,0.10311237032181797
177250,1,-0.08888092496303616
177250,2,0.04658190472993492
177250,3,0.07336373512695381
177250,4,-0.006077854860711515
177250,5,0.07076242857240443
177250,6,0.08729129760580565
178062,1,-0.0019219743081497049
178062,2,0.0043498071947359425
178062,3,0.004663282952463232
178062,4,-0.022796215125356324
178062,5,0.0033538109996964728
178062,6,0.058993130010893666
178181,1,-0.0071691727088864865
178181,2,-0.058813619630866225
178181,3,0.023421787465808
178181,4,0.04221354939450292
178181,5,0.0034103254226805417
178181,6,0.049673097111657946
178299,1,-0.008692941858699812
178299,2,-0.0487774281659104
178299,3,0.01767270764335286
178299,4,0.04289412581209939
178299,5,-0.012119216825774465
178299,6,0.05422000412621856
178428,1,-0.00916779054244845
178428,2,-0.11907529369225475
178428,3,0.011897937416875162
178428,4,3.2715625629790445e-4
178428,5,-0.007510853586906378
178428,6,-0.010844892287931607
178729,1,-0.00627756518077905
178729,2,0.001755806441896749
178729,3,0.00677547523754571
178729,4,-0.03134819509173607
178729,5,0.023344802615289973
178729,6,0.10444652194253015
178812,1,-0.08385330849561962
178812,2,-0.04447228874053822
178812,3,0.08164916390462355
178812,4,0.026119070137686915
178812,5,0.06276735311466287
178812,6,0.09521742429270309
178815,1,-0.08619491612686712
178815,2,0.04052858118192975
178815,3,0.0841244162385408
178815,4,-0.003934919521274254
178815,5,0.06352631595354666
178815,6,0.08683121908764138
178856,1,-0.0783658115172853
178856,2,-0.03855941956584317
178856,3,0.0814919805080052
178856,4,0.023957702308769167
178856,5,0.057133693431260714
178856,6,0.0947798928537873
179210,1,0.018533885704519314
179210,2,0.00678855577333615
179210,3,-0.012996968492144817
179210,4,0.008167342239414727
179210,5,-0.007342712011932767
179210,6,-1.417701383963434e-4
179455,1,-0.08037137964801974
179455,2,0.04297229135579141
179455,3,0.07844887662847068
179455,4,-0.007781936855619684
179455,5,0.07204421915748634
179455,6,0.08694128329714321
179562,1,-0.08398324163835329
179562,2,-0.041698633963979985
179562,3,0.08126097695670545
179562,4,0.007560998297043324
179562,5,0.04635655393197905
179562,6,0.08247510495125603
181412,1,0.010541347705467113
181412,2,-0.002066484075242818
181412,3,-0.004697042992961061
181412,4,-0.006304945475491746
181412,5,0.008520604352871754
181412,6,0.029052339755015668
181638,1,-0.08252081742519646
181638,2,0.04517978013224104
181638,3,0.08639354799145664
181638,4,0.004610241669927369
181638,5,0.07009689864587336
181638,6,0.10171257308188178
181720,1,-0.007862543647588432
181720,2,-0.11213132674619337
181720,3,0.010344943188047509
181720,4,0.011841147001329197
181720,5,-0.0064070203704876365
181720,6,-0.01393235527428485
181967,1,-0.07666338288595592
181967,2,-0.037310992131516486
181967,3,0.07894087319675605
181967,4,0.01643418811450354
181967,5,0.05421883172109767
181967,6,0.08910354194437209
182013,1,-0.0819817906477904
182013,2,-0.039980590230122556
182013,3,0.08400217532011303
182013,4,-0.0013494514162146786
182013,5,0.05273760045827026
182013,6,0.09277165296836475
182059,1,-0.07987539772836273
182059,2,-0.044115656605979964
182059,3,0.08216885827381443
182059,4,0.01482350210431446
182059,5,0.05369010730292164
182059,6,0.08860541960298786
182084,1,0.002449938353360886
182084,2,-0.05184516651724612
182084,3,-0.01114434004115693
182084,4,-0.02846064848009462
182084,5,-0.015305719910734126
182084,6,-0.06533576880692767
182288,1,-0.005795530611427249
182288,2,-0.05724082654333336
182288,3,0.029835131513307116
182288,4,0.04793070475494011
182288,5,0.006876598499184086
182288,6,0.048669673930241165
183222,1,-0.08421453789980587
183222,2,0.04548206006165557
183222,3,0.07710468243407817
183222,4,-0.006992658782360119
183222,5,0.07030011961501978
183222,6,0.08475143022691047
184221,1,-0.07880712030985265
184221,2,-0.044209956821995945
184221,3,0.08871404289287121
184221,4,0.01136233127531628
184221,5,0.05327971869723129
184221,6,0.08937244025009397
184243,1,-0.08485517357715046
184243,2,0.03983005569468617
184243,3,0.07465267745476037
184243,4,0.024944396567999936
184243,5,0.038557010265530975
184243,6,-0.00706442920762521
184420,1,-0.00780119918794124
184420,2,-0.11393747977431497
184420,3,0.013358552157268423
184420,4,0.016593957183793057
184420,5,0.010872564125477104
184420,6,-0.026710703949345594
184488,1,-0.08185428104231468
184488,2,0.041010916976303005
184488,3,0.07896781989113305
184488,4,-0.005522963095750169
184488,5,0.06187856042138706
184488,6,0.10655647692395828
184731,1,-0.0875464010627461
184731,2,0.04513349893056612
184731,3,0.07374399715803794
184731,4,-0.011439825618134622
184731,5,0.07539719685047265
184731,6,0.08903272671773271
184863,1,-0.020204001628045944
184863,2,0.008870684735330913
184863,3,-0.01062081804835304
184863,4,0.019006445639444258
184863,5,0.009769270840720892
184863,6,-0.016575044741301875
184956,1,-0.0022445973997245075
184956,2,-0.10025837910862448
184956,3,0.004037057479985546
184956,4,0.00638021865043797
184956,5,0.004495420192696033
184956,6,-0.008912552579480265
185285,1,-0.007931100711173237
185285,2,-0.049335401814835436
185285,3,0.022895297857668268
185285,4,0.03623312171494411
185285,5,0.0062746381606813536
185285,6,0.06162336639240615
185926,1,-0.08331799217571796
185926,2,0.04838345741405297
185926,3,0.07523398192691456
185926,4,0.00403650676554431
185926,5,0.06554335754838805
185926,6,0.10192003374771726
186405,1,-0.07785268469599821
186405,2,-0.04037030101613137
186405,3,0.08078521315819918
186405,4,0.017110149463119274
186405,5,0.05139150532044339
186405,6,0.09832467327647366
186917,1,0.009499289273219807
186917,2,-0.004664832201508325
186917,3,-0.0010900623470679203
186917,4,-0.01732945684710942
186917,5,0.03081904893685238
186917,6,-0.01225205832150055
187087,1,-0.012953218660498941
187087,2,-0.120110995535822
187087,3,0.02099142791699295
187087,4,-0.007248319797525398
187087,5,0.00950807837534943
187087,6,-0.02525805244604005
188030,1,-0.07979361172184504
188030,2,0.006277988372583263
188030,3,0.09945437028452868
188030,4,0.049724842545980176
188030,5,0.07639024310543382
188030,6,0.11768752948110882
188107,1,-0.006958819198561673
188107,2,-0.048068284667138486
188107,3,0.022186572998095472
188107,4,0.04939749212561114
188107,5,0.0076684287574071575
188107,6,0.029509756390157325
188318,1,0.0030328630020599796
188318,2,-0.05423980986422723
188318,3,0.0180184634948218
188318,4,0.07037761907624338
188318,5,0.00853525573845891
188318,6,0.03543697455481751
188437,1,0.008094066368767748
188437,2,0.0022423088707853437
188437,3,-0.010906761031986461
188437,4,-0.004728905470357684
188437,5,-0.006306847231815562
188437,6,0.004723790217434319
191101,1,-0.003495604617683338
191101,2,-0.053493538140492417
191101,3,0.02861072379018638
191101,4,0.06243914199256378
191101,5,0.01132869633210469
191101,6,0.012180080094469263
191797,1,-0.07908138629177719
191797,2,0.04916876825118299
191797,3,0.07875485381758218
191797,4,0.010006847886546683
191797,5,0.0601716568499079
191797,6,0.08402239981692156
191809,1,-0.08332184871589401
191809,2,0.039844398048180824
191809,3,0.07384764651182937
191809,4,0.007661903870230861
191809,5,0.07482706438253368
191809,6,0.08184860381661405
192069,1,-0.08429148366444952
192069,2,0.04530455609029147
192069,3,0.07932566857429874
192069,4,0.009495911533820052
192069,5,0.05035890763565146
192069,6,0.07943980065036067
192769,1,0.01058721398338673
192769,2,0.003271330378732202
192769,3,0.0023311092547989693
192769,4,0.008858583674368238
192769,5,-0.008095812288918479
192769,6,0.004813488931658091
193321,1,-0.006038152784322108
193321,2,-0.05840185415188852
193321,3,0.0276551427773172
193321,4,0.05249574626166945
193321,5,0.007034338450759998
193321,6,0.0201035555570323
193761,1,0.001735821892353667
193761,2,-0.08037700878223247
193761,3,0.026814939960805365
193761,4,0.05576456620649123
193761,5,-0.025983155592463118
193761,6,-0.11253624062632007
193767,1,0.005397575899217255
193767,2,-0.07527647174146423
193767,3,0.03797074935764025
193767,4,0.06960291389863978
193767,5,-0.023323356262050336
193767,6,-0.10859765352301244
193832,1,0.010728507329202698
193832,2,0.011135857747281512
193832,3,0.019867545386862192
193832,4,0.07001232295435171
193832,5,-0.011536717935786131
193832,6,-0.0710532298698783
193837,1,0.011614507370585055
193837,2,0.008628749322681359
193837,3,0.01596622876031815
193837,4,0.0603336286643383
193837,5,-0.020346216733969198
193837,6,-0.052367950168101994
193864,1,-0.005564088748164612
193864,2,-0.04075140821549131
193864,3,-0.006236103165094475
193864,4,-0.04747683204829238
193864,5,0.021273780696139857
193864,6,-0.07856773601269663
193885,1,0.008898931344910948
193885,2,-0.028981565762525446
193885,3,0.017397711500626512
193885,4,0.07003684141450102
193885,5,-0.008108579144979384
193885,6,-0.18296259756124658
194282,1,-0.004724415975507428
194282,2,0.0012607693210432954
194282,3,3.3732536092520257e-4
194282,4,-0.028019508025697398
194282,5,0.014857347551446272
194282,6,0.11145081249033907
194290,1,-0.062570775033236
194290,2,0.009258546236365848
194290,3,0.10048760454815772
194290,4,0.1570677128857468
194290,5,0.03394933107381714
194290,6,-0.037471173570244515
194527,1,-0.06036175189606728
194527,2,0.006793258769672447
194527,3,0.10549616424663831
194527,4,0.15539091617725753
194527,5,0.02580089732689177
194527,6,-0.04184260139771383
195085,1,-0.06250080225239911
195085,2,0.00901311549745807
195085,3,0.10531618692269111
195085,4,0.17005308320448168
195085,5,0.03571117653687378
195085,6,-0.0402508237411038
195102,1,-0.06084661156058482
195102,2,0.008606036844779934
195102,3,0.09335692661485458
195102,4,0.15957445590186387
195102,5,0.03866482465668403
195102,6,-0.06851829598114013
195465,1,-0.05815767833439486
195465,2,0.008703238854749582
195465,3,0.09156976463761371
195465,4,0.1626193219074744
195465,5,0.03355392402707958
195465,6,-0.028573897358673
195520,1,-0.05789038477555283
195520,2,0.012674581809869885
195520,3,0.09825349677148545
195520,4,0.16312209503029287
195520,5,0.026200815388581784
195520,6,-0.048006007479965855
195672,1,-0.011712613628739241
195672,2,-3.995608834216048e-4
195672,3,0.0033359961100967706
195672,4,-0.024473485526508038
195672,5,0.017318388619073463
195672,6,0.10925990198009741
195696,1,-0.0674609372610932
195696,2,-0.014341040937716288
195696,3,0.09712823026321041
195696,4,0.10073623021041152
195696,5,0.03933431188416232
195696,6,-0.026288699664245865
196604,1,-0.06403458363949162
196604,2,0.006814749380160734
196604,3,0.09276004406034144
196604,4,0.16115390823747897
196604,5,0.021857674542234817
196604,6,-0.03883878667731043
198397,1,-0.004228916333744449
198397,2,0.004709359078120256
198397,3,-0.0014174665619085063
198397,4,-0.02614089241439903
198397,5,0.02389505859284627
198397,6,0.1096026970573227
198981,1,-0.009729566266162285
198981,2,-0.035709435291769814
198981,3,0.023747453231853847
198981,4,0.013146265894678424
198981,5,0.03964887969891892
198981,6,0.02088735964426412
200142,1,-0.06690983830328971
200142,2,-0.027203686209588157
200142,3,0.08428090847843839
200142,4,0.1143671785200627
200142,5,0.0178172124584911
200142,6,-0.10142969645857147
200755,1,-0.008153068364256428
200755,2,-0.01706443942260048
200755,3,-0.005653761112082466
200755,4,-0.02022013419169488
200755,5,-0.008315522730086802
200755,6,-0.002698127360422065
204830,1,-0.06545564925673245
204830,2,-0.02190059402361812
204830,3,0.0905311781373916
204830,4,0.14052410341770494
204830,5,0.00472362549515067
204830,6,-0.10065698513955365
205882,1,-0.0015250959900422877
205882,2,-0.03890454843140514
205882,3,-0.008122023444951878
205882,4,-0.047262630059695186
205882,5,0.0038312377089865677
205882,6,-0.08841428916687155
206402,1,-0.06372325800607993
206402,2,-0.016895989917102328
206402,3,0.08932568414468003
206402,4,0.13067623895652436
206402,5,0.010086820702534543
206402,6,-0.0977722789326934
207416,1,-0.0687356760194232
207416,2,-0.01898028111889294
207416,3,0.0883989421690327
207416,4,0.1298531743406114
207416,5,0.004803634523891606
207416,6,-0.09782242960576212
207889,1,-0.057752106128956315
207889,2,0.0032459691376828526
207889,3,0.0939428655544023
207889,4,0.1689238423987326
207889,5,0.036863200921441144
207889,6,-0.04428200748465388
207903,1,-0.0025892694000315595
207903,2,3.140018673364314e-4
207903,3,-0.002093798428308168
207903,4,-0.022815123626934494
207903,5,0.023637041748841355
207903,6,0.09845210227586626
208168,1,-0.06433251241838475
208168,2,-0.015117581302059428
208168,3,0.09119414476147397
208168,4,0.10400679338815608
208168,5,0.039003269833752914
208168,6,-0.0066139097339319225
208344,1,0.015183875437608766
208344,2,-0.00222148227961457
208344,3,-0.013160387063108151
208344,4,-0.01676568005960292
208344,5,0.007870381247462265
208344,6,-0.006742925907208645
208345,1,-0.06261622908830668
208345,2,0.028645233938268497
208345,3,0.08873632059863737
208345,4,0.13858247876372662
208345,5,0.02787040900666787
208345,6,-0.07528343510374501
208550,1,-0.007483033205121836
208550,2,0.0028769451976511915
208550,3,0.006372447877963845
208550,4,-0.022786974200590056
208550,5,0.00970451069451669
208550,6,0.09098573070088664
208685,1,-0.008225138770131002
208685,2,0.003722597553839794
208685,3,0.00653133017625193
208685,4,-0.028989764618914497
208685,5,0.021785154389845504
208685,6,0.09926521999882744
209404,1,-0.00808881071170101
209404,2,-0.03634843726278815
209404,3,-0.0015407000042522525
209404,4,-0.03971143617797933
209404,5,0.011837693843554136
209404,6,-0.08092567579147487
209462,1,0.007918798090503651
209462,2,-0.004406374739478138
209462,3,0.011224297897322792
209462,4,-0.029735527060194052
209462,5,0.016862806280808537
209462,6,-0.015193746673539388
209676,1,-0.00946462477815762
209676,2,-0.04089073166908839
209676,3,-0.0033756529207381626
209676,4,-0.031397041510340166
209676,5,-5.15491364604593e-4
209676,6,-0.08519638014687933
209851,1,-0.004603064954177945
209851,2,0.002130296897585416
209851,3,-0.001520797101631347
209851,4,-0.027455470272134023
209851,5,0.019049497713697374
209851,6,0.09103689325805997
210061,1,-0.060492905276781486
210061,2,0.011322623329600856
210061,3,0.10412357228852634
210061,4,0.16016639390156254
210061,5,0.029369871467425448
210061,6,-0.05144123728086603
210306,1,-0.011547152576133054
210306,2,-0.005741825839915182
210306,3,0.009420560034501728
210306,4,-0.02817314585530508
210306,5,0.04135236888144395
210306,6,0.11364628859628896
210539,1,-0.004337127875202136
210539,2,-0.0018630895960147567
210539,3,-0.002914113958190561
210539,4,-0.010162525784296111
210539,5,0.024546539642669486
210539,6,0.10939784131121488
210634,1,-0.005943339875614049
210634,2,0.005500061283180285
210634,3,-0.002750125215757565
210634,4,-0.03364714973213118
210634,5,0.02770657474396235
210634,6,0.10953975857541438
210759,1,-0.004643209212890195
210759,2,-0.04236562426076787
210759,3,0.001805706411247186
210759,4,-0.04675051086952009
210759,5,-0.0057409588060092455
210759,6,-0.08775917696408878
210875,1,-0.06263184642617334
210875,2,0.017890579817906413
210875,3,0.09531189051716436
210875,4,0.1559557890222027
210875,5,0.006359055148330685
210875,6,-0.042525063353769196
210914,1,-0.007420996345539398
210914,2,0.0011835356646350452
210914,3,7.118576519543101e-4
210914,4,-0.025511122523933023
210914,5,0.013936699832418959
210914,6,0.09836302687428934
210995,1,-0.0039996073573580785
210995,2,0.004534687037256799
210995,3,-0.0025872373208696616
210995,4,-0.02792981852174624
210995,5,0.010109524126221228
210995,6,0.0955265537902553
211155,1,-0.01205647067641078
211155,2,0.003933453043507562
211155,3,0.0036571627594229644
211155,4,-0.03049142028062449
211155,5,0.02490909005523403
211155,6,0.11231553058058787
211431,1,-0.012097000340392825
211431,2,-0.0012141836710639286
211431,3,9.554802926806294e-4
211431,4,-0.01659016714454539
211431,5,0.029042341314789485
211431,6,0.12449027836906654
211509,1,-0.07038708250505986
211509,2,-0.01712188122115071
211509,3,0.09007764896587081
211509,4,0.13417286954393198
211509,5,-0.011408397513504453
211509,6,-0.077604375298945
211711,1,-0.06552238892523196
211711,2,-0.011086566990702333
211711,3,0.09223612361713729
211711,4,0.13016426589837726
211711,5,0.005251941797049379
211711,6,-0.08991124308859808
211959,1,-0.06371343471485318
211959,2,0.01143471832571814
211959,3,0.08994459511542974
211959,4,0.16557886375508565
211959,5,0.009744759331143575
211959,6,-0.03885343643900482
212137,1,-0.005229531724367216
212137,2,-0.040542419548861876
212137,3,-0.008860744391077353
212137,4,-0.038791396498844236
212137,5,0.0024137451376681413
212137,6,-0.09807595436359076
212351,1,-0.046971361855932
212351,2,-0.005083293586756866
212351,3,0.07198669540278413
212351,4,0.06410444510712984
212351,5,0.029831656211847423
212351,6,-0.013642310068849096
212528,1,-0.004663931528826328
212528,2,-0.0022612706208731763
212528,3,0.0023610870307109585
212528,4,-0.043669024436210346
212528,5,0.026509634594706677
212528,6,0.14017303765504183
212539,1,0.04395832025944043
212539,2,0.020778062693473317
212539,3,0.05602052263885193
212539,4,-0.03655584103580088
212539,5,-0.049063528112796954
212539,6,0.06915978252886709
212543,1,-0.02423721178665366
212543,2,0.007938489988513712
212543,3,-0.02910645887981552
212543,4,-0.01885393597247787
212543,5,0.034658587786506635
212543,6,0.12377379523951436
212648,1,-8.097902717061155e-4
212648,2,-0.018861576197557635
212648,3,-0.004707009507132214
212648,4,-0.003277746045478704
212648,5,0.0024328575657071114
212648,6,0.029322904597432982
212650,1,-0.01379428125966906
212650,2,0.006203086590979415
212650,3,-0.011133000095385254
212650,4,-0.01364625086464865
212650,5,0.04339564800642185
212650,6,0.12076054873615998
