SNP_ID,PC,loading
133433,1,-0.06759544667568754
133433,2,-0.04769517430165632
133433,3,-0.007737748027911144
133433,4,-0.010545632422470676
133433,5,0.05996628445651239
133433,6,-0.06675107503872298
133900,1,-0.07848311282721954
133900,2,-0.05904889100015673
133900,3,-0.0022652095216976432
133900,4,-0.006081257184748524
133900,5,0.04918617453746837
133900,6,-0.053426992981626634
134017,1,0.051991780080119045
134017,2,0.021739159882885876
134017,3,0.06337542346639795
134017,4,-0.023054148832019013
134017,5,0.0020380983531810976
134017,6,-0.011819513353291674
134196,1,-0.07651662551768322
134196,2,-0.062387964259326495
134196,3,-0.01029345439401747
134196,4,-0.005238721180591212
134196,5,0.0590972421230495
134196,6,-0.0478218163273925
134281,1,-0.0015544062486477993
134281,2,2.332244624096809e-4
134281,3,0.005240105099168241
134281,4,-0.017525307969167625
134281,5,-0.009199467687377543
134281,6,-0.018071610494886526
134349,1,0.00420527654167247
134349,2,-9.954567375867044e-4
134349,3,0.01329860325833503
134349,4,-0.0018619030488538852
134349,5,-0.01188040515053455
134349,6,0.008905554304749983
134400,1,-0.08517790256768164
134400,2,0.012884291223882242
134400,3,-0.016634037011404756
134400,4,-0.009836891530565777
134400,5,0.11911544492839601
134400,6,-0.019083831376662495
134539,1,-0.0899579579196862
134539,2,0.02326676285503928
134539,3,-0.004866265439685722
134539,4,-0.008241619197979394
134539,5,0.11032527827758463
134539,6,-0.0317501988943762
135725,1,0.0017222123839955653
135725,2,0.001033536308257191
135725,3,0.009143416991589486
135725,4,0.007270406328216065
135725,5,-0.02100269260726475
135725,6,0.0017541568743469742
136025,1,-0.09480367653879473
136025,2,0.019162707347796095
136025,3,-0.008181527364744439
136025,4,-0.0012581101962928895
136025,5,0.0933950748831046
136025,6,-0.021876826886780606
136374,1,-0.09389933892168335
136374,2,0.011361482076481645
136374,3,-0.003251151955898442
136374,4,-0.0214086350154387
136374,5,0.11167668730029558
136374,6,-0.0024232799736650674
136454,1,-0.09186937917571372
136454,2,0.0165630273453287
136454,3,-0.014090707090806768
136454,4,-0.015993093798374422
136454,5,0.10562149064230648
136454,6,-0.012931176054033747
136461,1,-0.0011620180303093305
136461,2,-0.10954242174143554
136461,3,-0.0054600425111008995
136461,4,-0.0013272366053205156
136461,5,-0.0037970774149495247
136461,6,-0.0369067663897022
136568,1,-0.0017672699584784719
136568,2,-0.004237121475994761
136568,3,0.010370124046626053
136568,4,0.004687156524915047
136568,5,-0.01691832713504686
136568,6,0.01165277838035223
136721,1,-0.09321486662989051
136721,2,0.013117407319014243
136721,3,-0.01358022534733504
136721,4,-0.008897966685010543
136721,5,0.10628425169442075
136721,6,-0.01117208816837812
136983,1,-1.1391608822472588e-4
136983,2,-0.00546151206158809
136983,3,7.649753525574688e-4
136983,4,-0.01106976011916277
136983,5,-0.01312131382341271
136983,6,0.006035763669991132
137114,1,-0.09241660033778629
137114,2,0.013924989953949392
137114,3,-0.007882023536222667
137114,4,-0.013612996950113407
137114,5,0.11280653331677275
137114,6,-0.02102528207939533
137127,1,0.03520013576438949
137127,2,-0.019663123292758176
137127,3,0.04969808776983504
137127,4,-0.030699744548303827
137127,5,0.04257494273771796
137127,6,-0.015494993213253842
137293,1,-0.0019957736063571097
137293,2,-3.7610887970043695e-4
137293,3,0.007271520527137761
137293,4,0.009263806240105978
137293,5,-0.018215153330599337
137293,6,0.006136693601138436
137310,1,-0.0952205714816173
137310,2,0.012388858749323625
137310,3,-0.007942049655342369
137310,4,-0.006565854367288983
137310,5,0.11453943028539183
137310,6,-0.009265127373691612
137454,1,-0.09593336518938603
137454,2,0.011033755629718546
137454,3,-0.004124770776595674
137454,4,-0.009330757536173089
137454,5,0.11037658362869886
137454,6,-0.01993765299144407
137674,1,0.051614839769611044
137674,2,0.022649623347550513
137674,3,0.06451472623540014
137674,4,-0.021057188479001034
137674,5,0.0015565305934513477
137674,6,-0.01787184500114713
137900,1,-0.09386347831144123
137900,2,0.012217356240150296
137900,3,-0.006372940237191928
137900,4,-0.008713347664042682
137900,5,0.10816942748806242
137900,6,-0.02339397225636884
138125,1,-0.09507026753807588
138125,2,0.007002268631782938
138125,3,-0.006027883792153167
138125,4,-0.021151994973057454
138125,5,0.11397501637230902
138125,6,-0.013491179778365824
138148,1,-0.09346758187891739
138148,2,0.008586357364979584
138148,3,-0.006749248228990675
138148,4,-0.017197680525602478
138148,5,0.12009763302842781
138148,6,-0.014071902519735177
138460,1,-0.09597835279044059
138460,2,0.014678559420787256
138460,3,-0.008343040074161805
138460,4,-0.01272160862331932
138460,5,0.11264557283466381
138460,6,-0.01853241712104427
138555,1,-0.09236741374560524
138555,2,0.018508242754993312
138555,3,-0.010254500217129599
138555,4,-0.02224310545423755
138555,5,0.11705062842343605
138555,6,-0.04037805949746293
138601,1,0.02627349712183941
138601,2,-0.018639007598988414
138601,3,0.04807246586840935
138601,4,-0.014366819453827766
138601,5,0.04042386018025742
138601,6,-0.0242894217212806
138603,1,0.027891421100954102
138603,2,-0.009353519914722712
138603,3,0.042583998832581696
138603,4,-0.016419613321456587
138603,5,0.04059170267242261
138603,6,-0.014220863217403613
138620,1,-0.09596985462837648
138620,2,0.019806394391350613
138620,3,-0.007414219676354016
138620,4,-0.012799560837516807
138620,5,0.12605173689218735
138620,6,-0.0037634646316845994
139154,1,-0.09207223768689485
139154,2,0.01708405255705427
139154,3,-0.007936367606603385
139154,4,-0.019378260741614042
139154,5,0.10603204891259999
139154,6,-0.02549907703616429
139173,1,-0.09013086796624258
139173,2,0.015297507508143902
139173,3,-0.0030885025066786365
139173,4,-0.007357555084071539
139173,5,0.10663503880524196
139173,6,-0.009322588467703785
139362,1,0.03472491091854147
139362,2,-0.015021307306713748
139362,3,0.04722853358943386
139362,4,-0.024755885596543774
139362,5,0.049261484382950034
139362,6,-0.028731745555279287
139409,1,-0.09269970351965937
139409,2,0.009198365352066253
139409,3,-0.014408908304301683
139409,4,-0.011125429027796327
139409,5,0.09971286802062278
139409,6,-0.023182878793954403
139456,1,-0.0956027162267416
139456,2,0.010733886328551535
139456,3,-0.010491399202786023
139456,4,-0.01711467606275526
139456,5,0.10174872992838624
139456,6,-0.01475008758225586
139576,1,-0.09253947657180973
139576,2,0.009600667202127664
139576,3,-0.004188219923295333
139576,4,-0.01227363362175712
139576,5,0.11399297931193364
139576,6,-0.027917005926582795
139741,1,-0.05107277515372661
139741,2,-7.698933222544023e-4
139741,3,0.01303402050908672
139741,4,0.04708045815222522
139741,5,0.07619017954718438
139741,6,0.01622153771396872
139841,1,0.03360196384193389
139841,2,-0.020776057791770317
139841,3,0.04484925926075326
139841,4,-0.030284514574849174
139841,5,0.048699455653345367
139841,6,-0.0208386775940033
140086,1,0.053779544882149165
140086,2,0.020894984265962088
140086,3,0.062347211039073855
140086,4,-0.03457247251636969
140086,5,-0.0016604031952340236
140086,6,-0.023693390975161575
140171,1,-0.09479547010508006
140171,2,0.015790422302060993
140171,3,-0.007839112777153299
140171,4,-0.012539354318856163
140171,5,0.12340136889058975
140171,6,-0.037696901772734236
140280,1,0.039321877755749676
140280,2,-0.01833938640160187
140280,3,0.04143447205479407
140280,4,-0.033626556068117305
140280,5,0.05260972184430931
140280,6,-0.010211380417858074
140505,1,-0.09394385374653391
140505,2,0.016762322028331833
140505,3,-0.004063550847885562
140505,4,-0.011526429048311564
140505,5,0.10689289704757438
140505,6,-0.021956369744651955
140506,1,-0.09628919334781295
140506,2,0.016653325066337446
140506,3,-0.01303190613349468
140506,4,-0.006029914154030432
140506,5,0.11174408149497908
140506,6,-0.01702793363095426
140695,1,-0.09551064061768129
140695,2,0.01758192692764487
140695,3,-0.008302869506702417
140695,4,-0.012381377572149044
140695,5,0.11381455279239829
140695,6,-0.020983798681081113
140853,1,-0.09526597945513497
140853,2,0.01245876258332312
140853,3,-7.217609540201455e-4
140853,4,-0.006307422110521619
140853,5,0.10570381967727809
140853,6,-0.008937079018285455
140909,1,-0.0036888414111394467
140909,2,-0.03087799008566838
140909,3,0.003941031855839222
140909,4,-0.020012869719532325
140909,5,-0.03634468043717407
140909,6,-0.07400695254651501
141769,1,-0.09704245260287554
141769,2,0.016580715271982967
141769,3,4.3492989957125296e-4
141769,4,-0.011872912385976627
141769,5,0.10811142454677845
141769,6,-0.027750136391706558
143495,1,-0.09402646837266358
143495,2,0.013562991562120073
143495,3,-0.008814723853597778
143495,4,-0.022225923990200385
143495,5,0.10456881811979529
143495,6,-0.01469210006648103
143723,1,-0.09044546257960727
143723,2,0.018007083918985575
143723,3,-0.013872931579238102
143723,4,-0.00969463152865538
143723,5,0.10516594831454697
143723,6,-0.018019789972933496
143754,1,-0.09583601092692634
143754,2,0.015118441075810509
143754,3,0.00107524358933043
143754,4,-0.02087875315674853
143754,5,0.10588836814247787
143754,6,-0.02002270603499819
144050,1,-7.890588424829152e-4
144050,2,-0.1009594754214088
144050,3,-0.013440277843082136
144050,4,-0.0010993723163615285
144050,5,0.0050334622386085884
144050,6,-0.03356828828793236
144382,1,0.04869295841368254
144382,2,0.021763005904349035
144382,3,0.060612806405548336
144382,4,-0.022734856820413766
144382,5,5.625101064818774e-4
144382,6,-0.0026850871905068577
144460,1,0.005365967630906826
144460,2,0.011060971069040013
144460,3,-0.009142226439636515
144460,4,0.011478112288199654
144460,5,0.011695673211775563
144460,6,-0.014511386108930553
144535,1,0.05399143894579374
144535,2,0.02295896655938884
144535,3,0.08109838778064446
144535,4,-0.054094850086316267
144535,5,6.549825101384014e-4
144535,6,0.028998697004683955
144560,1,0.05281786638137541
144560,2,0.02512936564875006
144560,3,0.08296895752071913
144560,4,-0.05680613117300051
144560,5,0.00417460270304923
144560,6,0.038714484427370396
144570,1,0.041550789703192974
144570,2,-0.024656662318736398
144570,3,0.0543759882668714
144570,4,-0.057801891911356304
144570,5,0.033555579842938166
144570,6,0.0013983323233824254
144899,1,0.04000755136363073
144899,2,-0.02367653006521825
144899,3,0.0622416330469576
144899,4,-0.051564515248378816
144899,5,0.04527908278380423
144899,6,0.007007949644551004
145413,1,0.04352628860744243
145413,2,-0.025885110381176
145413,3,0.05507849937256088
145413,4,-0.05213365189270139
145413,5,0.040017535112641896
145413,6,0.01582788802548392
145853,1,-0.09473107905130274
145853,2,0.011687997316365694
145853,3,-0.008378908481534823
145853,4,-0.014374360400477933
145853,5,0.10486409485890226
145853,6,-0.033734479676800315
146951,1,-0.09654904940919957
146951,2,0.011434971334739584
146951,3,-0.008904656235496454
146951,4,-0.013585825814585175
146951,5,0.10220907516920177
146951,6,-0.012505837004511296
146995,1,0.042452379076672556
146995,2,-0.022245009752391885
146995,3,0.05895876824890965
146995,4,-0.05926391095679496
146995,5,0.04514200382131709
146995,6,0.01057845407410866
147093,1,-9.117477298442812e-4
147093,2,-0.10750927891785703
147093,3,-0.021905020838437372
147093,4,2.770959707044875e-4
147093,5,-0.00139796793990726
147093,6,-0.016479793263920402
147486,1,-0.002133761272569824
147486,2,-0.11635171667182623
147486,3,-0.02053637926657515
147486,4,0.010842495790799433
147486,5,-4.571092899309984e-4
147486,6,-0.030158904115872177
147497,1,-0.09673149764126575
147497,2,0.015949031003278574
147497,3,-0.007706605920030736
147497,4,-0.011692312787171203
147497,5,0.11166037565729943
147497,6,-0.023461185732576703
147685,1,-0.09205579755422348
147685,2,0.010325954792770762
147685,3,-0.00978510695637883
147685,4,-0.010284875141988677
147685,5,0.10825170779407187
147685,6,-0.01985465755564364
147809,1,0.003999200239773177
147809,2,-0.01019330905339731
147809,3,-0.012505534407683224
147809,4,-0.0018788202347584792
147809,5,0.006857659087535589
147809,6,-0.017733432542300524
147915,1,-0.09065502473613668
147915,2,0.009198951618619425
147915,3,-0.013669219289451034
147915,4,-0.013037743139516741
147915,5,0.1033339522259473
147915,6,-0.03115308646492
147917,1,-0.09559529870988027
147917,2,0.015990418809365657
147917,3,-0.013489065430077149
147917,4,-0.015684349524126274
147917,5,0.10097175868139452
147917,6,-0.016770171597164325
148703,1,-0.09102375919455144
148703,2,0.009925515579035133
148703,3,-0.006847078182428174
148703,4,-0.016378200539276105
148703,5,0.09609511959072867
148703,6,-0.041329312841039474
149381,1,-0.0016395826353429546
149381,2,0.0027134574746364914
149381,3,0.004389118311228372
149381,4,-0.005504106464690511
149381,5,-0.022863529304437347
149381,6,0.012612296165380715
149407,1,0.041947657693333924
149407,2,-0.025671550170349344
149407,3,0.05857601570581613
149407,4,-0.055965777903560734
149407,5,0.04811723945534767
149407,6,5.281478135344954e-4
149599,1,-0.0016709617295683102
149599,2,0.0015564792946487541
149599,3,0.007093578242599488
149599,4,-0.004807426667527637
149599,5,-0.011679775375523517
149599,6,-0.005529837032523038
149913,1,0.004183090535716673
149913,2,-0.11431909949922862
149913,3,-0.021542790383028067
149913,4,-7.877842480751569e-4
149913,5,-0.010462517552333577
149913,6,-0.017894341611862114
149975,1,0.039792508681773205
149975,2,-0.02327549243352837
149975,3,0.06060871655335746
149975,4,-0.06158557889015469
149975,5,0.038487342551846195
149975,6,0.007498608320325748
150262,1,6.389920275674456e-4
150262,2,0.003808822433040727
150262,3,0.017005745090514914
150262,4,-0.0032234731249062374
150262,5,-0.0019250635135569948
150262,6,0.013935827013584066
151330,1,0.040223546402930827
151330,2,-0.023989988409660067
151330,3,0.052701954624094896
151330,4,-0.05186765621294522
151330,5,0.047275171848586095
151330,6,8.048649902884131e-4
151677,1,0.0032696646271409896
151677,2,-0.005119747379889765
151677,3,0.011635738172213337
151677,4,0.001215187395805227
151677,5,-0.018553556382962997
151677,6,7.920422032692925e-4
152358,1,0.005854718971003362
152358,2,0.010393055339794028
152358,3,-0.013587838982294036
152358,4,0.03188579428588245
152358,5,4.825377360531032e-5
152358,6,-0.03124098489972333
152533,1,0.04067186265317371
152533,2,-0.02263372079338825
152533,3,0.06164110901664532
152533,4,-0.050547431170093436
152533,5,0.0365132211902298
152533,6,0.002884207709122841
152570,1,0.045733671052351564
152570,2,-0.016558655197375476
152570,3,0.05468387130821512
152570,4,-0.053348780354729605
152570,5,0.02887217681547591
152570,6,0.0017004841739797114
152972,1,0.04552663691124507
152972,2,-0.024459742223177903
152972,3,0.06464298950307971
152972,4,-0.05360320986560744
152972,5,0.05138684510697014
152972,6,-0.008006652818416532
152992,1,0.03895959818542832
152992,2,-0.022193173991613642
152992,3,0.06544296368187912
152992,4,-0.05344389285266825
152992,5,0.05321738741507123
152992,6,-0.008138776075630277
153057,1,0.006505137417884373
153057,2,-0.08107673026386394
153057,3,-0.0129182316004563
153057,4,0.0024807200048793327
153057,5,0.006141185059235335
153057,6,0.038236725859532646
153267,1,0.057165736061289565
153267,2,0.029019556894838015
153267,3,0.0861016485975372
153267,4,-0.0553813187319265
153267,5,0.01038228656954889
153267,6,0.0343193649713118
153393,1,0.056691739381158415
153393,2,0.016048916097160068
153393,3,0.09130091140259777
153393,4,-0.061796537341778826
153393,5,-2.8512553202675263e-4
153393,6,0.019022682107690644
153430,1,0.0032400290792978124
153430,2,-0.11576900356111619
153430,3,-0.014918618101806745
153430,4,-0.008940908589668402
153430,5,7.28249355887581e-4
153430,6,-0.035906928452014486
153691,1,0.05932793593941771
153691,2,0.026008581415426495
153691,3,0.07863299189513719
153691,4,-0.07210477165895653
153691,5,0.012390455546763272
153691,6,0.03269609247052535
153856,1,-0.08995418092522299
153856,2,0.016523951238685046
153856,3,-8.535170887912811e-4
153856,4,0.026539660879302023
153856,5,0.10211203642813184
153856,6,-0.006571159758123666
154162,1,0.0020020046331647827
154162,2,-0.11131743023751837
154162,3,-0.022986986842405733
154162,4,-0.0019150349521992582
154162,5,9.177149098099246e-4
154162,6,-0.012659103630760562
154214,1,0.0033712212946641618
154214,2,-0.007171767701758767
154214,3,0.003642835459436079
154214,4,-0.01685357676851832
154214,5,0.008201661073218663
154214,6,0.0027356196546575694
154241,1,-7.177905578595421e-4
154241,2,-0.10540086742521149
154241,3,-0.01653251025186093
154241,4,-0.005919936498245044
154241,5,-0.0093668562501137715
154241,6,-5.222986334404268e-4
154322,1,0.00852009481540549
154322,2,-0.008849215910768449
154322,3,-0.010208069772482058
154322,4,-0.006594759964710417
154322,5,0.004146851691611064
154322,6,-5.273020933329218e-4
154403,1,6.45155531793875e-4
154403,2,0.005281417828939724
154403,3,0.00233610759476084
154403,4,0.0051686165678610655
154403,5,-0.013566426887550477
154403,6,-4.1259465993880425e-4
154584,1,0.0029478152151951754
154584,2,-0.10834116298630217
154584,3,-0.01706434778832561
154584,4,-0.002654565545853096
154584,5,0.005004675375900541
154584,6,-0.026781439630262076
154614,1,0.0525991958703788
154614,2,0.028071252733248283
154614,3,0.0876427538699393
154614,4,-0.05998168372623875
154614,5,0.009452842738420866
154614,6,0.019137886591828884
154710,1,0.008729245494776763
154710,2,-0.10897709558633414
154710,3,-0.015379150860208322
154710,4,0.008589476822694272
154710,5,-0.004021398741718108
154710,6,-0.025203136276846293
154788,1,4.425520417940448e-4
154788,2,0.0015903023314172507
154788,3,0.008622441426491032
154788,4,0.003321353920698265
154788,5,0.009232228498697367
154788,6,-0.010246486750884683
154809,1,-8.290141531711342e-4
154809,2,0.0011749198524613478
154809,3,0.009640884743330618
154809,4,-0.004458877659613378
154809,5,-0.021315434771583038
154809,6,0.0030136724459523378
154837,1,-0.0015181943333939085
154837,2,-0.09982517166819928
154837,3,-0.012765030595281677
154837,4,-1.0223426041650002e-4
154837,5,-0.006467906089064326
154837,6,6.233278441720993e-4
155378,1,-0.002375082440567084
155378,2,-0.0039424320397634105
155378,3,-0.007200811591425743
155378,4,-0.00496763473907308
155378,5,0.005653775270901607
155378,6,-0.007773388190464465
155449,1,0.001795228837674027
155449,2,-4.1547695378326495e-4
155449,3,0.0067016054412884695
155449,4,-0.004349819833930418
155449,5,-0.017828949929794682
155449,6,0.00622252070132464
155627,1,-0.001062261703173401
155627,2,-0.004673912187586842
155627,3,0.006689983014749726
155627,4,0.006677017777086984
155627,5,3.100460998682341e-4
155627,6,-0.0037839136796395745
155732,1,0.003216115265012881
155732,2,0.0018980760930981948
155732,3,0.007840681633670491
155732,4,0.009287902743203734
155732,5,-0.005882417892617473
155732,6,0.006591538470098687
155880,1,-0.0030016850268943045
155880,2,-0.007535398221726318
155880,3,0.0019025969677808087
155880,4,-0.003900881586511327
155880,5,-0.01028228305668292
155880,6,0.003972708857315459
155910,1,0.04536640870921237
155910,2,-0.027003988944687675
155910,3,0.05560899848051898
155910,4,-0.05311694089952468
155910,5,0.04939701571823058
155910,6,-9.029848995438355e-4
155954,1,0.025794776465669085
155954,2,0.014593304174146013
155954,3,0.010847173569732204
155954,4,-0.007903386807442877
155954,5,-0.0041653976135685765
155954,6,-0.007047784996645366
155955,1,0.04975001074000854
155955,2,0.027936125106768142
155955,3,0.08203266889204328
155955,4,-0.06774637404645317
155955,5,0.005193747079316973
155955,6,0.03531019598924674
156018,1,0.008996580093293443
156018,2,-0.07653893268035035
156018,3,-7.612338059761653e-4
156018,4,5.985046863666754e-4
156018,5,-0.027669586322780923
156018,6,-0.08512119663426969
156024,1,0.006659244442776379
156024,2,-0.0725567243122084
156024,3,-0.0022974644626535447
156024,4,0.0011605401405935258
156024,5,-0.027877005620876645
156024,6,-0.07170720724701696
156033,1,0.011318711859503616
156033,2,-0.07592733073279527
156033,3,-0.004603490145054596
156033,4,0.0027034545406882608
156033,5,-0.025498405695008615
156033,6,-0.08084727696099288
156142,1,0.0015606801184988466
156142,2,-0.11546140116748763
156142,3,-0.012149303214024807
156142,4,-0.004216365142683408
156142,5,-0.014840203949478548
156142,6,-0.011932887397971152
156165,1,0.04757109220520616
156165,2,-0.008992060426327114
156165,3,0.06407009248452983
156165,4,-0.041369754272679284
156165,5,0.04969252183252665
156165,6,0.04368789007899722
156173,1,0.055170620746095585
156173,2,0.02057541188471139
156173,3,0.0851749892248568
156173,4,-0.060259417465747526
156173,5,-0.0022412220441064335
156173,6,0.02748207900443647
156204,1,-0.005282735896087795
156204,2,-0.11806190799954866
156204,3,-0.017609535527796313
156204,4,-0.0034664454086175524
156204,5,0.004043625146902951
156204,6,-0.015252995303894065
156236,1,-0.002649464446667781
156236,2,0.0010745328657406938
156236,3,0.004680351074962569
156236,4,0.0066793278473819785
156236,5,0.009365325236920156
156236,6,0.0029171476887075764
156329,1,0.04271106675209627
156329,2,-0.019676604238836326
156329,3,0.06208666686701035
156329,4,-0.051201279421670715
156329,5,0.047860767538001794
156329,6,0.013874044940692795
156330,1,0.04228668423977284
156330,2,-0.024322726063232006
156330,3,0.058907483885568
156330,4,-0.051753150447013015
156330,5,0.051530732633472534
156330,6,0.010589987336657074
156532,1,-6.821349437707317e-4
156532,2,-9.978850995391822e-4
156532,3,0.013471521991642253
156532,4,0.003098507511605011
156532,5,-0.012063521137632304
156532,6,1.712816536742372e-4
156534,1,0.039976556009729394
156534,2,-0.02520439972111244
156534,3,0.05873618059262639
156534,4,-0.05719448286710148
156534,5,0.05157515076589988
156534,6,0.008836706810472003
156652,1,0.054310863563084906
156652,2,0.028218040917616902
156652,3,0.06737277192201671
156652,4,-0.06426862338553915
156652,5,0.007709440237108819
156652,6,0.0020337434094329747
156656,1,0.04582612377152674
156656,2,-0.025761132420939983
156656,3,0.05333064896141891
156656,4,-0.05769201775441908
156656,5,0.04440257504346901
156656,6,0.005272447581541675
156769,1,3.03308731762281e-4
156769,2,-0.11353254769191642
156769,3,-0.015109057502398165
156769,4,0.0017878473972183658
156769,5,-0.007797337239699671
156769,6,-0.022288833326199173
156797,1,-3.660037279471881e-5
156797,2,-0.11020007334537524
156797,3,-0.017012664008495316
156797,4,-0.002700629142556758
156797,5,0.0031323794868458534
156797,6,-0.0366527988537127
156966,1,-0.003906562325794044
156966,2,-0.004839813346552569
156966,3,0.0035263470068557915
156966,4,0.008136446982270906
156966,5,-0.002251678124131683
156966,6,-0.012213648880625637
157157,1,0.03567348190307374
157157,2,-0.025517448800579025
157157,3,0.059509048414142195
157157,4,-0.058355240427045985
157157,5,0.041283059593868035
157157,6,0.006192916693261463
157272,1,0.03879073679844077
157272,2,0.04597386617100227
157272,3,0.0689318636765974
157272,4,-0.012914924835731208
157272,5,-0.020846703175361345
157272,6,0.02218076490585876
157746,1,0.04229695931349417
157746,2,-0.026110605047303365
157746,3,0.05686946478009859
157746,4,-0.05986569716073156
157746,5,0.04571343507148528
157746,6,-0.0018223124643065353
157851,1,-8.830330011574713e-4
157851,2,-0.11236322390056415
157851,3,-0.007269752067235121
157851,4,0.00659933781990055
157851,5,-9.464292168866385e-4
157851,6,-0.008053909918001246
157975,1,-0.001086601871665232
157975,2,-0.11641760493096732
157975,3,-0.008337569861093434
157975,4,-6.61863643522781e-4
157975,5,0.010595927065305577
157975,6,-0.013557244545349897
157976,1,0.04279673952790997
157976,2,-0.02803548592876069
157976,3,0.055261898721868
157976,4,-0.06167490936958311
157976,5,0.04045836397086046
157976,6,0.011124694842153388
157984,1,-0.006540998596085744
157984,2,-0.11358582822608249
157984,3,-0.010662721638286231
157984,4,-0.003921522104949603
157984,5,-0.002079880673426296
157984,6,-0.015484027843801009
158114,1,0.04294678373582681
158114,2,-0.02244952698491729
158114,3,0.04958064384984937
158114,4,-0.058960221451027736
158114,5,0.03906990800454842
158114,6,-0.016224252605918175
158315,1,0.056237297499357235
158315,2,0.03288360522687841
158315,3,0.07565515767871343
158315,4,-0.0411639365180985
158315,5,0.018680382979454953
158315,6,0.003544960723321164
158390,1,-0.002369281431681166
158390,2,-0.11793219817028645
158390,3,-0.012163558576825164
158390,4,-0.008740025852899668
158390,5,3.996261239395007e-4
158390,6,-0.01615490407991393
158434,1,0.05687442901541034
158434,2,0.02036910957984591
158434,3,0.07857925082201907
158434,4,-0.05907235063935962
158434,5,0.013633575365500824
158434,6,0.021678144358163263
158495,1,0.04190285729879881
158495,2,-0.02831067194796005
158495,3,0.05358874417202876
158495,4,-0.05844218320591543
158495,5,0.04427982020605224
158495,6,-0.0017657619361554112
158684,1,-0.0013484176752853582
158684,2,-0.1101147923370259
158684,3,-0.01148130366018736
158684,4,-0.00949954835074085
158684,5,0.00823876673644258
158684,6,-0.007632043578826184
158690,1,-0.0022344593282652083
158690,2,-0.11488319264194498
158690,3,-0.013655075830503884
158690,4,0.003267282203568741
158690,5,-0.0018428662700232918
158690,6,-0.02242249194379739
158744,1,0.0020529419901477797
158744,2,-0.0028125773595082853
158744,3,0.002599680320663094
158744,4,0.0034798670952706176
158744,5,-0.01168657910218667
158744,6,0.0014747393118430044
159097,1,-0.004224808933240731
159097,2,-0.11169306838379774
159097,3,-0.015945923776370538
159097,4,-0.012359285551957326
159097,5,0.007834485526503138
159097,6,-0.009432667112599576
159245,1,0.0016636827085089866
159245,2,-0.11515224769599744
159245,3,-0.018327003513407516
159245,4,0.0035044107564507565
159245,5,0.0013442373653082124
159245,6,-0.01836247741871144
159289,1,0.05439656656424299
159289,2,0.03149604081666333
159289,3,0.08192550329719739
159289,4,-0.04866576743190944
159289,5,0.005679646137746127
159289,6,0.02677519560400375
159745,1,0.002337408022085323
159745,2,-0.11345129875301935
159745,3,-0.017101943718681657
159745,4,0.004908476465986562
159745,5,0.004969754734729909
159745,6,-0.020644999598397933
160207,1,0.004142646420673058
160207,2,-0.003443357450521997
160207,3,0.010448942741167179
160207,4,-0.006704878480226138
160207,5,-0.014382155781194917
160207,6,0.004757014535433645
160208,1,0.04194814422325602
160208,2,-0.021422133101925266
160208,3,0.053135473945915127
160208,4,-0.050475547602960386
160208,5,0.0431100209846217
160208,6,-0.004631434473496526
160216,1,0.003174345785484193
160216,2,-0.1127278917185936
160216,3,-0.009301571840185588
160216,4,-0.017705453248212533
160216,5,-0.005602630973452702
160216,6,-0.014953922299722212
160533,1,0.05189605912995697
160533,2,0.023714444466681042
160533,3,0.08826493404304166
160533,4,-0.06258906793354883
160533,5,0.011932589420862528
160533,6,0.021855844463367195
160551,1,0.043100379056899445
160551,2,-0.031004529389103763
160551,3,0.059841092439602867
160551,4,-0.0555586555447959
160551,5,0.040617380948973485
160551,6,0.005038944874743195
161450,1,0.04393140090292939
161450,2,-0.024008696508782762
161450,3,0.05462621043917016
161450,4,-0.05044830682738946
161450,5,0.047149480032693904
161450,6,-0.00549530496909231
161502,1,0.0011692742466407576
161502,2,-0.11764967514713573
161502,3,-0.013318096808862055
161502,4,-0.00836208644106967
161502,5,0.0044021792724108985
161502,6,-0.02573602450733313
161736,1,-0.002223608543427173
161736,2,-0.11690876234770042
161736,3,-0.011748455702021687
161736,4,0.0015631639642393691
161736,5,0.0025192376119820333
161736,6,-0.018902270885079054
162102,1,-0.0032949409330231124
162102,2,-0.11644865535749976
162102,3,-0.016252108084778675
162102,4,-0.001417832431644733
162102,5,-0.006196762209069085
162102,6,-0.011476165637645098
162217,1,-5.427636088656256e-4
162217,2,-0.11211068186903067
162217,3,-0.017058468314690142
162217,4,-0.004148257799396793
162217,5,0.0020266391767561303
162217,6,-0.024874089667118675
162276,1,0.003991279308886849
162276,2,0.004382165757952029
162276,3,2.0383386457502073e-4
162276,4,0.005679823740506129
162276,5,0.01671314724553472
162276,6,-0.02336869358346859
162292,1,0.003069810457134932
162292,2,-0.11590141729140664
162292,3,-0.01644696470259244
162292,4,-0.004698973581323466
162292,5,4.935221462316541e-4
162292,6,-0.028217620209335655
162683,1,0.060101837829284736
162683,2,0.021201464885343135
162683,3,0.08060223296996406
162683,4,-0.05814022721887651
162683,5,0.010898129469421031
162683,6,0.03663119975446025
162697,1,0.0010147204929617053
162697,2,-0.11944302925670919
162697,3,-0.009229273272700459
162697,4,-0.008895712624007157
162697,5,-0.0020586178388867656
162697,6,-0.026121120298826697
162810,1,-0.003040614134664222
162810,2,0.0019525732387083447
162810,3,0.019423662340078363
162810,4,-0.0027709934235570243
162810,5,-0.018772129716230476
162810,6,0.002641779725214724
163218,1,0.002860627220833324
163218,2,0.0075521962596632195
163218,3,0.009278789946639488
163218,4,-0.011754654079404955
163218,5,0.023308447836675007
163218,6,-0.017024778413240623
164043,1,-0.003565419283569634
164043,2,0.007543309981694443
164043,3,0.007126662191207131
164043,4,0.0010333873436695698
164043,5,-0.005385024888908166
164043,6,-0.009957917956406964
164083,1,-0.003406162709200901
164083,2,-0.11569717505268676
164083,3,-0.009238501312413973
164083,4,-0.006388279774398569
164083,5,-0.00877301937788949
164083,6,-0.02842349344635527
164340,1,0.05344417684039313
164340,2,0.026628779912134345
164340,3,0.07333124128014705
164340,4,-0.05741085935251835
164340,5,0.017505528450054198
164340,6,0.027141978623689205
164436,1,1.8244139844107035e-4
164436,2,-0.11862176563370079
164436,3,-0.007786457715577336
164436,4,0.0017155125638883837
164436,5,0.0025049450406302064
164436,6,-0.02915031361263669
164741,1,0.0036840690501327303
164741,2,-0.11361792791527124
164741,3,-0.014614602300078829
164741,4,-0.009679503586961092
164741,5,-0.006705061195268149
164741,6,-0.0201210428103868
164924,1,-4.8235078623449655e-4
164924,2,-0.10865578240225718
164924,3,-0.018905021165237706
164924,4,0.00718771534274743
164924,5,0.009942203508966336
164924,6,-0.025541646613660794
165124,1,-8.083080220159885e-4
165124,2,-0.11569505962329778
165124,3,-0.012772320152409393
165124,4,-0.0063303978989252005
165124,5,0.00285468184024765
165124,6,-0.020942014761083805
165250,1,0.015497675551579475
165250,2,-0.006481472548104864
165250,3,-0.004722107071743749
165250,4,0.014849280496897488
165250,5,5.885681035971937e-4
165250,6,0.0011238631344610702
165479,1,0.001503608468519219
165479,2,-0.1152699915553812
165479,3,-0.009211417198523152
165479,4,0.005859986158860299
165479,5,-0.0015120450013172014
165479,6,-0.03130281046290738
165802,1,0.002501281157690248
165802,2,-0.11842603529962042
165802,3,-0.01733976953029629
165802,4,-0.008617708344826468
165802,5,0.0010524563661577903
165802,6,-0.021947725231396507
165832,1,-0.015302870199768715
165832,2,0.011694094750273859
165832,3,-0.01337802197759016
165832,4,0.02022396836781239
165832,5,-0.005531300960303431
165832,6,-0.015702322119114567
165908,1,0.04271084024534276
165908,2,-0.02408874963644109
165908,3,0.05930061045067543
165908,4,-0.057226433945016836
165908,5,0.05595632202607155
165908,6,0.00951964048864426
166163,1,0.0016206792754354324
166163,2,-0.11144830881310083
166163,3,-0.01610174142792978
166163,4,-0.0036999033222443758
166163,5,0.0013586939108473138
166163,6,-0.02040245071105691
166188,1,-0.0018107623015528626
166188,2,-0.11609272089329876
166188,3,-0.014099594386568206
166188,4,-0.010336276912995872
166188,5,0.00925287903257606
166188,6,-0.0188574874709216
166310,1,0.004973215373632679
166310,2,-0.12085496947911505
166310,3,-0.015635654340063355
166310,4,0.0034887943795055706
166310,5,0.0023702907548280206
166310,6,-0.022501541354428084
166727,1,0.05812929188021932
166727,2,0.026701416318925864
166727,3,0.08502680552034096
166727,4,-0.05162356406150813
166727,5,0.00428565599783501
166727,6,0.008522642525049234
166824,1,0.05512191340452755
166824,2,0.02787269892093225
166824,3,0.08536697787260165
166824,4,-0.05385715096399526
166824,5,0.012152429446053086
166824,6,0.01686966001143821
167218,1,-0.002368757664752301
167218,2,-0.11501085771183667
167218,3,-0.01658545571077616
167218,4,1.895942606870041e-5
167218,5,0.002000269187907857
167218,6,-0.02594035626226063
167310,1,0.050084388481029474
167310,2,0.023280144555629278
167310,3,0.0883329138863035
167310,4,-0.06695683607047587
167310,5,0.011626560145627497
167310,6,0.029893508918201955
167325,1,3.472348396207266e-4
167325,2,-0.11567697200949574
167325,3,-0.012773106410605669
167325,4,-0.008670080865750199
167325,5,0.0050424779087469614
167325,6,-0.024401828162033384
167431,1,0.03985193737762096
167431,2,-0.024032427730474766
167431,3,0.056696347692201214
167431,4,-0.05313151625090518
167431,5,0.04556520755411374
167431,6,-0.006998455348577915
167441,1,-0.0037918253403971926
167441,2,-0.11393027272374345
167441,3,-0.008575530583772068
167441,4,-0.010618167181956073
167441,5,0.006749426317236715
167441,6,-0.004670445258211338
167455,1,5.701576349405802e-4
167455,2,-0.1174692684446167
167455,3,-0.014763987400936372
167455,4,-0.0041569694291303935
167455,5,0.0072872517837058335
167455,6,-0.02045074687526313
167647,1,0.0018296171255688177
167647,2,-0.10872865650604813
167647,3,-0.00919689597293314
167647,4,-0.007751240091469472
167647,5,-4.957208689789245e-4
167647,6,-0.016361993800737027
167774,1,2.5713639235803895e-4
167774,2,-0.11074712433822197
167774,3,-0.015892290576927814
167774,4,0.004571218397765736
167774,5,0.007790606384888974
167774,6,-0.012244795799265457
167833,1,0.008145418227085652
167833,2,-0.10571431157448803
167833,3,-0.00930918732761463
167833,4,0.0015229586032651586
167833,5,-0.0037579163299032077
167833,6,3.6573917105446255e-4
167900,1,0.002616355403821814
167900,2,-0.11208563256531993
167900,3,-0.011268369531037168
167900,4,-0.001818251197288999
167900,5,-0.0038868317149145007
167900,6,-0.017904889883302275
168020,1,0.0028926344995883458
168020,2,-0.11337102149689901
168020,3,-0.008818617103941233
168020,4,-5.378588110613777e-4
168020,5,-0.0034799850283701163
168020,6,-0.017095109921483952
168080,1,0.05401208548627411
168080,2,0.02109421041507383
168080,3,0.08124930868450174
168080,4,-0.05976896561546066
168080,5,0.0052463418480608506
168080,6,0.00753189493524482
168139,1,-0.003039716031260298
168139,2,-0.12026371951309348
168139,3,-0.014064972849323728
168139,4,0.0018465944463710027
168139,5,0.0044726360170820895
168139,6,-0.019587771968292523
168241,1,-0.002039359244636814
168241,2,-0.11554610674105006
168241,3,-0.019503054830228055
168241,4,-0.0016945843127544472
168241,5,0.008228858335003707
168241,6,-0.03373624388299827
168466,1,0.05310107111562855
168466,2,0.025618479559541336
168466,3,0.08656429697565632
168466,4,-0.06218765479519274
168466,5,0.009106915500537523
168466,6,0.027348962242644558
168728,1,0.03883738595140973
168728,2,-0.025158943875743942
168728,3,0.05898314179482423
168728,4,-0.06115813250089268
168728,5,0.04105850962619709
168728,6,0.02673568451516759
168781,1,0.002799194056776349
168781,2,-0.10686889602467543
168781,3,-0.012323615038802594
168781,4,-0.006257484729653794
168781,5,-9.278438415752496e-5
168781,6,-0.012913016680428732
169701,1,0.05669978398225014
169701,2,0.03110483331837948
169701,3,0.08211535393961093
169701,4,-0.060111760500224105
169701,5,0.012398753325497714
169701,6,0.016424886184847574
169995,1,0.0409754277630673
169995,2,-0.022074839899718025
169995,3,0.06216220065468021
169995,4,-0.06048361163768287
169995,5,0.043756326530230774
169995,6,0.0070204412497434365
170589,1,0.039214182839766173
170589,2,-0.03124148856672151
170589,3,0.06021008344399775
170589,4,-0.05011601255595312
170589,5,0.044690582862417526
170589,6,0.007076352699369392
170642,1,0.039644859600604695
170642,2,-0.018479260390665303
170642,3,0.05715384916057251
170642,4,-0.05184928177597033
170642,5,0.043816118402703504
170642,6,-0.008442839282295386
171189,1,0.05715512724570054
171189,2,0.023348601577085314
171189,3,0.08761181100583376
171189,4,-0.06232026535612232
171189,5,-0.006572398434379522
171189,6,0.020925523892689705
171591,1,0.05565083749385466
171591,2,0.024594474847570758
171591,3,0.08058269212822944
171591,4,-0.05186277553170382
171591,5,0.008140175317452923
171591,6,0.022775361747187355
171627,1,0.05556912281678236
171627,2,0.02505053255805608
171627,3,0.08016540408497529
171627,4,-0.061496795964471454
171627,5,0.014458979392280885
171627,6,0.015230843198678751
172518,1,0.027145705203202513
172518,2,-0.019484504678285077
172518,3,0.02018546420334591
172518,4,-0.0748436874603861
172518,5,0.013515012696207336
172518,6,0.03785850793556201
172741,1,0.04388770850623348
172741,2,-0.020925337243437824
172741,3,0.0606003963986373
172741,4,-0.05747122676970734
172741,5,0.05091596759149234
172741,6,-5.620862488998829e-4
172799,1,-0.0019634312989000877
172799,2,0.004309212935928345
172799,3,0.009736052641414273
172799,4,0.005900383782938854
172799,5,-0.015605272735047726
172799,6,0.0026503285795492887
173747,1,0.005599029530652982
173747,2,8.021821307246686e-4
173747,3,0.005653432006033214
173747,4,0.0031844840359145045
173747,5,-0.020367299265887606
173747,6,-0.0010554147524285905
173751,1,0.041123997424450734
173751,2,-0.02498115980692817
173751,3,0.06325833040907061
173751,4,-0.0523225938535892
173751,5,0.05009236842162221
173751,6,-0.011637242309536623
174069,1,0.042464004110659516
174069,2,-0.01853845877596628
174069,3,0.05890054132991763
174069,4,-0.06011477127819275
174069,5,0.03868573979639562
174069,6,0.0015729455420054083
174607,1,0.004411199600851942
174607,2,-0.008595052671862193
174607,3,0.0017930611550983431
174607,4,-0.012428812990079094
174607,5,-0.004504382498890896
174607,6,-0.010892590694795758
174608,1,0.005863390407775796
174608,2,-0.002627981503616694
174608,3,0.014172036040893355
174608,4,-9.866998495194391e-4
174608,5,-0.012789887211970871
174608,6,-2.1184526493590853e-4
174636,1,0.0043650304614567415
174636,2,3.793298687443447e-4
174636,3,0.007371827587732261
174636,4,-0.00997488801159531
174636,5,-0.020130376789724753
174636,6,0.0044375208384632775
174649,1,-0.05867209903356805
174649,2,-0.007497629640625788
174649,3,0.008670944662200718
174649,4,0.0489996762311969
174649,5,0.08208916286141718
174649,6,0.012775395824828286
174712,1,0.0013858714621241572
174712,2,-0.0035922560606001137
174712,3,0.0170374407618974
174712,4,-0.004876121204761313
174712,5,-0.016026942366231974
174712,6,0.016241845558955977
175387,1,0.04416685518318114
175387,2,-0.020264748517396156
175387,3,0.05868255563123647
175387,4,-0.057812856731409956
175387,5,0.04887312937325828
175387,6,-0.003207069112460064
176527,1,0.0029245771992251614
176527,2,-0.05169241184961523
176527,3,-0.020897268335921343
176527,4,-0.028483355594213465
176527,5,-0.048957822546783235
176527,6,-0.12872937901810036
176618,1,0.0024580237140040557
176618,2,-0.05035401054277816
176618,3,-0.013731053264268317
176618,4,0.00517142194812037
176618,5,0.020244109186442677
176618,6,0.13001705540235126
176747,1,-0.00449739183829017
176747,2,-0.06646676482688958
176747,3,0.004234749091226391
176747,4,-0.013079241918146528
176747,5,-0.04951959174539231
176747,6,-0.1421087212169217
177225,1,-0.08452969226626061
177225,2,-0.05342971028619657
177225,3,0.026726011545319433
177225,4,-0.04269316386799758
177225,5,-0.006682394855120373
177225,6,0.005649142260837653
177250,1,-0.08954965515929257
177250,2,0.023161153926879157
177250,3,0.02622245848791145
177250,4,-0.04986442799113649
177250,5,0.010256619670616546
177250,6,0.0010825049174604513
178062,1,-0.0024000082185163924
178062,2,-5.812338991718173e-4
178062,3,-0.0031680350234114707
178062,4,-0.03043556268698906
178062,5,0.015054098977501618
178062,6,-0.003275907090794795
178181,1,-0.006644128952331134
178181,2,-0.04273616612048
178181,3,0.01308751975965419
178181,4,-0.013499971595194489
178181,5,-0.03704396577592388
178181,6,-0.09694500072326612
178299,1,-0.006266675595688706
178299,2,-0.0470740555747358
178299,3,0.014440960317729274
178299,4,-0.017692066463822924
178299,5,-0.04715157560915724
178299,6,-0.10514554857910326
178428,1,-0.0032343915357418516
178428,2,-0.11014247820381765
178428,3,-0.0020859145106176245
178428,4,-0.0010093543811550245
178428,5,-0.018063661185296277
178428,6,-0.007986847801948948
178729,1,-0.004766735232563006
178729,2,0.0029692239401381687
178729,3,-0.03125916090507389
178729,4,-0.05330147554464966
178729,5,-0.025917405342830813
178729,6,-0.008748625091562535
178812,1,-0.0765560466842818
178812,2,-0.05846759839970926
178812,3,0.022886776052921335
178812,4,-0.05170871069122377
178812,5,-0.007991840163931297
178812,6,0.013079234751371889
178815,1,-0.0901387773195811
178815,2,0.026009258251096377
178815,3,0.02719803681402447
178815,4,-0.04395585685200398
178815,5,0.007270124515101185
178815,6,-0.001809699334578099
178856,1,-0.07464347597538916
178856,2,-0.056336358037955496
178856,3,0.02125413475859849
178856,4,-0.04213322713271022
178856,5,-0.013776381797733613
178856,6,6.625421173662341e-4
179210,1,0.016264786684053803
179210,2,0.00465468104911771
179210,3,-0.009409476111269419
179210,4,0.01626129540616127
179210,5,-0.004648366218595666
179210,6,-0.014945787212852977
179455,1,-0.08829574277080046
179455,2,0.025277573272258304
179455,3,0.028961107305348528
179455,4,-0.043397234171931476
179455,5,0.015433746946578918
179455,6,0.00633892360105299
179562,1,-0.07666166508640607
179562,2,-0.05391691453044288
179562,3,0.02725199334433591
179562,4,-0.044224059897238994
179562,5,-0.010055061721103391
179562,6,0.013228191080018211
181412,1,0.00656578452786518
181412,2,0.0020038279811443495
181412,3,-0.0048385403587004406
181412,4,0.005104598645463275
181412,5,0.013907502891058104
181412,6,-0.00231800817941755
181638,1,-0.08931070954734895
181638,2,0.02292851594077763
181638,3,0.0271059778667154
181638,4,-0.052061115626704846
181638,5,0.003709563151848653
181638,6,0.023095436859290143
181720,1,0.0013509141079966187
181720,2,-0.11068439898120291
181720,3,-0.005645507250808914
181720,4,0.0022526141103148332
181720,5,-0.010813791408769338
181720,6,-0.02524293532375545
181967,1,-0.07609984616930619
181967,2,-0.060714021210413034
181967,3,0.02832950587188306
181967,4,-0.047088402802790405
181967,5,-0.01774176226406775
181967,6,0.0031039927129233396
182013,1,-0.07762915489604817
182013,2,-0.052674381415980964
182013,3,0.030757764646961786
182013,4,-0.0456127870050973
182013,5,-0.00605294746149727
182013,6,0.014071536664790467
182059,1,-0.07515069138506991
182059,2,-0.05769314150157974
182059,3,0.018988092090293535
182059,4,-0.041376801189284114
182059,5,-0.0108900183336019
182059,6,0.016136248856974855
182084,1,0.006252686988019686
182084,2,-0.061285249493201896
182084,3,-0.01769338839474507
182084,4,0.013606960148365675
182084,5,0.03309840264869197
182084,6,0.0844473128721165
182288,1,-0.004825346870604945
182288,2,-0.05049533808444054
182288,3,0.013630840344372393
182288,4,-0.0151179254076551
182288,5,-0.04898371945721682
182288,6,-0.10167150825322753
183222,1,-0.09451243971071488
183222,2,0.02796562496778317
183222,3,0.02139669483509949
183222,4,-0.05431722015287771
183222,5,0.005628520340509648
183222,6,0.003237687940325569
184221,1,-0.07667681779710829
184221,2,-0.05387017804435371
184221,3,0.023905930277996312
184221,4,-0.04141605687593943
184221,5,-0.005434559914078932
184221,6,0.009291881418827396
184243,1,-0.08332578586657614
184243,2,0.02358062420397273
184243,3,0.04829891801994863
184243,4,0.009341724659860561
184243,5,0.0054226092896164715
184243,6,0.0279900475106721
184420,1,0.0034870994672348502
184420,2,-0.11629659072098787
184420,3,-0.008681399405962357
184420,4,-0.0017741643070775632
184420,5,-0.01595402813356795
184420,6,-0.006800079457082926
184488,1,-0.09177862757258617
184488,2,0.02773534216196433
184488,3,0.022260346478967408
184488,4,-0.04082178980454242
184488,5,0.02082048844642628
184488,6,0.009365123492385769
184731,1,-0.09097187143748019
184731,2,0.027371302203637468
184731,3,0.019921219222500782
184731,4,-0.05066356098697724
184731,5,0.005614845727302907
184731,6,0.01774651309497067
184863,1,-0.01749873030708516
184863,2,0.010744897147895885
184863,3,0.0022449010752249566
184863,4,-2.50174082956454e-4
184863,5,0.005142403610506238
184863,6,-0.0031247671066889355
184956,1,0.0049472056224700986
184956,2,-0.10306356055991203
184956,3,-0.010863934277525628
184956,4,0.005601515356837515
184956,5,-0.011457985503901421
184956,6,0.028089367237169448
185285,1,-0.005766660606757382
185285,2,-0.04703103840652244
185285,3,0.012764406836582759
185285,4,-0.009608387932351144
185285,5,-0.03885131420598944
185285,6,-0.11113332754829901
185926,1,-0.09574350074281421
185926,2,0.029930521725620926
185926,3,0.020426655895333483
185926,4,-0.04051474035763234
185926,5,0.014038411746116804
185926,6,0.0123480792451429
186405,1,-0.07547767173633999
186405,2,-0.05714927761608501
186405,3,0.03109682724309153
186405,4,-0.0446609976787425
186405,5,3.567639916660798e-4
186405,6,0.014610312306313055
186917,1,0.013262468464032617
186917,2,-0.00839494788257604
186917,3,0.0038714321359072704
186917,4,-0.0030120931559633026
186917,5,0.005427598360363663
186917,6,0.007582733894035735
187087,1,-0.0023620041106830946
187087,2,-0.12019046057215017
187087,3,-0.004310597477399036
187087,4,-0.007932545029278428
187087,5,-0.008246289420447006
187087,6,-0.012624942217972506
188030,1,-0.08619622494128659
188030,2,-0.009333161807657494
188030,3,0.05728767665194928
188030,4,-0.05968131360416483
188030,5,-0.043370549898663076
188030,6,-0.05185459410141767
188107,1,-0.009540129298110697
188107,2,-0.05166578335622906
188107,3,0.025667874787565423
188107,4,-0.021504815794915533
188107,5,-0.06097178633920725
188107,6,-0.08972322750130526
188318,1,-0.00462219451963264
188318,2,-0.04761671795352681
188318,3,0.019029456903384753
188318,4,-0.01187191915631221
188318,5,-0.06779629604605455
188318,6,-0.08371501586719797
188437,1,0.005384128280661699
188437,2,0.0028740088182812335
188437,3,-4.891593443073706e-4
188437,4,8.535978423571029e-4
188437,5,0.001098838152365588
188437,6,-0.017706893689090217
191101,1,-6.530699187806777e-4
191101,2,-0.05357124845376124
191101,3,0.020266570595566382
191101,4,-0.019471549331070072
191101,5,-0.053605708933693395
191101,6,-0.10073320648504225
191797,1,-0.08913581893813399
191797,2,0.028327998691754376
191797,3,0.028119344348281894
191797,4,-0.04216726267658616
191797,5,-0.004721673896774905
191797,6,0.005792751685051645
191809,1,-0.09339843130017508
191809,2,0.023972801522113413
191809,3,0.024838672770617486
191809,4,-0.054826349778740215
191809,5,0.016100406436898595
191809,6,0.014236307766952866
192069,1,-0.09535216527766487
192069,2,0.023709982941065903
192069,3,0.028576622799077998
192069,4,-0.035422831570151254
192069,5,7.500774670828495e-4
192069,6,0.027781035437560376
192769,1,0.008325594329573053
192769,2,0.0013225560860239966
192769,3,0.0012337917242916385
192769,4,-0.005529609117041024
192769,5,-3.511286495238068e-4
192769,6,0.00908327048525643
193321,1,-5.682063511007972e-4
193321,2,-0.04563420461571188
193321,3,0.019564276821039506
193321,4,-0.017259093460213062
193321,5,-0.05058306383677825
193321,6,-0.09684974713468672
193761,1,0.008414574980476904
193761,2,-0.07734350495520322
193761,3,0.009611323818636521
193761,4,0.0027838886196869827
193761,5,-0.023566185267082766
193761,6,0.11583621157160894
193767,1,0.008683127629524718
193767,2,-0.07472629887787527
193767,3,0.013453951701730702
193767,4,-3.1135118579228517e-4
193767,5,-0.015462878891624737
193767,6,0.11133436059299974
193832,1,0.009550157779404071
193832,2,0.010592171722440143
193832,3,0.017376516072669542
193832,4,0.0017692412017967132
193832,5,-0.027649209657708274
193832,6,0.06253725608696278
193837,1,0.011022786825842151
193837,2,0.007778249443935259
193837,3,0.014671436779497763
193837,4,0.008261049993203484
193837,5,-0.01763199317726119
193837,6,0.08566988494150167
193864,1,-0.0013922594882397048
193864,2,-0.04151483723621626
193864,3,-0.01638709103184849
193864,4,0.0029133703774413618
193864,5,0.03486780568445314
193864,6,0.10155468413177864
193885,1,0.015396280004800646
193885,2,-0.03302299727361866
193885,3,0.02476274905659784
193885,4,0.011832121834674516
193885,5,-0.008141375220527073
193885,6,0.19123541366292668
194282,1,-0.008435055254475103
194282,2,0.006406475865375431
194282,3,-0.03498672958267064
194282,4,-0.05787411923220048
194282,5,-0.012242630740118249
194282,6,-0.019793025766293774
194290,1,-0.07198427778476595
194290,2,-0.008890544562489805
194290,3,0.08625222030063463
194290,4,-0.008715785440225629
194290,5,-0.08544079838565617
194290,6,0.04123466941490312
194527,1,-0.06565654247739097
194527,2,-0.008265755974142372
194527,3,0.0785721336013356
194527,4,0.002207699427900219
194527,5,-0.08209239027608438
194527,6,0.04312870766163436
195085,1,-0.07384822510558975
195085,2,-0.012151182168788206
195085,3,0.08048750257799082
195085,4,8.185040770342261e-4
195085,5,-0.08150857121248999
195085,6,0.03731472936255308
195102,1,-0.06977943314044875
195102,2,-0.006232451317117098
195102,3,0.07933785379930137
195102,4,-3.965296843023822e-4
195102,5,-0.0817035698596265
195102,6,0.033878649971638745
195465,1,-0.06800863217073207
195465,2,-0.0016532219391676322
195465,3,0.08400534465419227
195465,4,7.529910637135957e-4
195465,5,-0.0795840155900517
195465,6,0.04118511590220731
195520,1,-0.06794654785033209
195520,2,0.0019041844950380563
195520,3,0.08387020614390596
195520,4,-0.0033738420951648627
195520,5,-0.08057731785718332
195520,6,0.04017661602619084
195672,1,-0.004639138083823343
195672,2,-0.001694009510298757
195672,3,-0.02661640992371941
195672,4,-0.05920076184722638
195672,5,-0.010856435075428892
195672,6,0.0018101844711739875
195696,1,-0.06647787972376666
195696,2,-0.03004885529536016
195696,3,0.041839117245923436
195696,4,-0.029592812244336377
195696,5,-0.04071434572304388
195696,6,0.11502399562541579
196604,1,-0.07332273204960812
196604,2,-0.006803069576008426
196604,3,0.08101667177694015
196604,4,0.0036936151540832487
196604,5,-0.07824982603008265
196604,6,0.03524921063518984
198397,1,-0.00905284032504913
198397,2,0.006104388846144756
198397,3,-0.033250807988747515
198397,4,-0.06898004850864298
198397,5,-6.585470399422734e-4
198397,6,0.0030986953102397465
198981,1,-0.008600351380317374
198981,2,-0.04171138497844413
198981,3,0.0015417883060463075
198981,4,-0.015585734258421477
198981,5,-0.03011253025171687
198981,6,-0.05687450815436774
200142,1,-0.06744063843051461
200142,2,-0.03589441797663941
200142,3,0.05937296479351801
200142,4,0.009550572554148715
200142,5,-0.03498588454967508
200142,6,0.1255972965664676
200755,1,0.0014445714939512798
200755,2,-0.00894702193978846
200755,3,-0.01013599047778756
200755,4,0.009967932980992779
200755,5,0.005841871503524845
200755,6,-0.017946011519588394
204830,1,-0.06364363216520297
204830,2,-0.034834851039717264
204830,3,0.06746215273535727
204830,4,0.003811693093620773
204830,5,-0.04093940883800849
204830,6,0.12002107683216566
205882,1,-7.443458477900418e-4
205882,2,-0.0465296214025936
205882,3,-0.01722582889008842
205882,4,0.009626315506206466
205882,5,0.0532366206913022
205882,6,0.10854414993742707
206402,1,-0.06746919225752568
206402,2,-0.04149195192718929
206402,3,0.06674465330709409
206402,4,0.00595318640286079
206402,5,-0.05053234524331192
206402,6,0.1216386860395687
207416,1,-0.06822002289791865
207416,2,-0.03833719940541772
207416,3,0.06415881472431899
207416,4,0.016947099131395565
207416,5,-0.03850197192356944
207416,6,0.1321897605686958
207889,1,-0.07177620305417184
207889,2,-0.0045425860874549326
207889,3,0.08235984098241454
207889,4,-0.0016130024968747552
207889,5,-0.08177459277778967
207889,6,0.04329289617741756
207903,1,-0.00948256545076738
207903,2,0.00356913253575791
207903,3,-0.036620639183873004
207903,4,-0.06484249620792458
207903,5,-0.006289882445490433
207903,6,-0.007439415176371051
208168,1,-0.07005612814066212
208168,2,-0.027076927348729615
208168,3,0.05179654228279904
208168,4,-0.039368892681472506
208168,5,-0.032638799977135646
208168,6,0.12117340448486162
208344,1,0.010833764906780856
208344,2,0.003913218302837522
208344,3,-0.004207910540873694
208344,4,0.01067291110147963
208344,5,0.007086913511369237
208344,6,-0.010460570702367635
208345,1,-0.07241326339833834
208345,2,0.008691501720084456
208345,3,0.06996914423574327
208345,4,0.012597630061661877
208345,5,-0.07166746133406933
208345,6,0.07118384413089913
208550,1,-0.012068957378182166
208550,2,0.00948964355600998
208550,3,-0.026098215138939226
208550,4,-0.06189293628817201
208550,5,-0.01696124056592165
208550,6,-0.013307034835292858
208685,1,-0.005667059407376372
208685,2,0.0046950764262145
208685,3,-0.03080995305066208
208685,4,-0.05812570243869254
208685,5,-0.011091512246944529
208685,6,-0.008140447533768237
209404,1,-7.797220688157236e-4
209404,2,-0.05012789580350652
209404,3,-0.017783937384830133
209404,4,0.019096255097497603
209404,5,0.03993171649615413
209404,6,0.10064625669908725
209462,1,0.0027984056959913647
209462,2,-0.004231057894755248
209462,3,0.011433675355446114
209462,4,0.0017177889342664002
209462,5,0.02387433242065539
209462,6,0.01791492098658697
209676,1,0.004281950291898256
209676,2,-0.04155216775862297
209676,3,-0.01465044620620099
209676,4,-0.0026392588316663857
209676,5,0.04997530373725781
209676,6,0.12221199322339311
209851,1,-0.006597457578052211
209851,2,0.008845266020125543
209851,3,-0.03353395813710528
209851,4,-0.06520185272358607
209851,5,-0.016953053724416117
209851,6,-0.006699796275839297
210061,1,-0.07230299119828748
210061,2,-0.0028540512108860684
210061,3,0.0824718852965768
210061,4,0.0031394965527095663
210061,5,-0.08599286023040781
210061,6,0.03705442962282182
210306,1,-0.008313978825291142
210306,2,0.002998493099373564
210306,3,-0.02480642018429362
210306,4,-0.06326041814554186
210306,5,-0.00604875734020664
210306,6,-0.027855713988423427
210539,1,-0.009736468908120048
210539,2,0.008206606489972994
210539,3,-0.0325611195736988
210539,4,-0.06474422903644098
210539,5,-0.016427609479871944
210539,6,-0.018699140782341136
210634,1,-0.006341056179504774
210634,2,0.0011287553191750102
210634,3,-0.033593820200554576
210634,4,-0.06497511243067615
210634,5,-0.020820101789721258
210634,6,-0.007814887486433355
210759,1,-9.620669966292389e-4
210759,2,-0.047316980002469734
210759,3,-0.011046852389523213
210759,4,0.012489272895445271
210759,5,0.04962794136291481
210759,6,0.11346706049365506
210875,1,-0.07076640462023963
210875,2,-0.0021459823703190114
210875,3,0.08388327633165202
210875,4,-0.002110709667106891
210875,5,-0.081989110450456
210875,6,0.040856081712972475
210914,1,-0.009483123999264166
210914,2,0.003107910111615366
210914,3,-0.025664796105951862
210914,4,-0.06473898881425875
210914,5,-0.013917437998622531
210914,6,-0.01899749069218053
210995,1,-0.006172951307279201
210995,2,0.006857197363184874
210995,3,-0.033699789836641666
210995,4,-0.06298512018869755
210995,5,-0.002068106811870781
210995,6,-0.012363863989418184
211155,1,-0.005806018204028434
211155,2,0.0027605195071266535
211155,3,-0.0340476500609761
211155,4,-0.06587564123470108
211155,5,-0.012092178115753072
211155,6,-0.006330992693556104
211431,1,-0.008417893121097234
211431,2,0.004168901681783784
211431,3,-0.02642987616165048
211431,4,-0.05837020508634842
211431,5,-0.00741539856285809
211431,6,-2.6851895327829965e-4
211509,1,-0.0670769158717725
211509,2,-0.027177285275402193
211509,3,0.06409982959790073
211509,4,0.0034887800279175705
211509,5,-0.045352791547474805
211509,6,0.12596040475615508
211711,1,-0.06735375738328206
211711,2,-0.032009863140106024
211711,3,0.061073099646170144
211711,4,0.00653460311462484
211711,5,-0.040756431501374174
211711,6,0.13754859184119497
211959,1,-0.06811838191603369
211959,2,0.0012653016969363042
211959,3,0.08300489469807522
211959,4,0.0015936239145368499
211959,5,-0.09064883240810111
211959,6,0.02694684525022219
212137,1,0.0036296294874998756
212137,2,-0.04850040351509537
212137,3,-0.026198744320430664
212137,4,0.003395645649974784
212137,5,0.03826685956756077
212137,6,0.11471421809565287
212351,1,-0.0527723711713815
212351,2,-0.02473632282367789
212351,3,0.040792112917676634
212351,4,-0.039217539288084365
212351,5,-0.03267052605477853
212351,6,0.10657135937611151
212528,1,-0.004326045864245195
212528,2,8.119736803877815e-4
212528,3,-0.037632550905547804
212528,4,-0.07771070626021594
212528,5,-0.017384123367820994
212528,6,-0.028769178795762823
212539,1,0.03582426788984139
212539,2,0.022834269082120492
212539,3,0.059979481767097734
212539,4,-0.02504337361612915
212539,5,0.04132204369008492
212539,6,-0.1188830690235299
212543,1,-0.018984024609162646
212543,2,0.016239504540627902
212543,3,-0.05227585508441307
212543,4,-0.08988629230678043
212543,5,-0.03892755540425841
212543,6,-0.0022517566686324334
212648,1,0.0031064225120458464
212648,2,-0.01653978981291067
212648,3,-0.006486428572729242
212648,4,0.009394860912360964
212648,5,0.015380380082188273
212648,6,-0.040013242570596685
212650,1,-0.012236972263241403
212650,2,0.01780010734261095
212650,3,-0.05231117350589622
212650,4,-0.09295236578733632
212650,5,-0.04086775615779292
212650,6,0.009291986215300127
213523,1,-0.013795452922749158
213523,2,0.009101729652544082
213523,3,-0.05729950990725648
213523,4,-0.08778479357863421
213523,5,-0.0463849226706843
213523,6,0.006590047515060611
213854,1,-0.01503824353083869
213854,2,0.007566236660218759
213854,3,-0.05651993088727532
213854,4,-0.09065885398202794
213854,5,-0.03790704107725873
213854,6,0.009381498946631862
213887,1,-0.010354387461437466
213887,2,0.012854597387643938
213887,3,-0.05835153851867541
213887,4,-0.09251434195679735
213887,5,-0.027477663166270698
213887,6,0.009569365963511468
214373,1,-0.05761848852752084
214373,2,-0.02103162460404254
214373,3,0.040157826043419886
214373,4,-0.04033122383485747
214373,5,-0.03865666108175347
214373,6,0.12453402604671639
214661,1,-0.01599642120151666
214661,2,0.011849658447664106
214661,3,-0.05215690228009087
214661,4,-0.08366572951199329
214661,5,-0.035821952178526996
214661,6,0.003788779912551581
214664,1,-0.011695346048893721
214664,2,0.012758709564970305
214664,3,-0.058790534007661044
214664,4,-0.09051801142890564
214664,5,-0.03731676626640461
214664,6,0.011646773071450428
215082,1,-0.06375382324872955
215082,2,-0.005825231367934462
215082,3,0.11613457802719562
215082,4,0.015114651761875483
215082,5,-0.05332332621061693
215082,6,0.01889899508396496
215271,1,-0.015343385302246684
215271,2,0.009173725688502379
215271,3,-0.06363590788198142
215271,4,-0.08347388807974741
215271,5,-0.0405509490917082
215271,6,0.010105208017045413
215377,1,-0.013886845529811105
215377,2,0.009843310251275907
215377,3,-0.05878849796010688
215377,4,-0.08185655647083823
215377,5,-0.03646290075379435
215377,6,4.8034929991468085e-4
215399,1,-0.015416280839042926
215399,2,0.01273429314586167
215399,3,-0.05848578301583565
215399,4,-0.0830129022907939
215399,5,-0.04092206018882381
215399,6,0.011148388109129303
215424,1,7.134399097640218e-4
215424,2,-0.03794107295939506
215424,3,-0.016036018071211085
215424,4,0.013451265515032743
215424,5,0.03753503897533838
215424,6,0.08567869166032747
215444,1,-0.01484233434353459
215444,2,0.012730693616320758
215444,3,-0.05739413470658738
215444,4,-0.08635506327815425
215444,5,-0.036998258418571614
215444,6,0.001863036532670296
215453,1,-0.005258774080150184
215453,2,0.003619379640531941
215453,3,0.00549262057900726
215453,4,-0.004949465627792061
215453,5,0.003829399897417721
215453,6,0.00426589292054521
215477,1,0.004153434709479938
215477,2,-0.01421600262017344
215477,3,-0.025800544601325574
215477,4,0.009251267150422094
215477,5,0.04534014983212028
215477,6,0.048065849011565256
215590,1,-0.012776645137163412
215590,2,0.012235807456579135
215590,3,-0.0603906845719107
215590,4,-0.09336251200098722
215590,5,-0.030568502089816374
215590,6,0.0031674357756781408
215641,1,-0.012348506915260926
215641,2,0.013236054662567566
215641,3,-0.06172554428789068
215641,4,-0.08270117152052676
215641,5,-0.03580371493919408
215641,6,0.009142996431988357
215664,1,-0.018708364807045554
215664,2,0.01319820808709316
215664,3,-0.05401563791147565
215664,4,-0.09687728089759552
215664,5,-0.041978839858854984
215664,6,0.008005659247108131
215861,1,0.009799020975329307
215861,2,-0.013979216531910447
215861,3,-0.03187150940623934
215861,4,0.015747132505388194
215861,5,0.05083919709759947
215861,6,0.05527692729985459
215958,1,1.9725770751333186e-4
215958,2,0.008539376257684025
215958,3,-0.0010807835075450627
215958,4,-0.006534577589565856
215958,5,0.007419446861621785
215958,6,-0.0029712257276376395
216021,1,-0.016837100101003716
216021,2,0.014739261842283002
216021,3,-0.05552725882098931
216021,4,-0.08639091468586844
216021,5,-0.04279205454508981
216021,6,0.011114199030365172
216098,1,-0.007674586101752372
216098,2,-0.012821148276740699
216098,3,-0.08602121493683129
216098,4,-0.06380160291786612
216098,5,0.018657474271798317
216098,6,0.05401568590704351
216220,1,-0.015365365355905212
216220,2,0.012771083451492193
216220,3,-0.06349278842092781
216220,4,-0.08764118634274409
216220,5,-0.04258588519468781
216220,6,0.02860450605105428
216222,1,-0.015392272090815923
216222,2,0.011175577333023655
216222,3,-0.05472089889681527
216222,4,-0.083179599719429
216222,5,-0.03809564215982779
216222,6,0.004646856222721691
216323,1,-0.012836833899392525
216323,2,0.016315554282894777
216323,3,-0.057931678355864276
216323,4,-0.0887122032590298
216323,5,-0.02940614180707683
216323,6,0.006744278766401424
216647,1,-0.01934805567638161
216647,2,0.014093899947486915
216647,3,-0.0644894808768551
216647,4,-0.09245343125317139
216647,5,-0.0329931992706581
216647,6,-0.0038597073522626214
216811,1,-0.058160038652997494
216811,2,-0.027040063551589805
216811,3,0.04717717801365675
216811,4,-0.035460358772488036
216811,5,-0.03524146307944735
216811,6,0.10923817173770271
216835,1,0.0026550517634504026
216835,2,-0.045294588324703344
216835,3,-0.016016458769089432
216835,4,0.010689445181029184
216835,5,0.043955924664607744
216835,6,0.12553513663341626
217074,1,-0.05229931645456846
217074,2,-0.03796477603182819
217074,3,0.0777693291348721
217074,4,0.02956357083230069
217074,5,-0.002804168036966269
217074,6,0.11685682367209012
217281,1,-0.04766205260567541
217281,2,-0.040812685927861206
217281,3,0.0795775784944679
217281,4,0.03226780595004128
217281,5,-0.011382545683842216
217281,6,0.10127713708118914
217731,1,-0.017864830204272094
217731,2,0.012901667524100378
217731,3,-0.06285071089993993
217731,4,-0.08966069342336404
217731,5,-0.03798635442442935
217731,6,0.0028434798945669447
217894,1,6.799263425683598e-4
217894,2,-0.047209333944996976
217894,3,-0.021551559139293137
217894,4,0.014905120300620163
217894,5,0.039993623467820566
217894,6,0.1107988998670852
218783,1,-0.012685748064693605
218783,2,0.00893838709364841
218783,3,-0.058214521843622136
218783,4,-0.08866693133215699
218783,5,-0.029198492453381093
218783,6,0.0034629140884339465
219011,1,-0.07571339913831804
219011,2,-0.028779665340478728
219011,3,0.045873701094772075
219011,4,-0.051987643508521655
219011,5,-0.03642335353677204
219011,6,0.05173506204271658
219099,1,-0.0731882069255156
219099,2,-0.012034713368585583
219099,3,0.10879870642736317
219099,4,0.017057001744842322
219099,5,-0.04527235799517213
219099,6,-0.058482021607299935
219275,1,-0.016011998265053597
219275,2,0.007463752576331264
219275,3,-0.056585180821147454
219275,4,-0.08909984208250105
219275,5,-0.03413883493430211
219275,6,-0.005404207740463405
219286,1,-0.013469558755283629
219286,2,0.013441697213842887
219286,3,-0.058262524655067975
219286,4,-0.09101731955447095
219286,5,-0.03996456468525204
219286,6,0.023581046643662906
219362,1,-0.07321936749425438
219362,2,-0.009626105801780109
219362,3,0.09906667052484235
219362,4,0.0032349528288781416
219362,5,-0.04307828705757805
219362,6,-0.04897214237776192
219662,1,-0.018089866423099794
219662,2,0.012461403167413313
219662,3,-0.04853733752476441
219662,4,-0.08713510400636455
219662,5,-0.03011706768706291
219662,6,-0.001554464548553378
219671,1,-0.031568928671786095
219671,2,0.014071930041236717
219671,3,0.02339212976942939
219671,4,0.02717513868160013
219671,5,0.01559986052052698
219671,6,0.0073605169972608625
220059,1,-0.07670225047130055
220059,2,-0.015826332174301773
220059,3,0.11045645853296308
220059,4,0.008354679105742087
220059,5,-0.05059646826535529
220059,6,-0.04108846014240763
220197,1,-0.08014644533575874
220197,2,0.0012558221360690629
220197,3,0.05840033528172986
220197,4,-0.05830962975087574
220197,5,-0.07923676752210075
220197,6,-0.02851626230599262
220204,1,-0.08674629195809863
220204,2,-0.0018530826011986263
220204,3,0.05406567765973679
220204,4,-0.06166954732558257
220204,5,-0.07721033514775831
220204,6,-0.020945394743760413
220290,1,-0.018941506354891318
220290,2,0.010242496450729789
220290,3,-0.06076318411868385
220290,4,-0.07889912841509347
220290,5,-0.03285570335670363
220290,6,-0.0030893494589844606
220303,1,-0.019172304553191657
220303,2,0.013600789886008513
220303,3,-0.05927712665103782
220303,4,-0.08865165034437518
220303,5,-0.030516004754622048
220303,6,-0.005028019259492843
220444,1,-0.07381363049106175
220444,2,-0.008932387738911881
220444,3,0.10193373902819876
220444,4,0.008788430467734218
220444,5,-0.05896319564530043
220444,6,-0.04801484851900842
220586,1,-0.016158740677511
220586,2,0.01271852087076656
220586,3,-0.05907029228971689
220586,4,-0.0727096782122509
220586,5,-0.041041609948521886
220586,6,-0.003586773023028164
220592,1,-0.015634491115774928
220592,2,0.010744779284655379
220592,3,-0.05673730336487407
220592,4,-0.0850984069093537
220592,5,-0.03568054138995961
220592,6,0.008380959855604287
220649,1,-0.01475332318459022
220649,2,0.011500501101030885
220649,3,-0.05707864370803105
220649,4,-0.09219669769842656
220649,5,-0.03694831969800425
220649,6,0.006535025248485602
220757,1,-0.01693444421192766
220757,2,0.01659670775498187
220757,3,-0.05614894795925895
220757,4,-0.07125362795526716
220757,5,-0.025686509353799
220757,6,0.013564884945521067
220807,1,-0.015182738596457706
220807,2,0.014333292664498218
220807,3,-0.05495530882945643
220807,4,-0.07901488586967263
220807,5,-0.0421007046261899
220807,6,0.009577681176575824
221018,1,-0.01819298351613501
221018,2,0.01410676754657009
221018,3,-0.0559678382219804
221018,4,-0.08797020278897374
221018,5,-0.0367366432700132
221018,6,0.016346721277802113
221099,1,-0.01959568778663627
221099,2,0.01051634582177509
221099,3,-0.062420642293347234
221099,4,-0.09234089506724279
221099,5,-0.02736336191867613
221099,6,-0.001888976428953904
221513,1,-0.01287865768626102
221513,2,0.009326039203592595
221513,3,-0.05954551236505491
221513,4,-0.08651780579456746
221513,5,-0.02689351804890827
221513,6,0.00635899310181251
221832,1,-0.01701349444874357
221832,2,0.012570367960933799
221832,3,-0.060406864880839885
221832,4,-0.07929902163542477
221832,5,-0.03483873569936597
221832,6,-0.0026889961534698674
221942,1,-0.08395506689054756
221942,2,0.0025226633294954536
221942,3,0.062270383091287546
221942,4,-0.06008546840298333
221942,5,-0.0818157166283788
221942,6,-0.03163761792291728
222262,1,0.004340951863887014
222262,2,-0.04173543700165531
222262,3,-0.00923935728149499
222262,4,0.010324611258826213
222262,5,0.03888271733832139
222262,6,0.11148290565970932
222632,1,-0.00994111672352316
222632,2,0.014890424708689478
222632,3,-0.06069829745674302
222632,4,-0.09017325922595675
222632,5,-0.04531307313581339
222632,6,0.00856138257540968
222674,1,-0.07134440058282131
222674,2,-0.011054913781529379
222674,3,0.1079319965798117
222674,4,0.011920331951341012
222674,5,-0.05305729741567498
222674,6,-0.04638242630207831
222708,1,-0.07174099720893794
222708,2,-0.014819434936739678
222708,3,0.11378425090180481
222708,4,0.018510367128297955
222708,5,-0.05579016139935802
222708,6,-0.053753787477070596
222831,1,0.003280993662428318
222831,2,0.007002004695815297
222831,3,0.01076138685059529
222831,4,0.0026707228569580648
222831,5,0.017533745738002898
222831,6,-0.014998870371931879
222836,1,-0.07704902100939974
222836,2,-0.03657735442823278
222836,3,0.04251985938789734
222836,4,-0.048937877476985185
222836,5,-0.034312603311564334
222836,6,0.05377322700776815
222994,1,-0.07157503844844307
222994,2,-0.009493886078028655
222994,3,0.10769036835159713
222994,4,0.009155267986107636
222994,5,-0.05215385661490169
222994,6,-0.04012548945155589
223172,1,-0.07025650403785212
223172,2,-0.01569614225868301
223172,3,0.10634807492742526
223172,4,0.010884888815167266
223172,5,-0.05365310739317255
223172,6,-0.04184112658809063
223255,1,-0.07563761147096378
223255,2,-0.01508903547291476
223255,3,0.10563544743242262
223255,4,0.011885589998592884
223255,5,-0.04979252046822461
223255,6,-0.048493880050670596
223435,1,-0.0027000663217957247
223435,2,-0.04697786161460954
223435,3,-0.019283197021259062
223435,4,0.01803052631153656
223435,5,0.04236580412229943
223435,6,0.10756540887917708
223439,1,-0.07542694736913684
223439,2,-0.014096126874990773
223439,3,0.10953447028837854
223439,4,0.016255158283525573
223439,5,-0.0512277729010027
223439,6,-0.04636685801476343
223538,1,-0.08245679785890835
223538,2,0.0026410697376189145
223538,3,0.05847900298928007
223538,4,-0.05778970397812569
223538,5,-0.07912661992941668
223538,6,-0.03753589437855615
223707,1,-0.012949860715482656
223707,2,0.008512321449994998
223707,3,-0.0606578609897487
223707,4,-0.09217151501177015
223707,5,-0.03281776744426573
223707,6,0.002168761596478076
223858,1,-0.07828003465421052
223858,2,-0.03539384923055691
223858,3,0.0417552664546202
223858,4,-0.04346241683948455
223858,5,-0.033811202875779184
223858,6,0.05499822908217738
224128,1,-0.07128418389038488
224128,2,-0.015843158618422795
224128,3,0.10750387805810124
224128,4,0.01160900505016042
224128,5,-0.05702333411639245
224128,6,-0.039194495809197455
224173,1,-0.07745828013743376
224173,2,-0.007082857523745375
224173,3,0.06491509564434177
224173,4,-0.06093050955212794
224173,5,-0.07721223238662281
224173,6,-0.03806637661656034
224486,1,0.0025288559082476095
224486,2,-0.004566659389991549
224486,3,-0.00738818789042034
224486,4,-0.002870363452915658
224486,5,-0.0010993290125740816
224486,6,-0.007840611514504593
224601,1,-0.07151648076507428
224601,2,-0.017005116806616507
224601,3,0.10855846694158126
224601,4,0.008578366691491144
224601,5,-0.05899869933033419
224601,6,-0.035812712685311415
224941,1,-0.08257904398747924
224941,2,-0.005190671070850547
224941,3,0.05584165904732476
224941,4,-0.05932903120536624
224941,5,-0.08084432382383507
224941,6,-0.040523411791350286
224971,1,-0.08276870359178724
224971,2,7.237540595354752e-4
224971,3,0.05787293252394789
224971,4,-0.05949370850510906
224971,5,-0.07440630109785527
224971,6,-0.03463571105911489
225058,1,-0.0831714685155161
225058,2,-0.0018844203719583772
225058,3,0.062322886947013455
225058,4,-0.06345130751900564
225058,5,-0.06676227942615569
225058,6,-0.04392706106972261
225412,1,-0.072956731722055565
225412,2,-0.01462662861218858
225412,3,0.10738049886158545
225412,4,0.009845714529298579
225412,5,-0.0409728624108585
225412,6,-0.04850407733169801
225414,1,-0.014307275582685073
225414,2,0.016139004122557275
225414,3,-0.0601364020659477
225414,4,-0.09057697864046144
225414,5,-0.032774546532191
225414,6,-2.970975650346546e-4
225444,1,-0.0750837486415416
225444,2,-0.01573466952204003
225444,3,0.09806377702820551
225444,4,0.010766081755274144
225444,5,-0.05316162871304463
225444,6,-0.048589578406270886
225605,1,-0.012525607267672514
225605,2,0.01654858115889818
225605,3,-0.06335120541267751
225605,4,-0.07817015712478333
225605,5,-0.016006056386603275
225605,6,0.009331877374157685
225622,1,-0.012731677014581269
225622,2,0.02038643258228375
225622,3,-0.05648964492593002
225622,4,-0.08018967957480429
225622,5,-0.03791660010283157
225622,6,0.005047806224261653
225704,1,0.01352220489874997
225704,2,0.006155103941982013
225704,3,0.017302814593718477
225704,4,0.0028670603982229744
225704,5,-0.028049672057987394
225704,6,0.08567308640573
225768,1,-0.07171030311114149
225768,2,-0.009360870379699807
225768,3,0.11446020029499349
225768,4,0.008730356549361074
225768,5,-0.04059252343909749
225768,6,-0.039857208372826095
226066,1,-0.017562933050144558
226066,2,0.010585233929804084
226066,3,-0.057350313979863544
226066,4,-0.08578356273021394
226066,5,-0.03550120774844212
226066,6,0.007433426568441323
226153,1,-0.016965457594185742
226153,2,0.008527116602314203
226153,3,-0.05691075151045192
226153,4,-0.08997911559808
226153,5,-0.03167483441387986
226153,6,0.002784827918397549
226430,1,-0.01355762968283996
226430,2,0.010703846310259411
226430,3,-0.0612356280009373
226430,4,-0.08870454468341692
226430,5,-0.03302020428034204
226430,6,0.012626803317764935
226444,1,0.03919188574881372
226444,2,-0.016930241689882577
226444,3,0.04351281534990158
226444,4,-0.032356495843776915
226444,5,0.053770206397997476
226444,6,-0.0018118241036767042
226518,1,0.03785332111094289
226518,2,-0.012196135622713029
226518,3,0.042784424736872426
226518,4,-0.016793503231334488
226518,5,0.05658579526007371
226518,6,-0.03123630134293918
226569,1,-0.012800002036844964
226569,2,0.015492605082467432
226569,3,-0.06388896145845328
226569,4,-0.09437093905831355
226569,5,-0.03167546217531411
226569,6,-0.0018309889195134406
226789,1,0.022785264756205303
226789,2,-0.009500285069060574
226789,3,0.015451374781357817
226789,4,-0.058096620597336786
226789,5,0.032794660849314324
226789,6,-0.008804230683066966
227142,1,0.037964553707685166
227142,2,0.001006630731440701
227142,3,0.048510010985889813
227142,4,-0.0317127615042878
227142,5,0.05064839529336763
227142,6,-0.009404612072378313
227246,1,0.026987873420016715
227246,2,-0.010097059574212898
227246,3,0.011150475288682753
227246,4,-0.05403764589494921
227246,5,0.024316165311501825
227246,6,0.003375152348402091
227563,1,0.004358130111308958
227563,2,-0.04196251436896272
227563,3,-0.017238350610140434
227563,4,0.00839770438176827
227563,5,0.04486936030116885
227563,6,0.10636434307716693
227967,1,0.02065541031919974
227967,2,-0.016291085216172483
227967,3,0.00968834055579175
227967,4,-0.05117568929781704
227967,5,0.024063715433821346
227967,6,-0.02577185417953987
228206,1,0.0250527810792178
228206,2,-0.006068865356267863
228206,3,0.013380481535958411
228206,4,-0.06036441884107044
228206,5,0.021420473903109218
228206,6,-0.008402156269787466
228355,1,-0.018207073038458924
228355,2,0.010606443923561361
228355,3,-0.06341284891414053
228355,4,-0.08906710588026412
228355,5,-0.038131293826193305
228355,6,0.019640732063121207
228577,1,0.02236345142960154
228577,2,-0.008209455439925753
228577,3,0.00880634358722004
228577,4,-0.04807900806400558
228577,5,0.029093138707518323
228577,6,-0.018721913442356592
228706,1,-0.013193198451229562
228706,2,0.012459155251173588
228706,3,-0.0532857598674833
228706,4,-0.09529455354740397
228706,5,-0.03286379988360488
228706,6,-0.012353177141751446
228740,1,-0.01670343598692457
228740,2,0.011483441782527025
228740,3,-0.06106621405642175
228740,4,-0.08113647530174736
228740,5,-0.04368719365516102
228740,6,-2.0004203434174434e-4
228814,1,-0.015275896178521308
228814,2,0.015742768240629708
228814,3,-0.05952462253921208
228814,4,-0.09333342746408362
228814,5,-0.03846838499026399
228814,6,-0.005173504207359036
228889,1,-0.015087959942419687
228889,2,0.017741107489016528
228889,3,-0.06653293060675497
228889,4,-0.09190064066166127
228889,5,-0.03375944444235741
228889,6,0.008623158595280135
228998,1,-0.015825710976684684
228998,2,0.012639328386072532
228998,3,-0.05449363171330516
228998,4,-0.08563526368600478
228998,5,-0.045149940246654266
228998,6,0.009380513317092203
229012,1,-0.011213380623432924
229012,2,0.010392675586741909
229012,3,-0.06066709397476139
229012,4,-0.09092285992908679
229012,5,-0.03342611405918157
229012,6,-0.0015803511770283365
229456,1,0.03941521348372195
229456,2,-0.020456773393429793
229456,3,0.049421541243114306
229456,4,-0.02953330947099282
229456,5,0.058537644830342836
229456,6,-0.0023139038890683684
229479,1,-0.01967644843467043
229479,2,0.019466832533766576
229479,3,-0.05893367960815841
229479,4,-0.0904728069638489
229479,5,-0.03849424966335742
229479,6,0.010977387802837841
229495,1,0.02262847614915749
229495,2,-0.013081224467844044
229495,3,0.015249513141891786
229495,4,-0.05503024150470373
229495,5,0.01826260260146659
229495,6,-0.016735088156522394
229679,1,-0.003906698737401754
229679,2,0.008584147199455687
229679,3,0.005578680000683918
229679,4,-0.01615641865200069
229679,5,0.01797733844582814
229679,6,-0.016559903649401762
229722,1,0.026080816129722705
229722,2,-0.008349418327445228
229722,3,0.00814582832333374
229722,4,-0.056077626900155754
229722,5,0.0315995331662696
229722,6,-0.006680136853953347
229744,1,-0.002257036498007214
229744,2,-0.04527687501560404
229744,3,-0.019093623712168214
229744,4,0.011479011654347988
229744,5,0.03817432585859009
229744,6,0.12231308298947142
229978,1,0.03628473964034775
229978,2,-0.015268355815351693
229978,3,0.04466877041000895
229978,4,-0.03121997384841004
229978,5,0.057668204805930996
229978,6,0.01435560547780952
230053,1,-0.05529328861523962
230053,2,0.010836183655050905
230053,3,0.048229426656588435
230053,4,0.03531656100330118
230053,5,0.0043275019362522035
230053,6,0.038914195845268465
230177,1,0.03478931302167684
230177,2,-0.0061043081818469656
230177,3,0.03804128268777415
230177,4,-0.02711719736436148
230177,5,0.05925198203088879
230177,6,-0.009306017083293002
230516,1,0.023012819703694603
230516,2,-0.009724187813829034
230516,3,0.016248990411079713
230516,4,-0.06077648184669332
230516,5,0.03216186684127421
230516,6,3.321731944625545e-4
230541,1,0.020293807313103363
230541,2,-0.005220587828131851
230541,3,0.014062927979526062
230541,4,-0.046308725374854184
230541,5,0.031232476988214034
230541,6,-0.01096814171956955
230859,1,0.03839162058856064
230859,2,-0.0025028877750949245
230859,3,0.040921740940091086
230859,4,-0.030273592023015477
230859,5,0.05690245204211781
230859,6,-0.03607227632458516
230983,1,0.035117633673853406
230983,2,-0.00453727776105895
230983,3,0.040029296691852984
230983,4,-0.029579178849550906
230983,5,0.05080687076163216
230983,6,-0.029766298661796933
231090,1,0.01617592067422793
231090,2,-0.0062259949606880425
231090,3,0.01227538547656989
231090,4,-0.056797888391829726
231090,5,0.022110122984437926
231090,6,-0.00621553382302473
231113,1,-0.01770200098904712
231113,2,0.00961798221222508
231113,3,-0.05903689063182806
231113,4,-0.07919369961559829
231113,5,-0.03990736580916097
231113,6,0.013514763895891846
231114,1,-1.8492666484102834e-4
231114,2,-0.04839372048697979
231114,3,-0.020172231497366765
231114,4,0.007464376057629961
231114,5,0.0358237397192747
231114,6,0.12334900810043256
231195,1,-0.010964887157348875
231195,2,-0.03573039684206547
231195,3,-0.08189749002555932
231195,4,-0.07779233860476335
231195,5,0.005437276413657796
231195,6,0.13141529659457327
231312,1,0.03733255287248631
231312,2,-0.005131598305526711
231312,3,0.03815079003957832
231312,4,-0.037604576098948704
231312,5,0.04834902552951271
231312,6,-0.040974818996488124
231505,1,0.03618347626409331
231505,2,-0.011723175414827708
231505,3,0.041956362696352056
231505,4,-0.03379478163759709
231505,5,0.04588495835532621
231505,6,-0.009646960204647587
231676,1,-0.01799316974098883
231676,2,0.017247324783711517
231676,3,-0.058755475761608326
231676,4,-0.08839995437985212
231676,5,-0.03946053631646802
231676,6,4.484007688626954e-5
232011,1,-0.01610850711322787
232011,2,0.014983273400046628
232011,3,-0.0633618174238808
232011,4,-0.09630419110960572
232011,5,-0.02997779464685478
232011,6,0.010380587271852213
232107,1,0.02422360356115328
232107,2,-0.0098952371274978225
232107,3,0.01210681990987786
232107,4,-0.058221685590149716
232107,5,0.031570877379983826
232107,6,-0.0031338005366363976
232340,1,-0.017325283798647857
232340,2,0.0014566709392824142
232340,3,-0.053034991424429516
232340,4,-0.08780161805862302
232340,5,-0.035059678179404134
232340,6,0.009759411325579998
232580,1,0.03703684229237867
232580,2,-3.445888364867798e-4
232580,3,0.04328315248760493
232580,4,-0.029049635787372838
232580,5,0.06340029659101223
232580,6,-0.050034556051812444
233273,1,-0.01496378508565534
233273,2,0.0011771737300550632
233273,3,0.002531836885568742
233273,4,0.020433750613683358
233273,5,-0.007597652626410712
233273,6,-0.026310958525311578
233474,1,-0.01350027244875452
233474,2,-0.028485642826126253
233474,3,-0.07893869934148061
233474,4,-0.07619998172543341
233474,5,0.0034989671670108595
233474,6,0.13116006700686736
233475,1,-0.014586693247081445
233475,2,-0.02965668290228023
233475,3,-0.07890717740267592
233475,4,-0.08123734454796976
233475,5,0.0010801451417621873
233475,6,0.12993082694856373
233623,1,0.03722843867585893
233623,2,-0.004737769607500818
233623,3,0.04792902166874741
233623,4,-0.032876330477841595
233623,5,0.05993580748785675
233623,6,-0.03114487473161215
233858,1,2.50723943582848e-4
233858,2,-0.03812948026446046
233858,3,-0.01900727978036623
233858,4,0.011016331424426987
233858,5,0.03903039160269818
233858,6,0.11981461674219161
234179,1,0.027618128235018143
234179,2,1.8511367190994583e-4
234179,3,0.007119449048411277
234179,4,-0.05548723879364597
234179,5,0.024202635521336068
234179,6,-0.024838067169924368
234207,1,-0.0013961078280925723
234207,2,-0.04199271777162019
234207,3,-0.015837247228212687
234207,4,0.01350444651636797
234207,5,0.040232630413766
234207,6,0.10952526845187886
234360,1,0.026261519795582968
234360,2,-6.515590627103066e-5
234360,3,0.010177399226905592
234360,4,-0.05559206932209297
234360,5,0.0298631070868402
234360,6,-0.030881685037917706
234373,1,0.002693011982978929
234373,2,-0.0426878280953353
234373,3,-0.011449033894958117
234373,4,0.0016576778443668256
234373,5,0.0317880318697229
234373,6,0.11464571124175199
234703,1,0.009657881589101684
234703,2,-0.047271114624259904
234703,3,-0.029401596145507594
234703,4,0.015996410994404055
234703,5,0.04862227913043795
234703,6,0.10434675783730771
235107,1,0.02247496725663686
235107,2,-0.009141481737149607
235107,3,0.015256090992303342
235107,4,-0.05639982781057822
235107,5,0.03237717821603278
235107,6,0.013775420029170756
235532,1,0.0011709106678977107
235532,2,-0.04451502002235125
235532,3,-0.016584085722662345
235532,4,0.012004122091809323
235532,5,0.03625441369574646
235532,6,0.11677825390736353
235722,1,0.02553656629431427
235722,2,-0.011747006127363372
235722,3,0.010126172916137955
235722,4,-0.056662653151984675
235722,5,0.03070870454451794
235722,6,0.002797781614226904
235970,1,0.021245202675457105
235970,2,-0.01100798221372417
235970,3,0.013294161193952651
235970,4,-0.06310539572954263
235970,5,0.03721120661431795
235970,6,-0.016252050651841956
236088,1,0.019396652731547285
236088,2,-0.008355277353510878
236088,3,0.014802060184112837
236088,4,-0.06368359633400139
236088,5,0.02352733157077
236088,6,-0.006505284051318563
236168,1,0.023767404202394232
236168,2,-0.01361442769551168
236168,3,0.011968764924117605
236168,4,-0.06255450803378498
236168,5,0.03446224409355895
236168,6,-0.005297392345009586
236238,1,0.02551582337818645
236238,2,-0.008415262907539215
236238,3,0.022416105167266904
236238,4,-0.04895264185237757
236238,5,0.034235768022549976
236238,6,-0.02126090751821616
236272,1,5.187795817989778e-4
236272,2,-0.04625714030410397
236272,3,-0.015532776421518117
236272,4,0.008386219800755395
236272,5,0.042315492756679556
236272,6,0.11420465118503612
236286,1,0.020395526652902833
236286,2,-0.0121190840555618
236286,3,0.0026170056666778383
236286,4,-0.05863829323564812
236286,5,0.025251104599673203
236286,6,0.001169173585522223
236328,1,0.02079527952975544
236328,2,-0.008049906722464173
236328,3,0.008689898085427425
236328,4,-0.06060398493837709
236328,5,0.024534968622082223
236328,6,0.002339212313484574
236419,1,0.02576505697347832
236419,2,-0.016192415709117284
236419,3,0.017074176810309705
236419,4,-0.05402799578360898
236419,5,0.026763607985088984
236419,6,-0.004363092598186596
236802,1,0.023778547250394688
236802,2,-0.0010146212946243857
236802,3,0.010100425612704404
236802,4,-0.05289056229581696
236802,5,0.026585987597340443
236802,6,-0.006634223319346408
236992,1,0.021931839874629613
236992,2,-0.012438049506372586
236992,3,0.00991284373464046
236992,4,-0.058412276979553354
236992,5,0.020527469115697188
236992,6,-0.011784320263879088
237052,1,0.018694603010745763
237052,2,-0.008641908287267089
237052,3,0.011041651752576376
237052,4,-0.05470553583338833
237052,5,0.025637603189414392
237052,6,-0.004116983629475408
237363,1,-0.00251884081865988
237363,2,0.00871920323577983
237363,3,-0.017946165816880688
237363,4,-0.009005941014561881
237363,5,-0.005562996668993253
237363,6,0.008376512430666432
237418,1,0.02639934323280811
237418,2,-0.013200342011727057
237418,3,0.01371569442954704
237418,4,-0.06453003527569534
237418,5,0.034145862262861225
237418,6,-0.011082464532858348
237497,1,0.022671334444896173
237497,2,-0.011560491758038114
237497,3,0.017067473028052463
237497,4,-0.0569564663287072
237497,5,0.01935152802887275
237497,6,-0.002837406833470316
237545,1,0.02196215491957953
237545,2,-0.012394444111983663
237545,3,0.015437063815569018
237545,4,-0.06682719727123071
237545,5,0.023694584980369582
237545,6,0.0010045350096308191
237569,1,0.019207037854171972
237569,2,-0.006900372999787394
237569,3,0.013652171239671357
237569,4,-0.05103762251151647
237569,5,0.030988366796161005
237569,6,-0.002583124899729465
237618,1,0.023349428294663296
237618,2,-0.008730088804210936
237618,3,0.023861512564502047
237618,4,-0.05686043091977681
237618,5,0.019075870612676155
237618,6,-0.01941251467386257
237677,1,0.036804243327545345
237677,2,-0.0027977882828248493
237677,3,-0.0010695958774871199
237677,4,-0.052801406461339205
237677,5,0.043686991663250005
237677,6,-0.0027322427949532588
238020,1,0.021026023998648277
238020,2,-0.010018574476147608
238020,3,0.012009455701666071
238020,4,-0.053074627697345333
238020,5,0.030075172184540845
238020,6,0.0029594435646465318
238421,1,7.070449631511773e-4
238421,2,4.556595168312141e-4
238421,3,0.013288495762598407
238421,4,-0.00920057719559066
238421,5,-0.022117822906569648
238421,6,0.018215990465963703
238441,1,0.020748709552336056
238441,2,-0.01089199729370178
238441,3,0.015343601450775412
238441,4,-0.05912564427756838
238441,5,0.0257229661529014
238441,6,-0.014400250429035612
238507,1,0.028196981809729193
238507,2,0.0023548930100886793
238507,3,0.007262120152914731
238507,4,-0.06263236701589199
238507,5,0.017885794135926295
238507,6,-0.03659235409629918
238530,1,0.022052159796941848
238530,2,-0.010832864134635158
238530,3,0.01556715204983319
238530,4,-0.05681809677970349
238530,5,0.03219496193290897
238530,6,-0.011284309607652284
238540,1,0.02713678039258127
238540,2,-0.009704442316721571
238540,3,0.014304753354201656
238540,4,-0.052439981126207964
238540,5,0.025063658220605474
238540,6,1.9233640325960703e-4
238737,1,0.019312501322209467
238737,2,-0.012427191935362224
238737,3,0.009997595428206303
238737,4,-0.06123656486885851
238737,5,0.0276587592272625
238737,6,0.004634858602834258
239294,1,0.01953253148641085
239294,2,-0.013849873213805278
239294,3,0.008732005152203307
239294,4,-0.05556371921045216
239294,5,0.024939917205991657
239294,6,-0.013137421565270462
239449,1,-0.0010013042137483493
239449,2,-0.04051699828752817
239449,3,-0.01726420703811834
239449,4,0.010108447945692316
239449,5,0.029749314913743517
239449,6,0.10458458271411192
239519,1,0.005627411731180409
239519,2,-0.03765708666291764
239519,3,-0.022399395561871586
239519,4,0.018519946883931396
239519,5,0.04503577675400928
239519,6,0.11951993302257144
239664,1,0.016278270191992728
239664,2,-0.011072347909920848
239664,3,0.014261620676656176
239664,4,-0.05566656263964563
239664,5,0.02926632512114326
239664,6,-0.017688808236727693
239688,1,0.02227784456648651
239688,2,-0.01112182102413234
239688,3,0.011629360020567255
239688,4,-0.057434048440105676
239688,5,0.028418974103866904
239688,6,-0.012518114546968877
239697,1,0.0199303538731769
239697,2,-0.004851539153998666
239697,3,0.014121110882722877
239697,4,-0.04839649877930033
239697,5,0.02337684247295486
239697,6,-0.010225359897289732
239936,1,7.3214222351609e-4
239936,2,-0.046641270625688305
239936,3,-0.018884820405276812
239936,4,0.015420783794803475
239936,5,0.0491029880167966
239936,6,0.10692449581787095
240704,1,0.02861571980009824
240704,2,-0.015092362823690702
240704,3,0.04170780905877389
240704,4,-0.042865839521689604
240704,5,0.049957834061225906
240704,6,-0.010380513071600886
240706,1,0.028381004053874243
240706,2,-0.013259495750651596
240706,3,0.047793503526214885
240706,4,-0.035022055244585126
240706,5,0.04248127125296757
240706,6,-0.014362658515533321
241234,1,0.03455697017235964
241234,2,-0.008297362151480931
241234,3,0.043640194835739214
241234,4,-0.043846773108196485
241234,5,0.043900686322600344
241234,6,0.005406002261786381
241366,1,0.030553263122580585
241366,2,-0.01181015190481711
241366,3,0.040147498732519514
241366,4,-0.04159526750713563
241366,5,0.050236745731733055
241366,6,-0.008163190395304333
241396,1,0.030751745711459805
241396,2,0.01019588935041845
241396,3,0.04151804922011972
241396,4,-0.05152574478479104
241396,5,0.04715419226529454
241396,6,-0.02577461511145971
241638,1,0.009530011234938969
241638,2,-0.0018053040199646597
241638,3,-0.004989282884885496
241638,4,0.008405245846928158
241638,5,0.002866488908485678
241638,6,-0.010140817418343637
241883,1,-0.0032022524896229954
241883,2,-0.0010493523548569654
241883,3,-0.010776057146420229
241883,4,-0.0162067722180842
241883,5,-0.007868920513203573
241883,6,0.013897712561517542
241941,1,0.012412607109201437
241941,2,0.004635139446444312
241941,3,-0.010076579077603382
241941,4,0.022880540852429836
241941,5,-0.002412259115331595
241941,6,-0.055732233428906375
242409,1,0.012208864690523935
242409,2,-0.01073602316311975
242409,3,-0.012900032635197244
242409,4,0.009183242734269103
242409,5,-0.010122612329332795
242409,6,0.006131805988826195
242585,1,0.029228112730568405
242585,2,0.01079766489117479
242585,3,0.03352657490824507
242585,4,-0.02938528625481209
242585,5,0.05376197926546991
242585,6,-0.06121917871805918
242615,1,0.016452040456872843
242615,2,-0.01116411137606947
242615,3,-0.009697406717092686
242615,4,1.8734927552946658e-4
242615,5,-0.0014427962824470244
242615,6,0.00937255471941732
242685,1,0.02911021581714655
242685,2,-0.005615212334102366
242685,3,0.04469379926380574
242685,4,-0.03731983627126457
242685,5,0.03984927596624738
242685,6,0.002536050789119264
242694,1,0.010999073918030233
242694,2,-0.002559049373897
242694,3,-0.0059695288184443765
242694,4,0.015532600027088414
242694,5,0.003066981299578816
242694,6,0.014948835382844179
242798,1,0.006432633953052388
242798,2,-0.008936540372063324
242798,3,-0.002147493771492515
242798,4,-0.006123870636826146
242798,5,0.00925704047074228
242798,6,2.9622731113219985e-4
