SNP_ID,PC,loading
14604323,1,-0.28278017516376336
14604323,2,0.23888495759524614
14604361,1,-0.33380070105318793
14604361,2,-0.08064646356532841
14604588,1,-0.2916000416737443
14604588,2,0.2697005259978362
14604983,1,-0.2873938563729125
14604983,2,0.20997496048688102
14606041,1,-0.0373019319795427
14606041,2,-0.30679253758411423
14607040,1,-0.32513779212631
14607040,2,-0.0872038056389581
14607888,1,0.04321687321810383
14607888,2,0.33186885465504073
14608367,1,0.026363641638974835
14608367,2,0.2682329255519927
14608578,1,-0.3304083413457503
14608578,2,-0.10229411935678508
14609183,1,-0.3289369050641879
14609183,2,-0.09068580127139153
14609338,1,0.025135005753850283
14609338,2,0.35880453674619006
14610112,1,-0.3126563083236292
14610112,2,-0.14449445849875112
14610967,1,0.02382282624159296
14610967,2,0.30397106883618535
14610992,1,-0.3471756787461824
14610992,2,-0.12880375939672206
14611143,1,-0.020976958987481257
14611143,2,-0.284867285706325
14611235,1,0.021889110463820798
14611235,2,0.3630019710313384
14612284,1,-0.3058518492263863
14612284,2,0.2134813744159488
