0	1	1	1	1	1	1	1	1	1	1	1	1	1	2	1	1	1	1	1	1	1	1	2	2	1
1	2	2	2	1	2	1	1	2	2	2	1	1	1	2	1	2	1	2	1	2	1	1	2	2	1
2	2	2	2	1	2	1	1	1	1	1	1	1	1	2	1	2	1	2	1	2	1	1	2	2	1
3	2	2	2	1	2	1	1	1	1	1	1	1	1	2	1	2	1	2	1	2	1	1	2	2	1
4	2	2	2	1	2	1	1	2	2	2	2	1	2	2	1	1	2	1	1	1	2	1	2	2	1
5	2	2	2	1	2	1	1	2	2	2	1	1	2	2	1	1	2	1	1	1	2	1	2	2	1
6	2	2	2	1	2	1	1	2	2	2	1	1	1	2	1	1	1	1	1	1	1	1	2	2	1
7	2	2	2	1	2	1	1	2	2	2	1	1	1	2	1	1	1	1	1	1	1	1	2	2	1
8	1	1	1	1	1	1	1	1	1	1	1	1	1	2	1	2	1	2	1	2	1	1	2	2	1
9	1	2	2	1	1	1	1	1	1	1	1	1	1	2	1	2	1	2	1	2	1	1	2	2	1
10	2	2	2	1	2	1	1	2	2	2	1	1	1	2	1	2	1	2	1	2	1	1	2	2	1
11	2	2	2	1	2	1	1	2	2	2	1	1	1	2	1	1	1	1	1	1	1	1	2	2	2
12	2	2	2	2	1	1	1	1	1	1	1	1	2	2	1	1	2	1	1	1	2	1	2	2	1
13	1	1	2	1	1	1	1	2	2	2	1	1	1	2	1	1	1	1	1	1	1	1	2	2	2
14	1	2	2	1	1	1	1	1	1	1	1	1	1	2	2	2	1	2	1	2	1	1	2	2	1
15	1	1	1	1	1	1	1	1	1	1	1	1	1	2	1	1	1	1	1	1	1	1	1	1	1
16	2	2	2	1	2	1	1	2	2	2	2	1	1	2	1	1	1	1	1	1	1	1	1	1	1
17	2	2	2	1	2	1	1	2	2	1	2	1	1	2	1	1	1	1	1	1	1	1	1	1	1
18	2	2	2	1	2	1	1	2	2	1	2	1	1	2	1	1	1	1	1	1	1	1	1	1	1
19	1	1	1	1	1	1	1	1	1	2	1	1	1	2	1	1	1	1	1	1	1	1	1	1	1
20	1	2	2	1	1	1	1	1	1	1	2	1	1	2	2	2	1	2	1	2	1	1	2	2	1
21	2	2	2	1	2	1	1	2	2	2	1	1	1	2	1	1	1	1	1	1	1	1	2	2	1
22	2	2	2	1	2	1	1	2	2	2	1	1	1	2	1	2	1	2	1	2	1	1	2	2	1
23	2	2	2	1	2	1	1	2	2	2	2	1	1	2	1	2	1	2	1	2	1	1	2	2	1
24	2	2	2	1	2	1	1	2	2	2	2	1	1	2	1	2	1	2	1	2	1	1	2	2	1
25	1	1	1	1	1	1	1	2	2	2	1	1	1	2	1	1	1	1	1	1	1	1	2	2	2
26	2	2	2	1	2	1	1	2	2	2	1	1	1	2	1	1	1	1	1	1	1	1	2	2	1
27	2	2	2	1	2	1	1	2	2	2	1	1	1	2	1	1	1	1	1	1	1	1	2	2	2
28	2	2	2	1	2	1	1	2	2	2	1	1	1	2	1	1	1	1	1	1	1	1	2	2	2
29	1	1	1	1	1	1	1	1	1	1	1	1	1	2	1	1	1	1	1	1	1	1	2	2	1
30	2	2	2	1	2	1	1	2	2	2	1	1	1	2	1	2	1	2	1	2	1	1	2	2	2
31	2	2	2	1	2	1	1	2	2	2	1	1	1	2	1	1	1	1	1	1	1	1	2	2	1
32	2	2	2	1	2	1	1	2	2	2	1	1	1	2	1	1	1	1	1	1	1	1	2	2	2
33	2	2	2	1	2	1	1	2	2	2	1	1	1	2	1	1	1	1	1	1	1	2	2	2	1
34	2	2	2	1	2	1	1	2	2	2	1	1	1	2	1	1	1	1	1	1	1	2	2	2	1
35	2	2	2	1	2	1	1	2	2	2	1	1	2	2	1	1	2	1	1	1	2	1	2	2	1
36	2	2	2	1	2	1	1	2	2	2	1	1	1	2	1	1	1	1	1	1	1	1	2	2	1
37	1	1	1	1	1	1	1	1	1	1	1	1	1	2	1	1	1	1	1	1	1	1	2	2	2
38	2	2	2	1	2	1	1	1	1	1	2	1	1	2	2	2	1	2	1	2	1	1	2	2	1
39	1	1	1	1	1	1	1	2	2	2	1	1	1	2	1	1	1	1	1	1	1	1	2	2	2
40	2	2	2	1	2	1	1	2	2	2	1	1	1	2	2	2	1	2	1	2	1	1	2	2	1
41	2	2	2	1	2	1	1	2	2	2	1	1	1	2	1	1	1	1	1	1	1	1	2	2	2
42	1	1	1	1	1	1	1	1	1	1	1	1	1	2	1	1	1	1	1	1	1	1	2	2	2
43	1	1	2	1	1	1	1	1	1	1	1	1	1	2	1	1	1	1	1	1	1	1	2	2	2
44	2	2	2	1	2	1	1	2	2	2	1	1	1	2	1	1	1	1	1	1	1	1	2	2	1
45	2	2	2	1	2	1	1	2	2	2	1	1	2	2	1	1	2	1	1	1	2	1	2	2	1
46	2	2	2	1	2	1	1	2	2	2	1	1	1	2	1	1	1	1	1	1	1	1	2	2	1
47	2	2	2	1	2	1	1	2	2	2	1	1	1	2	1	1	1	1	1	1	1	1	2	2	1
48	2	2	2	1	2	1	1	2	2	2	1	1	1	2	1	1	1	1	1	1	1	1	2	2	1
49	2	2	2	2	1	1	1	1	1	1	1	1	2	2	1	1	2	1	1	1	2	1	2	2	1
50	1	1	2	1	1	1	1	2	2	2	1	1	1	2	1	1	1	1	1	1	1	1	2	2	2
51	2	2	2	1	2	1	1	2	2	2	2	1	1	2	1	1	1	1	1	1	1	1	2	2	1
52	2	2	2	1	2	1	1	2	2	2	2	1	1	2	1	1	1	1	1	1	1	1	2	2	1
53	1	2	2	1	1	1	1	2	2	1	1	1	1	2	1	1	1	1	1	1	1	1	2	2	2
54	2	2	2	1	2	1	1	2	2	2	1	1	1	2	1	1	1	1	1	1	1	1	2	2	2
55	1	1	2	1	2	1	1	2	2	2	1	1	1	2	1	1	1	1	1	1	1	1	2	2	1
56	2	2	2	1	2	1	1	2	2	2	1	1	1	2	1	1	1	1	1	1	1	1	2	2	2
57	1	2	2	1	1	1	1	1	1	1	1	1	1	2	2	2	1	2	1	2	1	1	2	2	2
58	1	2	2	1	1	1	1	1	1	1	1	1	1	2	1	2	1	2	1	2	1	1	2	2	1
59	1	1	1	1	1	1	1	1	1	1	1	1	1	2	1	1	1	1	1	1	1	1	2	2	2
60	1	2	2	1	1	1	1	1	1	2	1	1	1	2	1	1	1	1	1	1	1	1	2	2	2
61	2	2	2	1	2	1	1	2	2	2	1	1	1	2	1	1	1	1	1	1	1	1	2	2	2
62	2	2	2	2	2	1	1	2	2	2	1	1	2	2	1	1	2	1	1	1	2	1	2	2	1
63	2	2	2	2	2	1	1	2	2	2	1	1	2	2	1	1	2	1	1	1	2	1	2	2	1
64	2	2	2	2	1	1	1	1	1	1	1	1	2	2	1	1	2	1	1	1	2	1	2	2	2
65	2	2	2	2	1	1	1	1	1	1	2	1	2	2	1	1	2	1	1	1	2	1	2	2	1
66	2	2	2	1	2	1	1	1	1	1	2	1	1	2	1	2	1	2	1	2	1	1	2	2	1
67	2	2	2	1	2	1	1	2	2	1	2	1	1	2	1	1	1	1	1	1	1	1	2	2	1
68	1	1	1	1	1	1	1	1	1	1	2	1	1	2	1	1	1	1	1	1	1	1	2	2	1
69	1	2	2	1	1	1	1	1	1	1	1	1	1	2	1	1	1	1	1	1	1	1	2	2	1
70	2	2	2	1	2	1	1	2	2	2	1	1	1	2	1	1	1	1	1	1	1	1	2	2	1
71	2	2	2	1	2	1	1	2	2	2	1	1	1	2	1	1	1	1	1	1	1	1	2	2	2
72	2	2	2	1	2	1	1	2	2	2	1	1	1	2	1	1	1	1	1	1	1	1	2	2	1
73	1	1	1	1	1	1	1	1	1	1	1	1	1	2	1	1	1	1	1	1	1	1	2	2	1
74	2	2	2	1	2	1	1	2	2	2	1	1	1	2	1	1	1	1	1	1	1	1	2	2	2
75	2	2	2	1	2	1	1	2	2	2	1	1	1	2	1	1	1	1	1	1	1	1	2	2	2
76	1	1	1	1	1	1	1	1	1	1	1	1	1	2	1	1	1	1	1	1	1	1	2	2	2
77	2	2	2	1	2	1	1	2	2	2	1	1	1	2	1	1	1	1	1	1	1	1	2	2	1
78	2	2	2	1	2	1	1	2	2	2	1	1	1	2	1	1	1	1	1	1	1	1	2	2	2
79	1	1	1	1	1	1	1	1	1	1	1	1	1	2	1	1	1	1	1	1	1	1	2	2	2
80	2	2	2	1	2	1	1	2	2	2	1	1	1	2	1	2	1	2	1	2	1	1	2	2	1
81	2	2	2	1	2	1	1	2	2	2	1	1	1	2	1	1	1	1	1	1	1	1	2	2	2
82	2	2	2	1	2	1	1	2	2	2	1	1	1	2	1	1	1	1	1	1	1	1	2	2	2
83	1	1	1	1	1	1	1	1	1	1	2	1	1	2	1	1	1	1	1	1	1	1	2	2	2
84	2	1	2	1	2	1	1	1	1	1	1	1	1	2	1	1	1	1	2	1	1	1	2	2	1
85	2	1	2	1	2	1	1	1	1	1	1	1	1	2	1	1	1	1	2	1	1	1	2	2	1
86	1	1	1	1	1	1	1	1	1	1	1	2	1	2	1	1	1	1	1	1	1	1	2	2	1
87	1	1	1	1	1	1	1	1	1	1	1	2	1	2	1	1	1	1	1	1	1	1	2	2	1
88	2	2	2	1	2	1	1	2	2	2	1	1	1	2	1	1	1	1	1	1	1	1	2	2	1
89	1	1	1	1	1	1	1	1	1	1	1	1	1	2	1	1	1	1	1	1	1	1	2	2	1
90	1	1	1	1	1	1	1	1	1	1	1	1	1	2	1	1	1	1	1	1	1	1	2	2	1
91	1	1	1	1	1	1	1	1	1	1	1	1	1	2	1	1	1	1	1	1	1	1	2	2	1
92	1	1	1	1	1	1	1	2	2	2	1	1	1	2	1	1	1	1	1	1	1	1	2	2	2
93	1	1	1	1	1	1	1	2	2	2	1	1	1	2	1	1	1	1	1	1	1	1	2	2	2
94	1	2	2	1	1	1	1	1	1	1	2	1	1	2	1	2	1	2	1	2	1	1	2	2	1
95	2	2	2	1	2	1	1	2	2	2	1	1	1	2	1	1	1	1	1	1	1	1	2	2	2
96	2	2	2	1	2	1	1	2	2	2	1	2	1	2	1	1	1	1	1	1	1	1	2	2	1
97	2	2	2	1	2	2	2	2	2	2	1	1	1	2	1	1	1	1	1	1	1	1	2	2	2
98	2	2	2	1	2	1	1	2	2	2	2	1	1	2	1	1	1	1	1	1	1	1	1	1	1
99	2	2	2	1	2	1	1	2	2	2	1	1	1	2	1	1	1	1	1	1	1	1	2	2	2
100	1	1	2	1	2	1	1	2	2	2	1	1	1	2	1	1	1	1	1	1	1	1	2	2	2
