0	2	2	2	2	1	1	2	1	1	1	2	2	1	2	1	2	1	1	1	2
1	1	1	1	1	1	1	1	1	1	1	1	1	1	1	1	1	1	1	1	1
2	2	2	2	2	1	1	2	1	1	1	2	2	1	2	1	2	1	1	1	2
3	2	2	2	2	1	1	2	1	1	1	2	2	1	2	1	2	1	1	1	2
4	2	2	2	2	1	1	2	1	1	1	2	2	1	2	1	2	1	1	1	2
5	2	2	2	2	1	1	2	1	1	1	2	2	1	2	1	2	1	1	1	2
6	1	1	1	1	1	1	1	1	1	1	1	1	1	1	1	1	1	1	1	1
7	2	2	2	2	1	1	2	1	1	1	2	2	1	2	1	2	1	1	1	2
8	2	2	2	2	1	1	2	1	1	1	2	2	1	2	1	2	1	1	1	2
9	2	2	2	2	1	1	2	1	1	1	2	2	1	2	1	2	1	1	1	2
10	2	2	2	2	1	1	2	1	1	1	2	2	1	2	1	2	1	1	1	2
11	2	2	2	2	1	1	2	1	1	1	2	2	1	2	1	2	1	1	1	2
12	1	1	1	1	1	1	1	1	1	1	1	1	1	1	1	1	1	1	1	1
13	2	2	2	2	1	1	2	1	1	1	2	2	1	2	1	2	1	1	1	2
14	2	2	2	2	1	1	2	1	1	1	2	2	1	2	1	2	1	1	1	2
15	1	1	1	1	1	1	1	1	1	1	1	1	1	1	1	1	1	1	1	1
16	1	1	1	1	1	1	1	1	1	1	1	1	1	1	1	1	1	1	1	1
17	1	1	1	1	1	1	1	1	1	1	1	1	1	1	1	1	1	1	1	1
18	1	1	1	1	1	1	1	1	1	1	1	1	1	1	1	1	1	1	1	1
19	1	1	1	1	1	1	1	1	1	1	1	1	1	1	1	1	1	1	1	1
20	2	2	2	2	1	1	2	1	1	1	2	2	1	2	1	2	1	1	1	2
21	2	2	2	2	1	1	2	1	1	1	2	2	1	2	1	2	1	1	1	2
22	2	2	2	2	1	1	2	1	1	1	2	2	1	2	1	2	1	1	1	2
23	2	2	2	2	1	1	2	1	1	1	2	2	1	2	1	2	1	1	1	2
24	2	2	2	2	1	1	2	1	1	1	2	2	1	2	1	2	1	1	1	2
25	1	1	1	1	1	1	1	1	1	1	1	1	1	1	1	1	1	1	1	1
26	2	2	2	2	1	1	2	1	1	1	2	2	1	2	1	2	1	1	1	2
27	2	2	2	2	1	1	2	1	1	1	2	2	1	2	1	2	1	1	1	2
28	2	2	2	2	1	1	2	1	1	1	2	2	1	2	1	2	1	1	1	2
29	2	2	2	2	1	1	2	1	1	1	2	2	1	2	1	2	1	1	1	2
30	2	2	2	2	1	1	2	1	1	1	2	2	1	2	1	2	1	1	1	2
31	2	2	2	2	1	1	2	1	1	1	2	2	1	2	1	2	1	1	1	2
32	1	1	1	1	1	1	1	1	1	1	1	1	1	1	1	1	1	1	1	1
33	2	2	2	2	2	1	2	1	1	1	2	2	1	2	1	2	2	1	1	2
34	2	2	2	2	2	1	2	1	1	1	2	2	1	2	1	2	2	1	1	2
35	2	2	2	2	1	1	2	1	1	1	2	2	1	2	1	2	1	1	1	2
36	2	2	2	2	2	1	2	1	1	1	2	2	1	2	1	2	2	1	1	2
37	2	2	2	2	1	1	2	1	1	1	2	2	1	2	1	2	1	1	1	2
38	2	2	2	2	1	1	2	1	1	1	2	2	1	2	1	2	1	1	1	2
39	2	2	2	2	1	1	2	1	1	1	2	2	1	2	1	2	1	1	1	2
40	2	2	2	2	1	1	2	1	1	1	2	2	1	2	1	2	1	1	1	2
41	2	2	2	2	1	1	2	1	1	1	2	2	1	2	1	2	1	1	1	2
42	2	2	2	2	2	1	2	1	1	1	2	2	1	2	1	2	2	1	1	2
43	2	2	2	2	2	1	2	1	1	1	2	2	1	2	1	2	2	1	1	2
44	2	2	2	2	1	1	2	1	1	1	2	2	1	2	1	2	1	1	1	2
45	2	2	2	2	1	1	2	1	1	1	2	2	1	2	1	2	1	1	1	2
46	2	2	2	2	1	1	2	1	1	1	2	2	1	2	1	2	1	1	1	2
47	2	2	2	2	1	1	2	1	1	1	2	2	1	2	1	2	1	1	1	2
48	2	2	2	2	1	1	2	1	1	1	2	2	1	2	1	2	1	1	1	2
49	2	2	2	2	1	1	2	1	1	1	2	2	1	2	1	2	1	1	1	2
50	2	2	2	2	2	1	2	1	1	1	2	2	1	2	1	2	2	1	1	2
51	2	2	2	2	1	1	2	1	1	1	2	2	1	2	1	2	1	1	1	2
52	2	2	2	2	1	1	2	1	1	1	2	2	1	2	1	2	1	1	1	2
53	2	2	2	2	1	1	2	1	1	1	2	2	1	2	1	2	1	1	1	2
54	2	2	2	2	1	1	2	1	1	1	2	2	1	2	1	2	1	1	1	2
55	2	2	2	2	1	1	2	1	1	1	2	2	1	2	1	2	1	1	1	2
56	2	2	2	2	1	1	2	1	1	1	2	2	1	2	1	2	1	1	1	2
57	2	2	2	2	1	1	2	1	1	1	2	2	1	2	1	2	1	1	1	2
58	2	2	2	2	1	1	2	1	1	1	2	2	1	2	1	2	1	1	1	2
59	2	2	2	2	1	1	2	1	1	1	2	2	1	2	1	2	1	1	1	2
60	2	2	2	2	2	1	2	1	1	1	2	2	1	2	1	2	2	1	1	2
61	2	1	2	2	1	1	1	2	1	2	1	1	2	1	2	1	1	2	1	2
62	2	2	2	2	1	1	2	1	1	1	2	2	1	2	1	2	1	1	1	2
63	2	1	2	2	1	1	1	2	1	2	1	1	2	1	2	1	1	2	1	2
64	2	2	2	2	1	1	2	1	1	1	2	2	1	2	1	2	1	1	1	2
65	2	2	2	2	1	1	2	1	1	1	2	2	1	2	1	2	1	1	1	2
66	2	2	2	2	1	1	2	1	1	1	2	2	1	2	1	2	1	1	1	2
67	1	1	1	1	1	1	1	1	1	1	1	1	1	1	1	1	1	1	1	1
68	2	2	2	2	1	1	2	1	1	1	2	2	1	2	1	2	1	1	1	2
69	2	2	2	2	1	1	2	1	1	1	2	2	1	2	1	2	1	1	1	2
70	2	2	2	2	1	1	2	1	1	1	2	2	1	2	1	2	1	1	1	2
71	2	2	2	2	1	1	2	1	1	1	2	2	1	2	1	2	1	1	1	2
72	2	2	2	2	1	1	2	1	1	1	2	2	1	2	1	2	1	1	1	2
73	2	2	2	2	1	1	2	1	1	1	2	2	1	2	1	2	1	1	1	2
74	2	2	2	2	1	1	2	1	1	1	2	2	1	2	1	2	1	1	1	2
75	1	1	1	1	1	1	1	1	1	1	1	1	1	1	1	1	1	1	1	1
76	2	2	2	2	1	1	2	1	1	1	2	2	1	2	1	2	1	1	1	2
77	2	2	2	2	1	1	2	1	1	1	2	2	1	2	1	2	1	1	1	2
78	2	2	2	2	1	1	2	1	1	1	2	2	1	2	1	2	1	1	1	2
79	2	2	2	2	1	1	2	1	1	1	2	2	1	2	1	2	1	1	1	2
80	1	1	1	1	1	1	1	1	1	1	1	1	1	1	1	1	1	1	1	1
81	2	2	2	2	1	1	2	1	1	1	2	2	1	2	1	2	1	1	1	2
82	2	2	2	2	1	1	2	1	1	1	2	2	1	2	1	2	1	1	1	2
83	2	2	2	2	1	1	2	1	1	1	2	2	1	2	1	2	1	1	1	2
84	2	2	2	2	1	1	2	1	1	1	2	2	1	2	1	2	1	1	1	2
85	2	2	2	2	1	1	2	1	1	1	2	2	1	2	1	2	1	1	1	2
86	2	2	2	2	1	1	2	1	1	1	2	2	1	2	1	2	1	1	1	2
87	2	2	2	2	1	1	2	1	1	1	2	2	1	2	1	2	1	1	1	2
88	2	2	2	2	1	2	2	1	2	1	2	2	1	2	1	2	1	1	2	2
89	2	2	2	2	1	1	2	1	1	1	2	2	1	2	1	2	1	1	1	2
90	2	2	2	2	1	1	2	1	1	1	2	2	1	2	1	2	1	1	1	2
91	2	2	2	2	1	1	2	1	1	1	2	2	1	2	1	2	1	1	1	2
92	2	2	2	2	1	1	2	1	1	1	2	2	1	2	1	2	1	1	1	2
93	2	2	2	2	1	1	2	1	1	1	2	2	1	2	1	2	1	1	1	2
94	2	2	2	2	1	1	2	1	1	1	2	2	1	2	1	2	1	1	1	2
95	2	2	2	2	1	1	2	1	1	1	2	2	1	2	1	2	1	1	1	2
96	2	2	2	2	1	1	2	1	1	1	2	2	1	2	1	2	1	1	1	2
97	2	2	2	2	1	1	2	1	1	1	2	2	1	2	1	2	1	1	1	2
98	2	2	2	2	1	1	2	1	1	1	2	2	1	2	1	2	1	1	1	2
99	2	2	2	2	1	1	2	1	1	1	2	2	1	2	1	2	1	1	1	2
100	2	2	2	2	1	1	2	1	1	1	2	2	1	2	1	2	1	1	1	2
