Individual,PC,score
1,1,0.5052833910889374
1,2,0.6409129183042567
1,3,0.7598815950106141
1,4,0.7288238362529499
1,5,-0.28228347851863644
1,6,0.017559529170742598
1,7,0.05038684309452912
2,1,0.799466324345878
2,2,0.39648061569686205
2,3,1.4049983938389414
2,4,0.4021164670544461
2,5,-0.06632241213848712
2,6,-0.7860122573825331
2,7,-0.007592988849400128
3,1,0.2985616698631107
3,2,0.2374125472110419
3,3,1.0675357263495462
3,4,0.6944642237086989
3,5,0.01970520362490424
3,6,-0.431603460008553
3,7,0.30487832467714493
4,1,0.7877078468244649
4,2,0.5107724074287672
4,3,1.2087011327484454
4,4,0.7003783500463787
4,5,0.15269294702302788
4,6,-0.1631520096660422
4,7,-0.0695594050185905
5,1,0.4399632884903362
5,2,0.5508164354300956
5,3,1.0053790227077253
5,4,0.5976445638547448
5,5,-0.41981485233973626
5,6,0.12408928238966868
5,7,-0.39636908741287274
6,1,2.5923198586233935
6,2,-2.1613289427122573
6,3,0.7688184011804566
6,4,0.5405664273246785
6,5,-0.6107901438211936
6,6,0.0490369880191276
6,7,0.2436488527908971
7,1,-0.010789162887261517
7,2,0.5219072255465276
7,3,-0.44823084414951225
7,4,-0.24795989065214757
7,5,-0.2629444127459384
7,6,0.42361315266673727
7,7,0.7004847526795683
8,1,0.18135279712090427
8,2,0.4379605913374138
8,3,0.6060959329384502
8,4,1.1284270365639795
8,5,-1.1142868246143784
8,6,0.5502570481916057
8,7,-0.21539885295660569
9,1,0.5277991985194043
9,2,0.7223075785385165
9,3,-0.08222712463111563
9,4,-0.43651682988837415
9,5,0.5364511920676687
9,6,0.21062880658395428
9,7,0.6128788708969725
10,1,0.008484026842367397
10,2,0.5004131616814956
10,3,-0.3254816645508983
10,4,-0.048154955518911594
10,5,0.48679510874560805
10,6,0.2842524793491772
10,7,-0.5516603619437281
11,1,0.9147755182098738
11,2,0.5844547788903308
11,3,1.283488592388264
11,4,0.8689397576484792
11,5,0.32958937619223894
11,6,-0.2932982896995738
11,7,-0.29980582101268305
12,1,-0.3345046556781179
12,2,0.4469687081743895
12,3,-1.3834591412768242
12,4,0.7616369068068746
12,5,0.07232826220210382
12,6,0.09442103804236714
12,7,0.9371861941145871
13,1,0.6375374429655045
13,2,0.47372881945043943
13,3,0.18934906623617287
13,4,-0.41556801918529085
13,5,0.6279990169986103
13,6,-0.24841980683345682
13,7,-0.19524672078369568
14,1,0.7986832017691008
14,2,0.45506379575519124
14,3,1.2781656259800493
14,4,0.6871772318462782
14,5,-0.09383046007167076
14,6,-0.29390222882973327
14,7,0.2575042322157504
15,1,1.9615231223334155
15,2,-3.049320125578245
15,3,-0.4630290687123083
15,4,-0.03210420540908193
15,5,0.14575515880590836
15,6,0.14888970882582767
15,7,-0.015133579226732445
16,1,0.8242248095872423
16,2,0.38018793016664953
16,3,1.2765093748087923
16,4,0.4743658409171211
16,5,0.08963415406518624
16,6,-0.17710256184694254
16,7,0.05796036989234857
17,1,0.00921134797454222
17,2,0.6953694808595751
17,3,-0.5382327060635187
17,4,-0.36237895758507505
17,5,-0.3109900584797984
17,6,0.5616873970684158
17,7,0.663254272494102
18,1,0.7498468607434498
18,2,0.5427825871966845
18,3,0.2804063261682861
18,4,-0.2415183451409321
18,5,0.5195708615350956
18,6,0.41366350180091804
18,7,0.8786048884057795
19,1,0.8936573506590355
19,2,0.3603876725697295
19,3,0.32006528580779764
19,4,-0.12757744067763924
19,5,0.6310491786482667
19,6,0.406574382109629
19,7,0.7960983549234675
20,1,0.43728032598922134
20,2,0.9167168682979859
20,3,0.5319403303830577
20,4,0.5545171010782258
20,5,-0.5559929026819991
20,6,0.25825021958946015
20,7,0.8859313744267827
21,1,-0.2467330140837974
21,2,0.17815398376567043
21,3,-0.8558039390425415
21,4,-0.49753512609367395
21,5,-0.5439203762677051
21,6,-0.4140277271701086
21,7,-0.07905026311713842
22,1,-0.3496333684190693
22,2,0.33442445167138474
22,3,-0.5974427394376203
22,4,-0.13871894524947548
22,5,-0.11837896365267543
22,6,0.06036129592267481
22,7,-0.10309848214749254
23,1,2.3529689714949087
23,2,-2.3754174790205744
23,3,-0.2929663991720856
23,4,-0.3454293356575968
23,5,-0.23005905860158893
23,6,0.00959915928336202
23,7,0.12468970584121027
24,1,2.0265816374755343
24,2,-2.5143600997152076
24,3,-0.3578276861998769
24,4,-0.315369379151023
24,5,-0.031649434972901846
24,6,-0.04963129711016126
24,7,0.1635025819675552
25,1,0.8503973800538127
25,2,0.3452019478536732
25,3,0.6468004200921202
25,4,-0.2533136952463165
25,5,0.7339654811414946
25,6,-0.013019072475831995
25,7,-0.0768948687840971
26,1,2.4817825413331387
26,2,-2.645916841266319
26,3,-0.08357203817056887
26,4,-0.12996466960261185
26,5,-0.19475967566888627
26,6,0.3741130933835647
26,7,-0.02751851306939083
27,1,2.463993542341805
27,2,-2.4659640847769233
27,3,-0.3207457201901755
27,4,-0.41969826334177657
27,5,-0.14571433837052797
27,6,0.27004971699031516
27,7,-0.01876698645115224
28,1,0.422089558131994
28,2,0.5465640902908941
28,3,0.7082852060729568
28,4,0.638359631501873
28,5,-0.8239633079989366
28,6,0.09333645978755122
28,7,-0.5619356391604344
29,1,-1.8683762314306296
29,2,-0.6874103332336121
29,3,0.4000253122844338
29,4,-0.1832970055972344
29,5,0.12878714452372866
29,6,0.8611719928682052
29,7,-0.2238144205989199
30,1,-1.909883366777405
30,2,-1.0723140016200288
30,3,0.6354904562511153
30,4,-0.9279237662501479
30,5,-0.1899426117958574
30,6,-0.27057666387152074
30,7,0.05674010838775127
31,1,-2.108508908818741
31,2,-1.3568487401458307
31,3,0.3244709091404846
31,4,-0.9420616486328263
31,5,-0.24491684566907757
31,6,-0.38192257760056014
31,7,0.27472091528168574
32,1,-1.9113164225307575
32,2,-0.7495098043226723
32,3,0.5193683931550188
32,4,-0.30387860760576757
32,5,0.1804809231151755
32,6,0.7597911127408554
32,7,-0.023621450372219254
33,1,-1.7467953350838108
33,2,-0.9738361614634521
33,3,1.6468426603462156
33,4,0.7850322111063587
33,5,-0.40027733033856927
33,6,0.6728489218143882
33,7,0.11678744624393408
34,1,-0.04853099655644298
34,2,0.6311375056316629
34,3,-0.5313730194225355
34,4,-0.2327440383168293
34,5,-0.7283070857360187
34,6,0.47023739835764583
34,7,-0.604570649011789
35,1,-0.17523280030900562
35,2,0.8964975129428556
35,3,-0.6302102980192649
35,4,-0.0990420477895916
35,5,-0.46499853437175465
35,6,0.25128930952402156
35,7,-0.174025482113831
36,1,0.2400774453310541
36,2,0.38606976875800464
36,3,-0.9393529474012778
36,4,0.206407535264786
36,5,-0.10561219489306194
36,6,0.1473554532705366
36,7,-0.30753711293656927
37,1,0.6624362352505287
37,2,0.6868404051740505
37,3,0.07275168154426473
37,4,-0.2964880419640527
37,5,0.7492743171540932
37,6,-0.08577731262042075
37,7,-0.3157726163370493
38,1,0.8127269146612035
38,2,0.38534574567681285
38,3,1.3845475434047
38,4,0.5946227332406139
38,5,0.4347003566989811
38,6,-0.10427986169116915
38,7,0.20440590010926016
39,1,0.516170434769757
39,2,0.6875191667739295
39,3,0.8783876993179408
39,4,0.5418660811561777
39,5,-0.5557904606843758
39,6,0.01896616446857863
39,7,-0.0586242715323315
40,1,0.43470663762293765
40,2,-0.20904491912109285
40,3,-0.9958249372696604
40,4,0.3074541905359145
40,5,-0.7033805420051047
40,6,0.776387304074428
40,7,-0.9916480777454442
41,1,0.2790165019533634
41,2,0.429443762190154
41,3,0.6542345579475455
41,4,0.4896419838940681
41,5,-0.535283776318774
41,6,-0.25723820903606964
41,7,-0.14404935254521786
42,1,0.631866162017218
42,2,-0.07349133011900556
42,3,-0.7472849019043538
42,4,0.21148982311066897
42,5,0.1681611363252305
42,6,0.4286401995650164
42,7,-0.8032679500192005
43,1,0.0769518925064468
43,2,0.7141080548242225
43,3,-0.2989330601175968
43,4,-0.4598249684164802
43,5,0.4899869354654475
43,6,0.20181823900554027
43,7,0.41819793618471723
44,1,0.7304126796291192
44,2,0.5510807196185592
44,3,0.384151796566979
44,4,-0.3182331685441171
44,5,0.510665465565469
44,6,0.22998308224645658
44,7,0.6670078107198701
45,1,-2.0941497757130647
45,2,-1.0550128642416514
45,3,0.31805145582154837
45,4,-0.8021107087691502
45,5,-0.3266873760084099
45,6,-0.47558517905277914
45,7,0.07190450378991105
46,1,-0.005467323467558777
46,2,0.7116651626745154
46,3,-0.41020889836111296
46,4,-0.3422176901588929
46,5,-0.10993931885554413
46,6,0.48925800744317544
46,7,0.705217727009292
47,1,-1.8109249760825052
47,2,-1.1868032627895932
47,3,0.5250336105685127
47,4,-0.6717438391844687
47,5,-0.15646694746605924
47,6,-0.31896962896785214
47,7,0.046527392803844
48,1,0.3109940150184971
48,2,0.3319811983783173
48,3,0.24032925469196914
48,4,-0.6646329196663047
48,5,0.07470361391897451
48,6,-1.241438572378367
48,7,-0.14658369672193008
49,1,0.32667852421030025
49,2,0.3682700253392174
49,3,0.05114890530224585
49,4,-0.6645846230444377
49,5,0.20252002626563712
49,6,-1.0487839912166004
49,7,-0.06244379944122325
50,1,0.37974553773959957
50,2,0.3078131786948659
50,3,-0.058855803623685005
50,4,-0.6498832541506603
50,5,0.31535019119464613
50,6,-1.4136986718380742
50,7,0.12217619958584726
51,1,0.2067384120474504
51,2,0.7432017764612749
51,3,-0.004111419240618665
51,4,-0.3746743122617291
51,5,0.26946118146007525
51,6,0.5082061023875012
51,7,0.7276922331071014
52,1,0.45678281028515133
52,2,0.32343292937663287
52,3,0.5324364298908191
52,4,0.34798778708502714
52,5,-0.5470763388010058
52,6,-0.6717552111959261
52,7,0.16191590708630718
53,1,-1.329620171100706
53,2,-0.7031718925638414
53,3,-1.251162956977396
53,4,0.9469763576248343
53,5,0.13659605952311243
53,6,-0.6986654151846842
53,7,0.051353248628517575
54,1,0.4544386805513023
54,2,0.6723648752426878
54,3,0.04129045819493805
54,4,-0.23486912387599373
54,5,0.6204514282983887
54,6,-0.3490304997743002
54,7,-0.4565595642566408
55,1,-0.15754566705923664
55,2,0.6972526077094905
55,3,-0.3064499316308661
55,4,-0.26868355543508404
55,5,-0.24800303011416008
55,6,0.7133420973587442
55,7,0.557324661309882
56,1,0.6405881499031041
56,2,0.42529265033025987
56,3,-0.05528276052245713
56,4,-0.22395634345280904
56,5,0.5116962767343832
56,6,-0.017654291143130732
56,7,-0.367497657887763
57,1,1.2948513390828928
57,2,-0.47198079389415015
57,3,-0.4636540354626225
57,4,0.1154165316075285
57,5,0.704036135843664
57,6,0.017482433004242487
57,7,-0.7315038373655479
58,1,0.26878483596114483
58,2,0.8237432470499076
58,3,-0.2682950584125589
58,4,-0.2686813196576194
58,5,0.10436715390378327
58,6,0.14542003365296877
58,7,-0.0788289038475008
59,1,-0.5075987467092709
59,2,-0.1885207142577435
59,3,3.631219942937468e-4
59,4,0.16683847280533004
59,5,-0.2688604622498552
59,6,-0.3142772555675042
59,7,0.43060068161551895
60,1,-2.0290620873639353
60,2,-1.1367196641605706
60,3,0.3833368215007286
60,4,-0.4861007172722249
60,5,-0.1161277581542684
60,6,-0.03133038021615795
60,7,-0.03832227314235563
61,1,-1.5544432844263036
61,2,-0.8554560695217555
61,3,0.5267865382186897
61,4,0.08259689211984067
61,5,1.1078688702808137
61,6,0.513044619818534
61,7,-0.30333997515242844
62,1,-2.0037265848018415
62,2,-0.7626265271744709
62,3,0.6443658840676857
62,4,-0.13729232627095841
62,5,0.23365749000723546
62,6,0.7693930007206952
62,7,-0.36897698651227273
63,1,-0.24718963377555195
63,2,0.1372371832201728
63,3,-0.4109141309744931
63,4,-0.14687919605171235
63,5,0.6254271177516965
63,6,0.24812967418157747
63,7,-0.0673061924583862
64,1,-1.7426211402070428
64,2,-0.8558783690628108
64,3,0.6038509829929404
64,4,-0.3300658981523036
64,5,0.9313728435931409
64,6,0.6148228551275817
64,7,-0.4314350139221093
65,1,-1.6158029745038902
65,2,-0.6023055791857849
65,3,0.6408538122099341
65,4,-0.4154562862904067
65,5,0.74295193886332
65,6,0.5536782821432086
65,7,-0.2948428626424502
66,1,-0.9079588088171682
66,2,-0.5463957593068708
66,3,-1.1899288362885183
66,4,1.5277125384020525
66,5,0.45358956639150816
66,6,-0.04639938453090476
66,7,0.05719744114152519
67,1,0.37432703831409697
67,2,0.7104362010786026
67,3,-0.33689358906023364
67,4,-0.40743749978875227
67,5,0.5606809527817423
67,6,-0.048605468268783356
67,7,-0.1637840176717645
68,1,0.5688721561979481
68,2,0.669569910931624
68,3,-0.06446828115148145
68,4,-0.3850948794757209
68,5,0.648343015257162
68,6,-0.04117210547816743
68,7,0.41171655763138226
69,1,0.00838288263804017
69,2,0.9220281456863765
69,3,-0.555369531418613
69,4,-0.1819517915947367
69,5,-0.11396150945475947
69,6,0.5397301427313094
69,7,0.6628416198358165
70,1,0.5069384475973933
70,2,0.6530932195508042
70,3,0.1975264112706483
70,4,-0.1789034749189683
70,5,0.6695451437988763
70,6,-0.3804600504843099
70,7,-0.02744820080545297
71,1,-2.1233000889374147
71,2,-1.0639325005824847
71,3,0.36380693480084697
71,4,-0.46995641929692256
71,5,-0.47213932138874076
71,6,-0.4788628812309712
71,7,0.2327987060097992
72,1,-0.9931035701214842
72,2,-0.6165571581556526
72,3,-1.1365789697057906
72,4,1.4974742762111133
72,5,0.5809181476826689
72,6,-0.02201316522072413
72,7,0.07959826696489096
73,1,-1.0459320151667657
73,2,-0.3432121017984515
73,3,-1.030563560757739
73,4,1.1092518107219005
73,5,0.4972895783503034
73,6,-0.14201759472501244
73,7,0.03938295573594783
74,1,-1.2461232146690624
74,2,-0.5761558913616557
74,3,-1.1638366901842505
74,4,1.1859729288021814
74,5,0.5389989925744738
74,6,-0.2798769472445337
74,7,-0.14028359131763807
75,1,-0.08618785622989043
75,2,0.863587044580277
75,3,-0.28460330243330895
75,4,-0.16232831040271406
75,5,-0.5109427014289548
75,6,0.22290629819518593
75,7,5.968314941601888e-5
76,1,-1.1549108510760637
76,2,-0.5376926379628079
76,3,-1.2878107532727607
76,4,1.5694316866454618
76,5,0.5744954440899649
76,6,0.01968860448966177
76,7,0.17188107264441313
77,1,-1.3519524996626218
77,2,-0.8915275308252657
77,3,-1.242354606214528
77,4,0.8593712511056071
77,5,-0.046183925978872435
77,6,-1.3652651249729442
77,7,0.48656528602805876
78,1,2.6066624545908907
78,2,-2.5452460596834388
78,3,-0.30874953921604603
78,4,-0.3058871258669459
78,5,-0.25894392341125205
78,6,0.21514459430770053
78,7,0.15385992263604678
79,1,-0.17054395512103596
79,2,0.025393730099629308
79,3,-1.3081625694863048
79,4,0.5305077847933192
79,5,-0.2653200786122055
79,6,-0.7030053178693016
79,7,-0.04777355207983895
80,1,-0.02962191544396485
80,2,0.30162920997009923
80,3,-0.4496756871406223
80,4,-0.6357679393246779
80,5,-0.545864340025231
80,6,-0.7635727558267339
80,7,0.009221228115910291
81,1,0.3374310373433044
81,2,0.6668683743451235
81,3,0.05938840617055382
81,4,-0.08367538892210973
81,5,-0.2932048919252278
81,6,0.13379659255649903
81,7,-0.5883300998562563
82,1,0.32485377767224005
82,2,0.48769824290665514
82,3,-0.1665428511988641
82,4,-0.10002148158074232
82,5,-0.10586884808991845
82,6,0.18925811518462915
82,7,-0.08732320865647794
83,1,-0.02841055166125947
83,2,0.6861727347266496
83,3,-0.4551591521852707
83,4,-0.3223534968259868
83,5,-0.7862752553112736
83,6,0.5016681303120398
83,7,-0.6945869051201968
84,1,0.6304034139214321
84,2,0.6021680723049616
84,3,0.134815892407773
84,4,-0.2677951602789444
84,5,0.4572625273142299
84,6,-0.19816895811108626
84,7,-0.7218679960697375
85,1,-0.06866707533299377
85,2,0.6509367870259946
85,3,-0.49933013177382396
85,4,-0.08733837746988013
85,5,-0.5983443719101834
85,6,0.4526465847463448
85,7,-0.45218086568870486
86,1,-2.127513233501659
86,2,-1.0492994206746498
86,3,0.5288509247399305
86,4,-0.6673194856393696
86,5,-0.31976041190635623
86,6,-0.3079062250818111
86,7,0.031138874174041393
87,1,-0.12896674681485112
87,2,0.5056207318286091
87,3,-0.23528973190556873
87,4,-0.17426634193778806
87,5,-0.31577944027535665
87,6,0.181045137174869
87,7,-0.1061070527357578
88,1,-0.18728674191299735
88,2,0.6014824435930246
88,3,-0.33089665422006787
88,4,-0.6882703418418444
88,5,-1.0775323813265913
88,6,-0.548629262906466
88,7,-0.3115101938627148
89,1,-0.1858467161624504
89,2,0.5759230185184373
89,3,-0.2787861299368098
89,4,-0.02172577562960248
89,5,-0.31907101034860597
89,6,0.4017794641879595
89,7,-0.18691757493916428
90,1,0.017441006930465974
90,2,0.8602814941920276
90,3,-0.5661429350149231
90,4,-0.4706063318414124
90,5,-0.38927050826854515
90,6,0.725129507133257
90,7,0.648351313613723
91,1,-0.15974328183215875
91,2,0.3571096722078564
91,3,-0.52956294804122
91,4,-0.6659297793457797
91,5,-0.621615296367949
91,6,-0.8159409236572736
91,7,0.19173267899742957
92,1,-0.12290600797972608
92,2,0.6733370795215754
92,3,-0.48532519386776946
92,4,-0.07853152789283256
92,5,-0.3720551581999048
92,6,0.052709063012033534
92,7,-0.3281407512388844
93,1,0.3074230510928503
93,2,0.6425653756692097
93,3,-0.2465810757429336
93,4,-0.18630809506649473
93,5,-0.04813841410940319
93,6,0.3074254847228879
93,7,0.7744504316354931
94,1,0.43961079682618065
94,2,0.661768391409746
94,3,0.2676904930347025
94,4,-0.2703213780484761
94,5,0.8386789056633059
94,6,-0.25349099666851715
94,7,-0.24821040031498492
95,1,0.40030555938983153
95,2,0.5670267212882292
95,3,0.14532188358633652
95,4,-0.1819851893226203
95,5,0.7456408485477427
95,6,-0.32888282981734074
95,7,-0.6762291749501574
96,1,0.10955276003294984
96,2,0.6044653224532386
96,3,0.5414511157407037
96,4,0.7163194160960457
96,5,-0.3975804371334448
96,6,-0.4370381090369165
96,7,-0.12233464685161208
97,1,-0.06215143065418522
97,2,0.4684359592178226
97,3,-0.5736462011333715
97,4,-0.4537745920327007
97,5,-0.5323023532020298
97,6,-0.4966824123043897
97,7,-0.025939359345145973
98,1,0.501519597641141
98,2,0.48276096778680566
98,3,-0.016224517021246655
98,4,-0.46343794689239237
98,5,0.6107775459198865
98,6,0.07018405194732602
98,7,-0.21596306913503024
99,1,-1.9063804489878131
99,2,-0.8760636187679575
99,3,1.660979824608388
99,4,0.6004726769750394
99,5,-0.4041198642601492
99,6,0.06799249152577001
99,7,0.2379167979840449
100,1,0.18714615335147008
100,2,0.5362581492681275
100,3,-0.23305092004586792
100,4,-0.5880548894299202
100,5,0.3119865948173717
100,6,0.07234685428134296
100,7,-0.2818934643100375
101,1,-0.11436571699116926
101,2,0.7334182067201412
101,3,-0.5479030151290843
101,4,-0.21408585802852448
101,5,-0.7746140533844282
101,6,0.3140422863564225
101,7,-0.4388672851353284
