Individual,PC,score
1,1,-1.724614939190726
1,2,0.12585473961199423
1,3,-0.03127525680487985
1,4,-0.18065763014158723
2,1,-1.9480966640730777
2,2,0.42462807049926105
2,3,0.5313969231412994
2,4,-0.06311216876446482
3,1,-1.6713438237127924
3,2,0.19436554461460184
3,3,-0.1380496741877055
3,4,0.0898359236962367
4,1,-1.8564614704645361
4,2,0.3077841202385158
4,3,0.5531120150909284
4,4,0.20791306663280568
5,1,-1.9234548552827013
5,2,0.3959042515461774
5,3,0.487084750258139
5,4,0.09581990737555482
6,1,0.4743454367376894
6,2,-1.8142292390067143
6,3,-0.3605675639221735
6,4,0.40657927227123714
7,1,-1.466805555422395
7,2,0.17617377562326653
7,3,0.6890307568473558
7,4,-0.07381434724993703
8,1,2.4282695366161486
8,2,0.29078892137163553
8,3,0.797502648768074
8,4,0.3822080767508174
9,1,0.27203215057340885
9,2,-1.7718301712106461
9,3,-0.4355134921112388
9,4,0.18679935818226429
10,1,-1.8033509133482972
10,2,0.0016828337965361373
10,3,-0.19724227171988637
10,4,0.11080677976907154
11,1,0.45701538290087873
11,2,-1.8121687695631303
11,3,-0.3095002128514279
11,4,0.5198059889769132
12,1,-1.5128917319754107
12,2,-0.10392261137675386
12,3,-0.20455420721428993
12,4,-0.08163256772084518
13,1,0.5089922672117672
13,2,-1.4806847744166345
13,3,-0.47974923682305187
13,4,0.3148204261475976
14,1,-1.634960048644472
14,2,0.2725401892628667
14,3,0.015449759200319794
14,4,0.2832865327427108
15,1,0.3416177431980057
15,2,-1.5880551538319194
15,3,-0.5318895202847296
15,4,-0.3806052937930253
16,1,0.23952678397549396
16,2,-1.636309732408693
16,3,-0.43721021411762967
16,4,-0.02474977255799946
17,1,0.3050251892906373
17,2,3.396995450024161
17,3,-1.3230718925418659
17,4,0.749509030014981
18,1,2.129150430490083
18,2,0.440627128373367
18,3,0.03852333419564985
18,4,-0.6053141975315193
19,1,2.3337060768914237
19,2,0.6272185321253083
19,3,0.29020390582490396
19,4,-0.3657507056290866
20,1,-1.7953400520514782
20,2,0.3752719584018641
20,3,0.5748497787003259
20,4,0.31225883416821465
21,1,-1.8262405458873756
21,2,0.4164369108451512
21,3,0.32765822967469466
21,4,0.01654749719371485
22,1,0.06854587605474947
22,2,-1.4561341945526327
22,3,-0.4423513069100799
22,4,0.02273273019857201
23,1,-1.238193121737517
23,2,0.19801007712646482
23,3,-0.35027632851267543
23,4,-0.5734291713536961
24,1,0.21813249276700408
24,2,-1.3957067958952332
24,3,-0.6601411637602931
24,4,-0.3624152268949508
25,1,-1.4763394972424038
25,2,-0.21598070995875085
25,3,0.05975398403764599
25,4,-0.2421373863094388
26,1,-1.580882648430007
26,2,0.19747645332844452
26,3,0.5937299854551022
26,4,-0.027048527439962305
27,1,2.5717797616155016
27,2,0.10763450432430466
27,3,0.8298607796059746
27,4,0.1740928106378791
28,1,-1.683555892841459
28,2,0.14182714083379347
28,3,0.018802530320699784
28,4,0.0989162267669624
29,1,1.995276541058171
29,2,1.0391923628438693
29,3,-0.03084634671927561
29,4,-1.0805737513224518
30,1,2.438556029666848
30,2,0.10974747940434747
30,3,0.6499266605302416
30,4,0.4987424367150662
31,1,2.327931806818822
31,2,0.2918392953142087
31,3,0.6335917122767749
31,4,0.23662971665929083
32,1,1.7317328270761116
32,2,0.9754211639465831
32,3,0.02647563816291239
32,4,-1.1518877356017496
33,1,0.31128166617559777
33,2,-1.9869235281735886
33,3,-0.498786626784033
33,4,0.6083292519678137
34,1,0.4622702505396124
34,2,3.118842276652775
34,3,-1.2886168572838077
34,4,0.6638088019109166
35,1,-1.6536421679418492
35,2,0.48130619255067547
35,3,0.5981449991262638
35,4,0.15752454807136745
36,1,2.2322648479064053
36,2,0.36456963976013146
36,3,-0.2856642938039105
36,4,-0.48553642868959845
37,1,2.43311532672469
37,2,0.14283108741523087
37,3,0.5780955081757267
37,4,0.32694347480867303
38,1,0.3782382209058898
38,2,-1.8622842882575856
38,3,-0.2783311445185129
38,4,0.46561455331249907
39,1,-0.12945966477893925
39,2,-1.3001993927675721
39,3,-0.40330943473434994
39,4,-0.6136193996344808
40,1,-1.5319691603119687
40,2,0.30489036558128607
40,3,0.3936615560354789
40,4,0.31219506779908196
41,1,1.8282126868992359
41,2,0.6463259918140412
41,3,-0.3762319145910821
41,4,-1.0183929775680163
42,1,-0.9726438897563201
42,2,0.16631512968361511
42,3,0.3608122442559725
42,4,-0.661783613376852
43,1,0.5873458913152774
43,2,2.5708936497072816
43,3,-0.030274620211564622
43,4,-0.5713907740025596
44,1,-1.0219025877551766
44,2,0.40671419764468725
44,3,0.40529108144404363
44,4,-0.793249645134621
45,1,2.465483888240024
45,2,0.10631025621947643
45,3,0.6958411801507571
45,4,0.19713441527103504
46,1,2.058416819668582
46,2,-0.5692434289522393
46,3,-0.07731955358960031
46,4,0.18598723860628655
47,1,2.318950638775682
47,2,-0.09167947168649342
47,3,0.21539597248189665
47,4,0.29296127570106223
48,1,1.4439973655510572
48,2,-1.0449909139828255
48,3,0.0702345485255422
48,4,0.5891916955739913
49,1,1.343031020392301
49,2,-0.9916572645575923
49,3,0.09677701587768303
49,4,0.7712351879876143
50,1,1.5933546606232454
50,2,-0.9582267024375911
50,3,0.049023344512434876
50,4,0.7755009920497642
51,1,-1.5854863283387823
51,2,0.13711699166570454
51,3,-0.08675993105955421
51,4,0.18234878238294083
52,1,-0.9518376741650533
52,2,-0.6172319798837581
52,3,-0.544482027473701
52,4,-0.9106312295479572
53,1,-1.695913305195322
53,2,0.3938346187504552
53,3,0.5876153391183404
53,4,0.15916044043079092
54,1,-1.5513733868442332
54,2,0.011707832946174154
54,3,-0.12160737227229773
54,4,-0.09837683990817
55,1,-1.947261952365834
55,2,0.043679994578852036
55,3,0.11474831507868322
55,4,0.10594641260284622
56,1,0.23399682606959415
56,2,-1.6053335905669666
56,3,-0.4026685367782747
56,4,0.10844482546175806
57,1,-1.750883079124484
57,2,0.37615579840898966
57,3,0.1676151468147463
57,4,0.3564284513713022
58,1,-1.8835464321121396
58,2,0.48155103734934684
58,3,0.45192027741943314
58,4,-0.13669978323337334
59,1,1.9332574193181635
59,2,0.8574069984583406
59,3,0.004926470301705568
59,4,-1.1917467986109553
60,1,0.4773694883500128
60,2,2.57289096920728
60,3,0.04041876753809666
60,4,-0.2143036835623705
61,1,-0.13514170149073512
61,2,-0.8492146024216618
61,3,-0.34534809190577653
61,4,-1.104324396596916
62,1,-1.385726703638735
62,2,-0.026171895422384395
62,3,-0.1998246960134715
62,4,-0.03233307439267749
63,1,-1.8984164098709257
63,2,0.10280826462704962
63,3,-0.04531518415176227
63,4,-0.016056233507995624
64,1,-1.529601940710184
64,2,-0.18736589906072476
64,3,-0.2639449437377669
64,4,0.0781732234350848
65,1,-1.600926265069349
65,2,-0.22923903860984826
65,3,-0.17394944772872395
65,4,-0.07252246214576463
66,1,-1.9199754568263716
66,2,0.1599948362375755
66,3,0.017887832211382335
66,4,0.007143715195839549
67,1,-1.4225370700633828
67,2,0.3146101266882954
67,3,0.47127960772404814
67,4,-0.5434087985237532
68,1,-1.7380981261582469
68,2,-0.028015653517625187
68,3,0.20477861994719537
68,4,0.11638301786071563
69,1,0.3725944407821289
69,2,-1.527470088510772
69,3,-0.44067212135146655
69,4,0.8593202795178508
70,1,2.3384537441781776
70,2,0.19462769948948855
70,3,-0.21812615187885184
70,4,-0.5832369060204042
71,1,2.4919665224022145
71,2,-0.18343752481473138
71,3,0.023629682273946618
71,4,0.3568496604096613
72,1,-0.43959383287068976
72,2,-1.3022140830533326
72,3,-0.6044094359906305
72,4,-0.6029293639335316
73,1,-0.38954260284207004
73,2,-1.3247035583720501
73,3,-0.7204030190983082
73,4,-0.6459808581908878
74,1,-0.27575645515505004
74,2,-1.2494813468678718
74,3,-0.5963943401890124
74,4,-0.48824365689206234
75,1,-1.552163724590222
75,2,0.546831982095421
75,3,0.3167594885649261
75,4,0.3290412307112995
76,1,-1.4703851837396706
76,2,0.714039724892499
76,3,0.4146085380406914
76,4,0.11334104157478377
77,1,0.23614564771088095
77,2,-1.6781847647663362
77,3,-0.27620440810162933
77,4,0.7198930499114897
78,1,2.4018613919025564
78,2,0.20006167937447805
78,3,-0.44074967705013546
78,4,-0.5554702555900022
79,1,-1.08368552487195
79,2,-0.9244139161488343
79,3,-0.5822442457506322
79,4,-1.1336941367488482
80,1,2.3317253195026453
80,2,0.06488197298662765
80,3,0.5534661250095309
80,4,0.4805908353782088
81,1,2.401012216963709
81,2,0.27843254405753404
81,3,0.5908001527131285
81,4,0.21123294742930857
82,1,2.2515334612063684
82,2,0.10099999589784693
82,3,0.7623978835995285
82,4,0.1270530502559609
83,1,0.33613808955021923
83,2,3.345568288992947
83,3,-1.4956582083102619
83,4,0.6610513583398318
84,1,2.4539940583884507
84,2,0.2980433075460415
84,3,0.8470097724841824
84,4,0.32153192793622115
85,1,-1.7477314992739728
85,2,0.20126708567546447
85,3,0.5623097613251449
85,4,0.23471876572398917
86,1,0.3953292829557969
86,2,-1.968343064622401
86,3,-0.45216243759524044
86,4,0.614595083779309
87,1,-1.781091770773276
87,2,0.6331610041081729
87,3,0.6746132755772963
87,4,0.22161796253249963
88,1,2.3924288876720015
88,2,0.16020367054674106
88,3,0.7775122692233745
88,4,0.16024185639383093
89,1,-1.7933775666213678
89,2,0.08841135065116058
89,3,0.48218126255516225
89,4,0.22537750464800815
90,1,0.21121508925028132
90,2,-1.8453867706462799
90,3,-0.5618550752909962
90,4,0.24875810090165548
91,1,0.45616348375864996
91,2,-1.6585183171271562
91,3,-0.3423575919270925
91,4,0.5638061232103763
92,1,-1.7923298275994894
92,2,0.3838787565821053
92,3,0.5258621333170846
92,4,0.19856060485874744
93,1,-1.8215412028272349
93,2,0.4323724186957901
93,3,0.4833137149272789
93,4,-0.023890404545508448
94,1,2.311970278653125
94,2,0.34791798838882043
94,3,0.19400017083056686
94,4,-0.4053673056258384
95,1,2.4800997870072794
95,2,0.22919666727059437
95,3,0.7180022566722635
95,4,0.19624282643055585
96,1,-1.8764379991174862
96,2,0.12418468338762223
96,3,0.006983284521635566
96,4,-0.0727663115246757
97,1,1.1963221396872776
97,2,1.2689915701593748
97,3,0.07628309922437602
97,4,-1.2868938148926141
98,1,0.3262794961813959
98,2,-1.516108024358898
98,3,-0.46343252047918393
98,4,-0.32902727280920097
99,1,-1.798403418921953
99,2,0.3022456608916122
99,3,0.4005515866279718
99,4,0.08260809960245392
100,1,0.4719214589907048
100,2,3.363931700979841
100,3,-1.350802054170931
100,4,0.9377549278500774
101,1,0.4715375248851274
101,2,3.2536343497340594
101,3,-1.1515610240148002
101,4,0.7730576834229618
