Individual,PC,score
1,1,0.3312465962565483
1,2,-0.41047042412428275
1,3,0.9330688115480676
2,1,2.687382136982049
2,2,-0.08088335291043074
2,3,-0.7239309337836125
3,1,2.8630269521872855
3,2,-0.05274334299471967
3,3,-0.7516025948237164
4,1,2.876081045612407
4,2,-0.16603453102278373
4,3,-1.2217408636604283
5,1,0.48588357162635776
5,2,-0.7709514969164432
5,3,1.1953221445844353
6,1,2.759164787179905
6,2,-0.2954618195710101
6,3,-0.8351998798315389
7,1,-1.0574909023554986
7,2,-0.5512306208835511
7,3,-0.24739521936933975
8,1,-0.7548872640272732
8,2,-0.5250017582093802
8,3,-0.48835666763634544
9,1,-1.1026425211152175
9,2,1.6068954252917822
9,3,7.059289222924634e-4
10,1,0.9205137421567168
10,2,1.6336114103415846
10,3,0.6860526782041927
11,1,-0.08784978905057515
11,2,-0.657088125570388
11,3,0.7079532138100175
12,1,-1.238656334124665
12,2,1.4927452515937505
12,3,-0.3656953240303783
13,1,-0.9522577580833587
13,2,-0.7616386892081527
13,3,-0.407380475298892
14,1,0.4965523289627372
14,2,-0.6078947089843433
14,3,1.377954222397454
15,1,-0.4516122655439901
15,2,-0.4215651375220805
15,3,0.15517324331123794
16,1,-0.7605559227143573
16,2,-0.7308780510099218
16,3,-0.30946534006751303
17,1,-1.066337765384373
17,2,-0.3791667294977856
17,3,-0.46466262480857784
18,1,-1.038530482986871
18,2,-0.6781555435532166
18,3,-0.2533475681495782
19,1,-0.8217824884408048
19,2,-0.6259934040926773
19,3,-0.43007730954670337
20,1,-1.1099722779591619
20,2,-0.6623530821797802
20,3,-0.37759577049427834
21,1,2.9294750962880003
21,2,-0.1792231865588324
21,3,-1.005917224052525
22,1,-1.0896111899287393
22,2,1.272264256122566
22,3,-0.25965776855322903
23,1,-0.8724793983850734
23,2,-0.6277452057390803
23,3,-0.2567335078495156
24,1,-0.8032781399135787
24,2,-0.5010669265688612
24,3,-0.43020711160361447
25,1,-0.8934881215849123
25,2,1.2730320287984278
25,3,-0.21352228015266575
26,1,0.3724289601971061
26,2,-0.5230199499563736
26,3,1.1425143953692507
27,1,0.21555141540334852
27,2,-0.5257665333981926
27,3,1.1716982384634511
28,1,-0.8234370475267059
28,2,-0.3459309967265285
28,3,-0.5173528284377109
29,1,-0.9735909997531976
29,2,-0.5855877384754501
29,3,-0.45654775121067426
30,1,2.8652573097772813
30,2,-0.07001842931308197
30,3,-0.866956057867371
31,1,0.39713136645864355
31,2,-0.7645316050393874
31,3,1.1329027738298219
32,1,0.44375734909442166
32,2,-0.6876309615829247
32,3,1.0218914425598291
33,1,0.11068938286569095
33,2,-0.5238891716782689
33,3,1.1272997572549648
34,1,-0.8995631575514025
34,2,-0.4588173707303782
34,3,-0.24779010842338384
35,1,0.31173810919593853
35,2,-0.701792372430463
35,3,0.9854248864037136
36,1,-0.15460312872878373
36,2,1.9242251845870366
36,3,-0.07794595950231323
37,1,0.4313004594637588
37,2,-0.47721814630509013
37,3,1.3071921205672303
38,1,-0.9069943773888735
38,2,-0.5729924625041768
38,3,-0.6453085614806645
39,1,-0.9508390241283812
39,2,-0.1659259620972001
39,3,-0.5027602804549879
40,1,-0.9489985061007483
40,2,-0.5239358809798266
40,3,-0.635208645579762
41,1,-0.8961538104324142
41,2,-0.49910892646903277
41,3,-0.528300079634254
42,1,0.39123685232743566
42,2,-0.44166208053569106
42,3,1.0644331639407343
43,1,0.11138153412809176
43,2,-0.41035330929100405
43,3,0.7691165383400332
44,1,-0.7114531702067401
44,2,-0.5614904713917864
44,3,-0.36725745782437497
45,1,0.1837186174061556
45,2,-0.515293742667734
45,3,1.1151640885041492
46,1,-0.8207784106830011
46,2,-0.44094730293173184
46,3,-0.5230921137178958
47,1,2.6782539068130373
47,2,-0.22137893580245555
47,3,-0.8754109909994398
48,1,0.4012652545896701
48,2,-0.5495311800332476
48,3,1.2238678130164273
49,1,0.21074412762637992
49,2,-0.3318195666845058
49,3,1.163707123706942
50,1,0.4598580042612296
50,2,-0.6426626415730886
50,3,1.197680832859045
51,1,-0.8059225527292894
51,2,-0.4484585884308937
51,3,-0.5635866522125045
52,1,-0.8116080142704406
52,2,-0.6225437158633824
52,3,-0.3528532995622107
53,1,2.7984929594375414
53,2,0.04633710345537929
53,3,-1.0405412272095096
54,1,0.034994312417009184
54,2,-0.6892391786725914
54,3,1.0629846217822896
55,1,-1.0244869587695502
55,2,-0.5126809620234415
55,3,-0.5464349990924633
56,1,-1.1114169883259624
56,2,1.2945166425357575
56,3,-0.10978494812123285
57,1,-0.8589813344739665
57,2,-0.3377424247256137
57,3,-0.5021289416605081
58,1,-0.9331689372638402
58,2,-0.5096131297611124
58,3,-0.427366874116725
59,1,0.3340656140808556
59,2,-0.3176090369904263
59,3,1.039091860595701
60,1,2.519398928036975
60,2,-0.1450908884830483
60,3,-0.9478563952040309
61,1,2.8230964635518654
61,2,-0.3818971627356292
61,3,-0.6703302346171354
62,1,-1.1386217241513714
62,2,1.6494458987056124
62,3,-0.36737221507627715
63,1,-0.9808904325957939
63,2,-0.5509533191367022
63,3,-0.3923299490331219
64,1,-0.7548014438840073
64,2,-0.4406234217434379
64,3,-0.44506981271489016
65,1,-1.1412069485871623
65,2,1.4753515178528114
65,3,-0.18970150977935157
66,1,-1.3293741619869148
66,2,1.6795697213786012
66,3,-0.13012425899721164
67,1,-0.016943900380126085
67,2,-0.8091558177904655
67,3,0.6146949924694433
68,1,-1.2373229972305482
68,2,1.6948719446430593
68,3,-0.33016772289508106
69,1,-0.7504880387163801
69,2,-0.7082494229678888
69,3,-0.28768626321616614
70,1,0.6019230700241249
70,2,1.850299668961756
70,3,0.2081735228415254
71,1,0.4211244380579812
71,2,-0.6401107896690309
71,3,0.9220772727373653
72,1,0.8213838437061585
72,2,1.8759333258282391
72,3,0.9270911391007415
73,1,0.9722231966713668
73,2,1.876212241835689
73,3,0.5863328778775305
74,1,1.093181976892309
74,2,2.0667139211048444
74,3,0.657938298068926
75,1,-0.9319861425604987
75,2,-0.39166641797863444
75,3,-0.5082324171024191
76,1,-1.1433338595494849
76,2,1.4985765634023944
76,3,-0.4660097698438968
77,1,1.093902109673639
77,2,1.9325505070929696
77,3,0.908374613492777
78,1,-0.8117290082383118
78,2,-0.5423216873732523
78,3,-0.31799442220091523
79,1,-1.2262351911883733
79,2,1.443512706886139
79,3,-0.24103948264524716
80,1,0.3437070696806927
80,2,-0.6550359070129342
80,3,1.1511215864755764
81,1,-0.8538115759285752
81,2,-0.4414251096078294
81,3,-0.4118128866693237
82,1,-1.0464820524595142
82,2,-0.45666348824789277
82,3,-0.33239830048829305
83,1,-0.8670885985464355
83,2,-0.41972965192095657
83,3,-0.39545013501777904
84,1,-0.3147160147967031
84,2,2.3682405028754334
84,3,-0.5694114547759415
85,1,2.700346845117906
85,2,-0.17605932086364579
85,3,-0.9708758497080725
86,1,2.699845143033992
86,2,-0.1764724000418974
86,3,-0.7705359471755747
87,1,0.2092885308323329
87,2,-0.3684060356740596
87,3,1.1066336209654037
88,1,2.8214708520132725
88,2,-0.3170246359921674
88,3,-1.163889400279833
89,1,-1.0329418491617748
89,2,-0.3931133013149447
89,3,-0.4813188313584671
90,1,0.2885096650482733
90,2,-0.665498846375568
90,3,1.296566056499247
91,1,0.45044741362112867
91,2,-0.5049600266450008
91,3,1.135740403309983
92,1,-0.9027841477325275
92,2,-0.3653671422584564
92,3,-0.5815050635671469
93,1,-0.9597834899243319
93,2,-0.5693169799341082
93,3,-0.4939154090358751
94,1,-1.125193752995298
94,2,1.6737582597542333
94,3,-0.015736697882092896
95,1,1.1326794428995761
95,2,2.170366498702688
95,3,0.8431452647377107
96,1,-0.9182073246333339
96,2,-0.24949272239742037
96,3,-0.21783962824238975
97,1,-0.8737780448615172
97,2,-0.4238872459171646
97,3,-0.4450530967720469
98,1,0.863854158968125
98,2,1.187985770822986
98,3,0.7555191923010106
99,1,-0.9123730745744597
99,2,-0.5922332656130176
99,3,-0.3752230782783296
100,1,-1.0753020805152798
100,2,-0.5236841365349446
100,3,-0.7150887051836601
101,1,-0.8787500454948589
101,2,-0.4138382961608497
101,3,-0.6315235622675144
