Individual,PC,score
1,1,-1.042014119639033
1,2,-0.685185549885959
2,1,-0.736310273712725
2,2,2.83326619076476
3,1,-0.6600431470928956
3,2,2.7932456396822882
4,1,-0.8019770107928774
4,2,2.9452277359173227
5,1,-0.6998782937312885
5,2,-0.2808811918369475
6,1,-0.6696676063302668
6,2,2.955070842489373
7,1,-0.9490410537214963
7,2,-0.5390493959803966
8,1,-0.7863086950090352
8,2,-0.39232349334057953
9,1,2.9385329814020906
9,2,-1.052659595390281
10,1,3.3702341607196904
10,2,0.8239982951266752
11,1,3.055412488966974
11,2,-0.933945038306976
12,1,2.8143854689755594
12,2,-0.7713536894936924
13,1,-1.0379223251924543
13,2,-0.46079776666973543
14,1,-0.8856026204347697
14,2,-0.7355178091032651
15,1,-0.9603740187411922
15,2,-0.8464891508024281
16,1,-1.0401271679897175
16,2,-0.5873519470758048
17,1,-1.0953705281422457
17,2,-0.5170133471696415
18,1,-1.0567422564660234
18,2,-0.509277158295204
19,1,-1.1216603368654676
19,2,-0.6421616470823133
20,1,-1.1650371204759042
20,2,-0.5488093906861569
21,1,-0.9719255344888266
21,2,3.058697955413039
22,1,3.046331475245084
22,2,-0.6718475726445506
23,1,-1.0653395287113803
23,2,-0.31006627242625556
24,1,-0.8568749226168251
24,2,-0.5322835889252151
25,1,3.1467964281166645
25,2,-0.38579773549499696
26,1,-0.9956436287120575
26,2,-0.23123339544661012
27,1,-0.9980473952508637
27,2,-0.6614355956729204
28,1,-0.9282050460784655
28,2,-0.6323574132784716
29,1,-0.8052938083576552
29,2,-0.23800407518551767
30,1,-0.6147039575071708
30,2,2.90458883464548
31,1,-0.9358737545715422
31,2,-0.355477101141484
32,1,-1.0083304986555617
32,2,-0.2917257079689931
33,1,-0.7723544804171653
33,2,-0.4949192839009953
34,1,-0.8842331919075826
34,2,-0.7494245932288969
35,1,-1.000361830768615
35,2,-0.6338616691443054
36,1,3.2272932922615967
36,2,0.6905969492996641
37,1,-0.9854956065044933
37,2,-0.32683396798929687
38,1,-1.1561467910932102
38,2,-0.7134458820217976
39,1,-0.9134495042231835
39,2,-0.737528142814029
40,1,-0.9061021385669296
40,2,-0.6163541807642973
41,1,-0.9957450170819989
41,2,-0.48120319624336216
42,1,-1.1917532625550842
42,2,-0.8201245300923808
43,1,-0.8126186576165728
43,2,-0.4888305717915282
44,1,-1.0126216618287693
44,2,-0.345143397882877
45,1,-0.862167340200923
45,2,-0.343863034390736
46,1,-0.9248123022906584
46,2,-0.7994617799469041
47,1,-0.809699111191578
47,2,2.8952780292654636
48,1,-0.9544790796830515
48,2,-0.6671143671266143
49,1,-1.0460619720977822
49,2,-0.4701231494669818
50,1,-1.1438887753955103
50,2,-0.6042280629838366
51,1,-0.9888807160305655
51,2,-0.5468312095743835
52,1,-1.0375437123944802
52,2,-0.617096934451484
53,1,-0.7806461479349555
53,2,2.80308048304159
54,1,-0.6530830716845586
54,2,0.017948650666479903
55,1,-0.9939286591184764
55,2,-0.5123511783097945
56,1,2.876407322092145
56,2,-0.7930549425984991
57,1,-0.7935729132199684
57,2,-0.7456221940108476
58,1,-0.7554585541162263
58,2,-0.7699798469251428
59,1,-0.8027948978147265
59,2,-0.5389263358757178
60,1,-0.7661872583704517
60,2,2.847202237336881
61,1,-0.9506592389264568
61,2,2.800739365881947
62,1,2.9878000512286076
62,2,-0.7098475381404696
63,1,-0.8872459742939268
63,2,-0.4051400365654852
64,1,-0.9858051792997511
64,2,-0.44411785119431424
65,1,2.9526014740219937
65,2,-0.7743706119027033
66,1,3.0191554210388123
66,2,-0.5251911499899456
67,1,-0.8518602356701545
67,2,-0.23370337033465968
68,1,2.92873427125894
68,2,-1.058186663090247
69,1,-0.9711083001108196
69,2,-0.6937136389916816
70,1,3.369661424664639
70,2,0.7931928212764491
71,1,-0.8449857239904756
71,2,-0.5246468426595674
72,1,3.242506422699072
72,2,0.7249420650700361
73,1,3.2647409818830306
73,2,0.7762727910322171
74,1,3.50796905651888
74,2,0.7868560032057788
75,1,-0.7593243250869262
75,2,-0.6069975432018826
76,1,3.030640255810576
76,2,-0.7592007395454508
77,1,3.412452221314328
77,2,0.99551682437661
78,1,-0.9792210719351923
78,2,-0.2027656962166643
79,1,2.9433904843599477
79,2,-0.8255113918541925
80,1,-0.9311308234236582
80,2,-0.566563884961313
81,1,-0.7872442908615431
81,2,-0.34449226169853886
82,1,-1.3515194163497894
82,2,-0.8042213212770087
83,1,-0.9532373182894489
83,2,-0.49615920299368454
84,1,3.37370163424731
84,2,0.7600424342513648
85,1,-0.8015765918601869
85,2,2.8137416095285492
86,1,-0.8103019815986879
86,2,2.9096865001105905
87,1,-0.9226973032368165
87,2,-0.6335368175639104
88,1,-0.7138396172218568
88,2,3.0873261425857885
89,1,-1.2698507872718785
89,2,-0.6368815614237185
90,1,-1.1571375986936006
90,2,-0.5706501182324893
91,1,-0.9486566502596249
91,2,-0.9351852351882575
92,1,-1.186994737197952
92,2,-0.4365032638639102
93,1,-1.0303281342036468
93,2,-0.7534024225395881
94,1,2.9128768913362926
94,2,-1.1361217679171576
95,1,3.546280596504879
95,2,0.6386369378905236
96,1,-0.8763939750380824
96,2,-0.6213566476041097
97,1,-0.9730137027456954
97,2,-0.780960271942436
98,1,3.645649705687871
98,2,0.6468679676520953
99,1,-1.1828293556732083
99,2,-0.5850400951814522
100,1,-0.8908111466576664
100,2,-0.36687251228630374
101,1,-0.7633797270626937
101,2,-0.2413157673107175
