Individual,PC,score
1,1,1.1208509193126073
1,2,0.6897761710653406
1,3,0.34928983736053554
1,4,0.3616862324351053
1,5,0.5155645721174317
2,1,0.6989703000685974
2,2,-0.5670747112552946
2,3,-0.45322394098223895
2,4,-0.3212910512528126
2,5,-0.15930176369897986
3,1,0.6439401679710789
3,2,-0.6857529880802989
3,3,-0.5870349433888974
3,4,-0.5259450131968746
3,5,-0.04197411989325985
4,1,1.1672475778974916
4,2,0.3327163886843638
4,3,0.0119925902924547
4,4,0.08108237900610644
4,5,0.32101693316099017
5,1,1.0476086598257792
5,2,0.37039896025311575
5,3,-0.08125022768538964
5,4,0.1519834767216485
5,5,-0.056722456912857815
6,1,1.0791595725508059
6,2,0.7392205412891115
6,3,0.24929650487481686
6,4,0.5068079413316121
6,5,0.5228634084445865
7,1,1.268506278389251
7,2,0.4583784656057497
7,3,-0.10539095200818938
7,4,0.256516685041279
7,5,0.16171778801659525
8,1,1.1531975686743823
8,2,0.4055580321931132
8,3,0.11183802826729798
8,4,0.09524453585470477
8,5,0.07671330392951355
9,1,0.8536317030315103
9,2,0.3538887272193985
9,3,-0.1540882821365798
9,4,-0.02348104062509595
9,5,-0.1835582879274125
10,1,0.7551075237004304
10,2,-0.5505401715306596
10,3,-0.6408920968286461
10,4,-0.3764793664138311
10,5,-0.14500945857363562
11,1,0.9357629608515307
11,2,0.27128257487211865
11,3,-0.35842975747238964
11,4,-0.4230181457625023
11,5,-0.4972245205591632
12,1,-2.1749778936339488
12,2,1.9692910987913383
12,3,0.5994696886904715
12,4,-0.6922188433600605
12,5,-0.9790331370377628
13,1,-0.48854082673155946
13,2,-1.7804185406660429
13,3,1.1938216405765492
13,4,-0.6157956724824154
13,5,0.12939100491245617
14,1,0.8548024356667634
14,2,-0.21598298965576562
14,3,-0.8171766139102403
14,4,-0.6311163114252483
14,5,0.30443173160882264
15,1,0.9737264138237613
15,2,0.37139412602196775
15,3,-0.08627622888900305
15,4,0.35710760561293015
15,5,0.32699406927935876
16,1,-2.395184887012151
16,2,0.9594496237714428
16,3,-0.17525771175441093
16,4,-0.590201263498165
16,5,0.6265859922017226
17,1,1.1232707882303488
17,2,0.576415114818848
17,3,0.13088705575323453
17,4,0.4622357016249244
17,5,0.39643408652851253
18,1,1.1073223227295623
18,2,0.6147544560745433
18,3,0.5178346499707353
18,4,0.5976054964692015
18,5,0.4238287424407869
19,1,1.1079221989847365
19,2,0.6175446773175762
19,3,0.3716303497525304
19,4,0.6146565182695997
19,5,0.38516855436875935
20,1,0.806571294531144
20,2,0.06605440267595904
20,3,-0.7056962731288332
20,4,-0.4765305006175742
20,5,-0.1185363096167224
21,1,-0.44627561437509167
21,2,-0.7702354894454762
21,3,2.8849327359505472
21,4,0.2877282569201027
21,5,-0.1667954894139029
22,1,-2.293625534201576
22,2,0.7443634698075126
22,3,-0.30509248384795196
22,4,-0.5534170383722452
22,5,0.7301479166584006
23,1,-0.59106564755751545
23,2,-0.45459263055462296
23,3,3.068122782507644
23,4,0.019842607436179945
23,5,0.1192124104506766
24,1,-2.036093062348001
24,2,0.6741258400257442
24,3,-0.25729664151135195
24,4,-0.09564260641237013
24,5,0.4726829412728524
25,1,-0.9717603481366675
25,2,-1.6797543761709035
25,3,1.572204518871243
25,4,-1.0553010520685702
25,5,0.3524189733781727
26,1,1.3696524441814872
26,2,0.5256994849968885
26,3,0.22285744325432177
26,4,0.5284238723219647
26,5,0.5335365405221449
27,1,1.0643160914190244
27,2,0.39380848214824693
27,3,0.20994147635856325
27,4,0.3925022147222952
27,5,0.4751223057668332
28,1,0.8626652221239267
28,2,-0.11177733483718927
28,3,-0.7598139381386203
28,4,-0.641413262462918
28,5,0.0037090254589802413
29,1,-1.8590086533399557
29,2,-0.4198276154267419
29,3,-0.5995629116474501
29,4,0.25624018710235913
29,5,0.5632435694361995
30,1,-1.626213849349231
30,2,-0.7362517840094583
30,3,-0.7712521014296662
30,4,0.7398467204336742
30,5,0.04723105695332009
31,1,-1.9861007211384487
31,2,-0.6021906780465465
31,3,-0.6988781347435014
31,4,0.6635535403316396
31,5,-0.30023332309278544
32,1,-1.5348924258571282
32,2,-0.45096977449921766
32,3,-0.395119837546673
32,4,0.1233157489248678
32,5,0.622773117192573
33,1,-1.0317724120000629
33,2,-1.7285831102113085
33,3,1.1447789551028809
33,4,-0.43060764903039506
33,5,0.09774274120645637
34,1,1.1406372447784883
34,2,0.4437560495008845
34,3,0.07464448982973354
34,4,0.09731034804905743
34,5,0.13659172037626985
35,1,0.8989276494623408
35,2,-1.0824172076447534
35,3,1.5117553594341169
35,4,-0.050026384950487536
35,5,-0.05321526584662682
36,1,0.8911444191506166
36,2,-0.24173518299242114
36,3,-0.5694026071683269
36,4,-0.732603221231006
36,5,0.03603968565835809
37,1,0.8007787943422369
37,2,-0.5983998004260165
37,3,-0.5034623872722944
37,4,-0.5769311280887457
37,5,-0.07161156735357854
38,1,-0.8528480574413381
38,2,-1.3153550217465237
38,3,0.9317936305116203
38,4,-0.4802811327768572
38,5,0.05753273955318557
39,1,-2.318446572638462
39,2,1.0602591673136983
39,3,-0.12399001197610737
39,4,-0.179569522876805
39,5,0.4729583627850727
40,1,1.1348534123191951
40,2,0.3427882864786319
40,3,0.33869346708988224
40,4,0.21425526880649015
40,5,0.06460015953259446
41,1,-2.3278860838559448
41,2,0.8736241682834177
41,3,-0.5247973743837218
41,4,-0.3129161596439263
41,5,1.003039403821264
42,1,0.7018296752742335
42,2,-0.7247821552261324
42,3,-0.6302415852473462
42,4,0.26815419279412567
42,5,-0.7036976400071808
43,1,1.2919522425592258
43,2,0.5459378242865157
43,3,0.10171478273198327
43,4,0.43927539244745073
43,5,0.025355618378092165
44,1,1.1031819902840074
44,2,0.7692315868483228
44,3,0.2710354099684371
44,4,0.7385504501012856
44,5,0.271893752814982
45,1,-1.93733069610227
45,2,-0.48885135274579156
45,3,-0.2824628320859397
45,4,0.8251488288891747
45,5,-0.21907360956033728
46,1,1.0546166159204362
46,2,0.5511601240729138
46,3,0.11223804181337155
46,4,0.21081564462836522
46,5,0.11966463855330914
47,1,-1.5940667515254061
47,2,-0.06736872245301917
47,3,-0.3847124657783138
47,4,1.2654557810583877
47,5,-0.5618583251771431
48,1,0.7048011264673408
48,2,-0.47040850306733234
48,3,-0.3209674944465866
48,4,0.45900039519459823
48,5,-0.9899170874426544
49,1,0.8838576532897938
49,2,-0.37026238924924787
49,3,-0.49708422805230346
49,4,0.2922474741995455
49,5,-0.8662581344683482
50,1,0.6838628319207226
50,2,-0.22994657642681338
50,3,-0.4076377577088971
50,4,0.3453299004723708
50,5,-0.8238010793943176
51,1,1.3179573796597523
51,2,0.38751007116355807
51,3,0.054268255089370034
51,4,0.15112053088183347
51,5,0.25276454335414533
52,1,0.6454248512108952
52,2,-0.18256862373791855
52,3,-0.4949175599038167
52,4,-0.6627553347792374
52,5,0.04889023500276162
53,1,-1.4147238815573375
53,2,-0.5287758896147748
53,3,-0.5471586872261133
53,4,-0.07400604841608258
53,5,-0.2525695536480183
54,1,-1.7986448414847693
54,2,-0.4941052100306458
54,3,-0.24352413090037267
54,4,-0.1642626399205172
54,5,-0.11285433350124459
55,1,0.4481564346259088
55,2,-0.05200164312196626
55,3,-0.8610349068225187
55,4,-0.7765203128363962
55,5,0.3821327335019647
56,1,0.6504318441521058
56,2,-0.13298294151027726
56,3,-0.7786470014154925
56,4,-0.9599051758046065
56,5,0.44170625453478385
57,1,1.2057441069781527
57,2,0.6677871934367726
57,3,0.19609373008895853
57,4,0.31656496150764085
57,5,0.343309478083286
58,1,1.178376365230499
58,2,0.5372952506826169
58,3,0.11912366014165533
58,4,0.1558851355454249
58,5,0.11819609039386533
59,1,0.5750587338352822
59,2,-0.6942052403670385
59,3,-0.37727152032096894
59,4,-0.484088345633195
59,5,-0.1725714448569755
60,1,-1.4804609367544175
60,2,-0.9912289985699777
60,3,-0.43490922963557477
60,4,0.5009503146861632
60,5,0.1566923173750573
61,1,-2.0046502491340217
61,2,-0.6794292843451784
61,3,-0.4032595345476817
61,4,0.48375432435938903
61,5,0.6229137118795768
62,1,-1.930992990572161
62,2,-0.614652550950788
62,3,-0.30773142581745166
62,4,0.6424127279828504
62,5,0.1927475851951484
63,1,-1.9139694137816876
63,2,1.9699926520177333
63,3,1.2729814571124993
63,4,0.46167472849634783
63,5,0.058707141838488595
64,1,-1.9897812792306386
64,2,-0.6052309354317548
64,3,-0.654835706037275
64,4,0.5305076636793106
64,5,0.3146043207073696
65,1,-1.650140344259313
65,2,-0.6072887681715454
65,3,-0.502323634266069
65,4,0.4520900814303973
65,5,0.4008391508844572
66,1,0.7706853140420786
66,2,0.45528984859610694
66,3,-0.37048350026003074
66,4,-0.5893083565873328
66,5,-0.556494856490029
67,1,1.1404067802811124
67,2,0.39929291219126234
67,3,-0.09468805365308171
67,4,0.16837043505232677
67,5,0.4378211087826593
68,1,1.1682267939652622
68,2,0.5678464886938621
68,3,0.07135380571099291
68,4,0.20688373965894924
68,5,0.039761344561695416
69,1,0.7750128858905746
69,2,-0.7590005498139966
69,3,-0.585141123359898
69,4,-0.2434660330307047
69,5,-0.025756870008184884
70,1,-2.0784635906971376
70,2,-0.6209786752171021
70,3,-0.7384987059512184
70,4,0.08804335927421779
70,5,0.5901220491378796
71,1,-1.6615313421774591
71,2,-0.10958519497795623
71,3,-0.22590826354739518
71,4,1.18412144570865
71,5,-0.5761182371679496
72,1,-1.9812639724319496
72,2,1.7668228516978635
72,3,0.7983477346434608
72,4,-0.8720371580574153
72,5,-0.9870447361490337
73,1,-2.1949634994335994
73,2,1.6647542711569565
73,3,0.9215603572853549
73,4,-0.5857214637695994
73,5,-0.7570343714682215
74,1,-2.031429176310363
74,2,1.8725439771973529
74,3,0.8858305995199871
74,4,-0.6294362142980272
74,5,-0.9142678114778504
75,1,0.7231824867023384
75,2,-0.23300440192115934
75,3,-0.49315432363969464
75,4,-0.716881653134615
75,5,0.2050786437971044
76,1,-2.0775445997477786
76,2,1.1450634665990194
76,3,-0.21833084374619574
76,4,-1.2404863774725614
76,5,0.11875909938501585
77,1,-1.6654953851954044
77,2,-0.08455494801778331
77,3,-0.24002928882498573
77,4,0.6280537964036116
77,5,-1.3150788039934573
78,1,1.2951441862283233
78,2,0.661205703563493
78,3,0.4238153781980514
78,4,0.3411352273904797
78,5,0.429289796825133
79,1,0.7752515838367335
79,2,0.3996264752910196
79,3,-0.166892340489716
79,4,-0.4013753652653828
79,5,-0.5064854010211557
80,1,0.7403841633167334
80,2,-0.06636745120352414
80,3,-0.2593839001311752
80,4,0.38175986938458784
80,5,-1.0800117868833705
81,1,1.1334332470950508
81,2,0.6844894896035174
81,3,0.01429605028632277
81,4,0.2367772751194577
81,5,0.36508508256680083
82,1,1.0135233231649228
82,2,0.4366800191320158
82,3,0.12778056336712018
82,4,0.30160824812918063
82,5,0.25008006593042176
83,1,0.994261639536212
83,2,0.37113551907518044
83,3,0.09987062999423799
83,4,0.18669976884596337
83,5,-0.14319791591043823
84,1,0.7902572472057865
84,2,0.4190808492894852
84,3,-0.27163459768274595
84,4,-0.5128574723938397
84,5,-0.4588767851580172
85,1,0.778361893495696
85,2,-0.4419582701010156
85,3,-0.5578394496355357
85,4,-0.4965847616495911
85,5,-0.03743482658945957
86,1,-1.8946136730134928
86,2,-0.56466194157058
86,3,-0.6324894383185145
86,4,0.9219113060750234
86,5,-0.04172303001760086
87,1,0.7662837781754062
87,2,-0.7312186213136169
87,3,-0.7416419571410487
87,4,-0.2401566743746579
87,5,-0.16644218019682422
88,1,0.8416568367268562
88,2,-0.3874995913210274
88,3,-0.4324258088787509
88,4,0.434819757582739
88,5,-0.8532334428301738
89,1,0.6335245315777752
89,2,-0.256534533830926
89,3,-0.5512338500637004
89,4,-0.7687011550342512
89,5,0.5323974175313906
90,1,1.0010553868201078
90,2,0.48120248056882886
90,3,-0.06546064643831659
90,4,0.2330394648610724
90,5,0.23356507016617878
91,1,0.7215124714588307
91,2,-0.28835358888487506
91,3,-0.24042714259880035
91,4,0.3191862418436808
91,5,-1.0162592464082787
92,1,1.0708760914301323
92,2,0.5359439552403167
92,3,0.023795812076759754
92,4,0.15183490739606179
92,5,0.538834703057384
93,1,1.2058060200171785
93,2,-0.6198136874773617
93,3,1.0805426369465045
93,4,0.3912413463335905
93,5,-0.004650989435136467
94,1,0.7750401626427107
94,2,-0.5676056669837417
94,3,-0.4487858558436415
94,4,-0.360591010173478
94,5,-0.16862058573848135
95,1,0.8331531846695504
95,2,0.2836059533885079
95,3,-0.5310302355653009
95,4,-0.5795639394479036
95,5,-0.587993670604509
96,1,-1.9905140340824534
96,2,-0.3699100844225302
96,3,-0.485074447918465
96,4,0.36233271380961596
96,5,0.16476651999666966
97,1,1.0010626098583744
97,2,0.46147997496079574
97,3,0.20602452259382395
97,4,0.1934591313062435
97,5,0.3077387224112207
98,1,0.7442834606743093
98,2,-0.6053028013362993
98,3,-0.5197227338280326
98,4,-0.35969409099119537
98,5,-0.22781646859177057
99,1,-0.7275606503405372
99,2,-1.5367414377820816
99,3,1.291483964594996
99,4,-0.6284560763413705
99,5,0.08937600882545241
100,1,1.0098340940950354
100,2,-0.9083115922043296
100,3,1.716486058704011
100,4,0.08410979551024242
100,5,-0.0455633385708309
101,1,0.94478790911674
101,2,-0.812175017363692
101,3,1.387953010262364
101,4,-0.03062966949523023
101,5,-0.08646379981149524
