Individual,PC,score
1,1,-0.7134147106468905
1,2,3.4943957789502136
2,1,2.146152670048424
2,2,0.07564964772057546
3,1,-0.6354771727078933
3,2,3.6285040213043303
4,1,2.1829547237992224
4,2,0.028863074471798943
5,1,-2.0393285774310135
5,2,-0.40482440446666884
6,1,1.5230884683167392
6,2,0.6252728931561241
7,1,-1.9831734108485417
7,2,-0.47739276336652336
8,1,0.2287336712499458
8,2,-1.472906104386284
9,1,-2.0355205262771574
9,2,-0.42657987425833305
10,1,0.3071841426464781
10,2,-1.451493319011088
11,1,-0.10458658954420645
11,2,-1.3206929985778093
12,1,-2.0167738413709966
12,2,-0.5072330623006809
13,1,2.1328599403026236
13,2,-0.0947597302963484
14,1,2.2958881883935214
14,2,0.10385726689475253
15,1,-1.8816281572018891
15,2,-0.6803315566336989
16,1,2.03839663939208
16,2,-0.03184159395372759
17,1,-0.6298749765410357
17,2,3.61883383086825
18,1,2.343467178738249
18,2,-0.07166987966494794
19,1,2.1931443119933327
19,2,0.0077126346488135674
20,1,2.034966906172976
20,2,-0.01697611769137047
21,1,2.2357471238883955
21,2,-0.1036444573650206
22,1,2.103977337024464
22,2,0.08808427700279288
23,1,-2.1689421131249844
23,2,-0.6574652877395001
24,1,0.18710431288901774
24,2,-1.4332960446336442
25,1,0.777399613908866
25,2,-1.4733971551877916
26,1,-0.7393323129472591
26,2,3.4585583249683514
27,1,1.7717391002693128
27,2,0.49752767551502725
28,1,2.157335257555443
28,2,0.3464019450567767
29,1,2.212324255422233
29,2,-0.059096402695767804
30,1,1.7420294371697318
30,2,0.46756099213364094
31,1,2.2225837543902123
31,2,0.16773405097069735
32,1,1.5945448322397942
32,2,0.3045445653215321
33,1,-1.9996506379522423
33,2,-0.5833311039317345
34,1,-1.9743560650014194
34,2,-0.7812355989771762
35,1,-2.0664999549274814
35,2,-0.6562789712377924
36,1,-2.098114152756253
36,2,-0.7594804135197193
37,1,0.6909796275331139
37,2,-1.6106445840932437
38,1,0.785279502701267
38,2,-1.6399754984424302
39,1,2.1108178666439636
39,2,0.20727474583394848
40,1,-1.9456748335338336
40,2,-0.6842663707246982
41,1,2.0873922798591793
41,2,0.05143165974393411
42,1,-1.791069217904275
42,2,-0.6083030524728553
43,1,-2.043766501283439
43,2,-0.5363083834034412
44,1,-1.9263912732859474
44,2,-0.29244977563755153
45,1,2.0868354633566226
45,2,0.002264124969838607
46,1,-2.1931119965423305
46,2,-0.647159670597953
47,1,-0.6908308993536791
47,2,3.5738640430439466
48,1,-0.5273562393772251
48,2,3.6233813723578656
49,1,-0.707018766728662
49,2,3.736425164521933
50,1,-0.6868412143612213
50,2,3.6003800448561143
51,1,-0.733646999499238
51,2,3.712644032595649
52,1,2.1736375035734063
52,2,0.15484408222656323
53,1,-2.2134184905347296
53,2,-0.7004558682390516
54,1,-1.9550001335047602
54,2,-0.4493217025421315
55,1,-1.9582863299390345
55,2,-0.602672904952065
56,1,2.1678782741034324
56,2,-0.11740541260071836
57,1,-2.1418197658638434
57,2,-0.3857347595497766
58,1,-0.8343069437559961
58,2,3.63217779880779
59,1,-0.7409732323283461
59,2,3.443066790366416
60,1,-1.9756365153280888
60,2,-0.5431194901915084
61,1,-1.977746835221559
61,2,-0.44469080943484296
62,1,0.8111596237811473
62,2,-1.7068436498512265
63,1,0.708834525768959
63,2,-1.6237982581384427
64,1,2.427374772793533
64,2,0.24383614449460073
65,1,2.2882083655523786
65,2,0.09838472536630227
66,1,2.431452377453142
66,2,0.2666704704614865
67,1,2.320237568409985
67,2,-0.1578791376625206
68,1,-0.7843074103627481
68,2,3.492892728495568
69,1,-2.0775589121920612
69,2,-0.6747788542669657
70,1,2.3912854916662516
70,2,0.12643666701233117
71,1,2.2463644225605903
71,2,-0.1045211112776651
72,1,0.7761495478046078
72,2,-1.6392065231680228
73,1,0.7146298024429609
73,2,-1.5934587793695052
74,1,0.565012196870104
74,2,-1.593304912855278
75,1,-2.0073077750164607
75,2,-0.6355979947313999
76,1,-1.9557861723288452
76,2,-0.6095494682125085
77,1,-1.957252284274768
77,2,-0.5076757116807751
78,1,1.8417692976343238
78,2,0.350087765158599
79,1,0.16435366957687986
79,2,-1.3727382708768474
80,1,-2.112113637668395
80,2,-0.3941297122024585
81,1,-1.9896419899602582
81,2,-0.5377127324379706
82,1,-2.0111002375365827
82,2,-0.5813816305289995
83,1,-2.199358366251382
83,2,-0.4559496727744678
84,1,-1.8724400528032688
84,2,-0.7240872787442276
85,1,0.5084380144268248
85,2,-1.488922554262498
86,1,2.0787047962646192
86,2,0.07793407641148382
87,1,0.552491649372839
87,2,-1.5660779454589324
88,1,-2.168248575729763
88,2,-0.5957795951503897
89,1,-2.087279340624549
89,2,-0.5957285338339952
90,1,-1.9632433164776912
90,2,-0.46307471475794076
91,1,-1.9201408673028804
91,2,-0.8159807325061788
92,1,-2.147079732858305
92,2,-0.38534912593839166
93,1,-0.6228152801170739
93,2,3.4859212043291103
94,1,2.329734793771971
94,2,-0.03219246479081896
95,1,0.6062564583762362
95,2,-1.5774016835619493
96,1,2.264845525523719
96,2,0.23839710830916697
97,1,0.05228735812130348
97,2,-1.486257815316361
98,1,0.39240407292849916
98,2,-1.676861246825053
99,1,-0.09453500529166999
99,2,-1.184005926358038
100,1,2.3682530995581312
100,2,-0.012698647421180235
101,1,0.7250885301811142
101,2,-1.5124359206074158
