Individual,PC,score
1,1,-2.694898254401673
1,2,0.06112618426661772
2,1,0.7633222960583431
2,2,0.05274635079087851
3,1,-0.5588931860139956
3,2,0.05803621325156452
4,1,0.8751662625003571
4,2,0.10934687887282445
5,1,-2.8658212782072443
5,2,0.08185931028050714
6,1,-2.9459153790454886
6,2,0.10659627710052445
7,1,-2.767419638257033
7,2,-0.0399811510119867
8,1,0.7658477286349161
8,2,0.43100592713915326
9,1,0.9266293531015226
9,2,-2.4358479626176526
10,1,0.8315493500990127
10,2,-2.18171771256373
11,1,0.6896494759397036
11,2,0.08987996956877452
12,1,-2.9533990364031375
12,2,0.11005227167576745
13,1,0.748614408952782
13,2,-0.07180698013170925
14,1,0.9042765722085484
14,2,-0.08704704889561556
15,1,0.578870582388931
15,2,0.5150314596012968
16,1,0.8796945052623303
16,2,0.04257467770671258
17,1,-2.72770327021918
17,2,-0.1007230783577941
18,1,-2.679201036343719
18,2,0.17795694387536207
19,1,-2.7848753310275693
19,2,0.21495540621261908
20,1,0.8891991966311414
20,2,0.11872900530853676
21,1,0.7113058751284693
21,2,0.2319173619120039
22,1,0.9153993818202386
22,2,0.036522211277102264
23,1,-2.870279241583928
23,2,-0.06080964673368126
24,1,0.6749400636197372
24,2,-0.05494492987876776
25,1,0.8720316947478982
25,2,0.16601925895767283
26,1,0.918230579256648
26,2,0.1029562524849551
27,1,-3.010040483867451
27,2,0.12808515718667385
28,1,0.7701535650694604
28,2,0.15200979203465112
29,1,0.8769243355441225
29,2,0.34991438247764156
30,1,0.9463326007075907
30,2,-0.03451612455669238
31,1,0.8838161935871874
31,2,0.01467787238809423
32,1,0.6073710515389387
32,2,0.1714806904859273
33,1,0.8856067817604159
33,2,0.15128597953996992
34,1,0.6121525947551907
34,2,0.38563302773613767
35,1,-2.8433815924485573
35,2,-0.14920884774586238
36,1,0.5515111192832272
36,2,0.3717090286181528
37,1,1.020507247614652
37,2,0.07616320925501856
38,1,0.8522676201103527
38,2,-0.043874220909142794
39,1,0.9123093593931775
39,2,0.1940929280992802
40,1,0.7318831266024215
40,2,0.38007343247476494
41,1,0.8156284603870472
41,2,0.03302289419059754
42,1,0.46281201548158923
42,2,0.19681477744097134
43,1,0.6925746549236532
43,2,-0.0069600507856131645
44,1,-2.7481933456162224
44,2,0.09092547140202817
45,1,0.951221718086114
45,2,0.20537482441434216
46,1,0.6869584515256657
46,2,0.044830615459555113
47,1,0.8601035558647785
47,2,0.1854039040041366
48,1,0.8574372611019248
48,2,-0.044422835410699
49,1,0.7630288700782353
49,2,0.19163773926404612
50,1,0.7943750855553257
50,2,0.13601884075868986
51,1,-3.067127553809642
51,2,-0.08811792558660747
52,1,0.7791874811364701
52,2,-0.024300473610011097
53,1,0.44138140221825223
53,2,0.2833484976637116
54,1,0.7289710412606607
54,2,0.04324961334654177
55,1,1.014305694869781
55,2,-2.219740396108092
56,1,0.6499739022448775
56,2,0.20460666959678614
57,1,-0.383217674417331
57,2,-2.4206492544804337
58,1,0.6283279397559527
58,2,0.21241872899429257
59,1,0.7933853874836801
59,2,0.14871668834529211
60,1,-2.6465661543639154
60,2,-0.17415681121999382
61,1,-0.2086917263675281
61,2,-2.7165769558792934
62,1,0.6328987667232195
62,2,-0.0934137378102123
63,1,-2.6045768605258175
63,2,0.03635275793131809
64,1,0.6907152980939059
64,2,0.06383737973396718
65,1,0.7758119607455701
65,2,0.0831114834185177
66,1,0.5447830261764303
66,2,-0.08123325318516712
67,1,-2.7472534814773755
67,2,0.14419248079911942
68,1,-3.0594344723595275
68,2,0.3262058787416128
69,1,0.7617042308370092
69,2,0.03393687221783184
70,1,0.5777494514752404
70,2,0.3585660808385751
71,1,0.6874234449323795
71,2,0.12896819174578708
72,1,0.7844928728489567
72,2,0.21097273599781768
73,1,0.8512778631094303
73,2,-0.03710969231730523
74,1,0.8826469660250442
74,2,0.04319119960624243
75,1,0.7589650733797442
75,2,0.19015961974816856
76,1,0.8484872087146269
76,2,0.16336413158916216
77,1,0.7119748111958526
77,2,0.15728157384939706
78,1,0.9686981764540671
78,2,0.32410547560724995
79,1,0.8097682736470044
79,2,-0.1741993331115922
80,1,0.9487944225882179
80,2,-0.14533267569934105
81,1,0.6394508981788674
81,2,0.45336547066786936
82,1,0.5412459563025507
82,2,0.10827803761646274
83,1,0.45435638539523593
83,2,0.3511637369584489
84,1,0.7550474773846988
84,2,0.2609132716814771
85,1,0.5312189533446843
85,2,0.18887780344253208
86,1,0.766627017486626
86,2,0.19807665131937746
87,1,-2.7114147814987084
87,2,0.11150490306473479
88,1,1.1082765105865968
88,2,0.4740787870667005
89,1,0.76310517558518
89,2,0.036048288065814116
90,1,-2.8187124359389637
90,2,0.29741592413440116
91,1,0.8216356039407221
91,2,0.3654234049973596
92,1,-2.7633791238862457
92,2,0.0120316093497055
93,1,0.569356003223797
93,2,0.13255174815881354
94,1,0.8037297366958027
94,2,-0.010277379023071858
95,1,0.9607634728946641
95,2,0.18352583878107046
96,1,0.7920099757716917
96,2,0.22929372527339445
97,1,0.8907332663035568
97,2,0.07479338403380859
98,1,-2.6281861504538244
98,2,-0.1643767103229117
99,1,0.9417589474429234
99,2,0.2764650065514934
100,1,0.933362196110329
100,2,0.3183417793205675
101,1,1.0644762206481293
101,2,0.2661432301840086
