Individual,PC,score
1,1,1.4340569327271802
1,2,-0.41574348492295443
1,3,0.12746902126384052
2,1,1.295577886604359
2,2,-0.41955694063983145
2,3,0.06516049447781386
3,1,1.5477525410611295
3,2,-0.4042031351205155
3,3,0.1430652620308525
4,1,1.214020221798667
4,2,-0.5243669256082354
4,3,0.06193389385852015
5,1,-1.7018945685956872
5,2,-0.370478126759038
5,3,-0.10447707699797834
6,1,1.6205027393573124
6,2,-0.4142602390429533
6,3,0.01769894877449577
7,1,-2.1992662443255933
7,2,0.9269596896037888
7,3,0.31868742793833527
8,1,-1.8118760786652275
8,2,0.11004357276319479
8,3,0.2385170671105652
9,1,1.1987330755816208
9,2,0.9055834215637671
9,3,0.1109351603630071
10,1,1.2272054980045812
10,2,-0.40868438360913606
10,3,0.23075058900209094
11,1,-1.9499440934591565
11,2,-0.07533205382248112
11,3,0.269168901440249
12,1,1.406866847601432
12,2,-0.9052501685061513
12,3,-0.02376966853560405
13,1,-1.936726155633828
13,2,0.23593901797159172
13,3,0.22888315824004804
14,1,1.5257058844475107
14,2,0.39577762258501564
14,3,0.12864152960664504
15,1,1.481791030319941
15,2,0.3074993160855769
15,3,0.038839702245240235
16,1,-1.8480291170415293
16,2,0.5691038221549642
16,3,0.02137505417304234
17,1,1.4363639622008395
17,2,0.6934870791160909
17,3,0.17982343304356369
18,1,-2.0324334323069175
18,2,0.7167988482339153
18,3,0.13993521304431095
19,1,-2.147493516335785
19,2,0.7166201520493035
19,3,0.11137048931039008
20,1,1.1967668259604654
20,2,1.1688397652872782
20,3,0.044060154691798
21,1,1.1986972788791208
21,2,-0.38959913988852646
21,3,0.05686645817815549
22,1,-2.020539155858599
22,2,-0.5763907879880725
22,3,0.19539858506634916
23,1,-2.0163055882997276
23,2,0.03531748111312756
23,3,0.21753599838569856
24,1,-2.1128254038124896
24,2,0.041790105491523344
24,3,0.16544211507335374
25,1,1.1703725020039035
25,2,-0.641101918325036
25,3,0.03980263482298374
26,1,-1.9596659490786998
26,2,-0.35775908133718554
26,3,0.18783316416141232
27,1,-1.9354848108413798
27,2,-0.45960803850543813
27,3,0.05326472821031906
28,1,-1.8654416892556842
28,2,0.5884300817447372
28,3,0.03187757509329374
29,1,-2.0245749939502424
29,2,-0.19174165328189643
29,3,0.158818865017856
30,1,1.3161098632408534
30,2,-0.2450311154344924
30,3,0.1492939715757268
31,1,-2.095174607816739
31,2,-0.5488140695043681
31,3,0.027162629435231556
32,1,-1.577274895579492
32,2,-0.3469544783705054
32,3,0.22358732209371746
33,1,-1.8893846003841224
33,2,-0.6041622129717699
33,3,-0.09486682231757639
34,1,1.411059740805948
34,2,0.35993323452091025
34,3,-0.1472918363916338
35,1,1.207000488973505
35,2,0.37739146205229646
35,3,0.11833219973073059
36,1,-0.3953630572916791
36,2,-0.6841372477670232
36,3,-0.3610764357190701
37,1,-1.935191867266684
37,2,-0.652643405813844
37,3,0.1414317929788883
38,1,1.240379247383859
38,2,0.9035818032582683
38,3,0.07072769775149362
39,1,1.4140473357305956
39,2,1.0626953785961615
39,3,0.206798157156631
40,1,1.390931512264591
40,2,0.9837636860462327
40,3,0.03765072743832024
41,1,-1.5341456566432428
41,2,0.8499165761807226
41,3,0.3456908531107292
42,1,1.536556975332838
42,2,0.5051796830255963
42,3,0.20784577055427533
43,1,-2.1446033077051
43,2,-0.05299452023738775
43,3,0.23006843765574458
44,1,-1.7825151801779848
44,2,-0.606391020964459
44,3,0.025001117374992082
45,1,-1.749982445158074
45,2,-0.7395597724141278
45,3,0.05604754734164291
46,1,-1.944484418830286
46,2,0.7121857968394396
46,3,0.07614785616092344
47,1,1.4031218896830413
47,2,-0.5459731302273219
47,3,0.07271374337952588
48,1,1.3734497989657297
48,2,0.051167245486476436
48,3,-0.21741035132903333
49,1,1.2081950908839727
49,2,0.4243645803446529
49,3,-0.006068601260373062
50,1,1.303443768351188
50,2,0.5593357803223032
50,3,0.0991498075074443
51,1,1.2446240346338957
51,2,0.23990391281716061
51,3,-0.18248254837711267
52,1,-1.890303509962231
52,2,0.649320931999343
52,3,0.03719073352480571
53,1,1.3615393533806726
53,2,-0.34556051226384504
53,3,0.26230566310898523
54,1,1.3084767526494696
54,2,-0.4073204859571312
54,3,0.01732532179617417
55,1,-1.9306237577386434
55,2,0.9716275361569476
55,3,0.1456515958347987
56,1,-1.746234504570086
56,2,-0.6245146276027461
56,3,0.13549942701393736
57,1,1.1751794718339328
57,2,0.6795190566447606
57,3,0.3220189531931198
58,1,1.4114141354356764
58,2,0.38260970111321624
58,3,-0.07241548322879995
59,1,1.384368274896677
59,2,-0.3578432045245006
59,3,-0.030686177010059858
60,1,1.397137963976038
60,2,-0.4477945754975983
60,3,0.03299230096846069
61,1,1.3114465955580206
61,2,0.5441929850787223
61,3,-0.04751802567769452
62,1,-1.3326691125580015
62,2,-0.6522211985315358
62,3,0.15823133642099105
63,1,-1.422771988060737
63,2,-0.39457636554986864
63,3,0.21428514590536832
64,1,-1.2947670401839666
64,2,-0.4092135674915917
64,3,0.054455528672489824
65,1,1.2653548136397978
65,2,-0.36474922822018024
65,3,-0.1214012707730987
66,1,1.057738867106431
66,2,-0.9990702642272746
66,3,0.12710972875033638
67,1,1.2760746757153638
67,2,0.15175317185299153
67,3,-0.03735968016153723
68,1,1.4356478104289518
68,2,0.5115500683804771
68,3,0.1512018033583459
69,1,-1.4141875358274618
69,2,0.6784509294009982
69,3,0.10773584593302152
70,1,1.4054584530122796
70,2,-0.5107106677625355
70,3,0.07853773806052966
71,1,-1.8355625025750044
71,2,-0.7341316082393677
71,3,0.2310217173498105
72,1,1.3657326280464144
72,2,-0.7688969085250019
72,3,-0.19249642007451823
73,1,1.2591484456505144
73,2,-0.839528370783933
73,3,0.01731671375639679
74,1,1.471361035867628
74,2,-1.0404659434509376
74,3,-0.053604919311103526
75,1,-1.8546917455891567
75,2,0.6423918670651673
75,3,0.06967669047445349
76,1,-1.7122543590327268
76,2,-1.1954949246431963
76,3,0.01447070105692747
77,1,1.37870635105568
77,2,-1.0579359746783223
77,3,-0.07018771108157039
78,1,-2.0220711586601423
78,2,-0.1616001980946142
78,3,-0.007223380735098569
79,1,-1.9266240268132486
79,2,-0.9434352217381492
79,3,0.14280276405581616
80,1,1.2034115129518907
80,2,0.260659323231692
80,3,-0.058390345378946544
81,1,-0.8567789433486992
81,2,-0.544041922652204
81,3,-3.2787526316275213
82,1,-1.0235022435389605
82,2,0.8794705330038574
82,3,-3.357386157951859
83,1,1.310064829881117
83,2,0.6556771593082176
83,3,-0.07365343184828908
84,1,1.3102007230070825
84,2,-0.3847034795961048
84,3,0.15570221578769222
85,1,1.356333255661701
85,2,-0.24250438333964686
85,3,0.18655656471101262
86,1,1.3769068114811884
86,2,-0.571345239908299
86,3,-0.1903442336315251
87,1,1.4018876455055178
87,2,0.33300707507960736
87,3,0.00626277013474671
88,1,1.2379537280677724
88,2,-0.5316789921247802
88,3,-0.09533067973097913
89,1,-1.8093892165111054
89,2,0.8710579946406312
89,3,0.0036035735652761632
90,1,1.278438498858255
90,2,0.23551918043735404
90,3,-0.011321423877977256
91,1,1.339518704863643
91,2,0.3718462017729221
91,3,-0.0035249392756829126
92,1,1.155061021001483
92,2,0.9904476222858638
92,3,0.051759153479946446
93,1,-2.0786522104239333
93,2,0.8349196203432409
93,3,0.16782266953123867
94,1,1.542860660732135
94,2,0.40517916510715246
94,3,-0.2267510443479293
95,1,1.0675326590666856
95,2,-0.5956808309282978
95,3,-0.01449585064430268
96,1,1.245590785448029
96,2,1.0059289191697847
96,3,0.17687008105946983
97,1,-2.0703113604745784
97,2,0.7937077349612457
97,3,-0.050840921589172805
98,1,1.2324959869131666
98,2,-0.353184100392238
98,3,0.12807398384939103
99,1,1.106513781742873
99,2,0.7555903834303239
99,3,0.020702356115397644
100,1,-1.6983942772871738
100,2,-0.6596620304417639
100,3,0.2047364463895692
101,1,1.0975211212356426
101,2,-0.3274343974901962
101,3,0.038403289157307924
