Individual,PC,score
1,1,0.410507081656063
1,2,0.1803610111034542
1,3,0.10458259008332091
1,4,-0.07613953050173136
2,1,0.16155127757585683
2,2,0.21373023380045325
2,3,0.06866467969579884
2,4,0.5194110529234971
3,1,-2.2103436623220185
3,2,0.18304634073686935
3,3,-0.002674656590077146
3,4,1.757966409425932
4,1,0.4008050184032998
4,2,0.27877249776722085
4,3,0.12428276068666082
4,4,0.18706428030752675
5,1,0.34019071655832717
5,2,0.11630018904102388
5,3,0.10877605849923142
5,4,0.0928910470648069
6,1,-3.4007699860197156
6,2,0.16690458600445995
6,3,0.2677028325488418
6,4,-0.7952456964400543
7,1,0.3481869255739052
7,2,0.1860612718500336
7,3,-0.06490550313540105
7,4,0.03424136483310236
8,1,0.3251447037466241
8,2,0.0959817897415056
8,3,0.10162767090292238
8,4,0.03242719987606018
9,1,0.4021184867385819
9,2,0.11706972218614267
9,3,0.1961296005697506
9,4,-0.01471331460057658
10,1,0.3275115301160271
10,2,0.10894772764545155
10,3,0.13002250847626412
10,4,-0.0859016934535114
11,1,0.34597650512697337
11,2,0.505997074654365
11,3,0.3271598885879702
11,4,0.04124907271975414
12,1,0.44414846566345295
12,2,0.02604077245093071
12,3,-1.7186350825313126
12,4,-0.3923512935588887
13,1,0.7289633889982088
13,2,0.11199804946932314
13,3,0.1663005638073562
13,4,0.12723327233069756
14,1,-0.026522626841362272
14,2,0.04241112434773323
14,3,-0.25661844967077285
14,4,0.21263020407701913
15,1,0.21168675903433493
15,2,0.07575355542399574
15,3,0.1638934486576742
15,4,0.009175461206388718
16,1,0.20756156821901345
16,2,0.1548204651226432
16,3,0.14644651908502787
16,4,-0.07582253997107623
17,1,0.44585281090542545
17,2,-0.08438580276151757
17,3,0.4228531944301444
17,4,0.038036037226988846
18,1,0.5064282919707555
18,2,0.24037417926314975
18,3,0.05636006975776601
18,4,0.1183040062006172
19,1,0.2712473620861211
19,2,0.15908714633242788
19,3,0.20101143264174154
19,4,-0.24759868281529632
20,1,0.2518776152470287
20,2,0.13138367252646982
20,3,0.059676745435467825
20,4,-0.06955674094304379
21,1,0.39390924630246044
21,2,0.4292928553898894
21,3,0.2087281269280181
21,4,0.13599787606682961
22,1,0.383075439023028
22,2,0.24236118377389188
22,3,-0.11164274883498865
22,4,-0.12987640618799065
23,1,0.20898666926547557
23,2,0.2801701402864377
23,3,0.08130634259057976
23,4,0.21169451052674504
24,1,0.26834115570882555
24,2,0.03874581497724614
24,3,0.21071240721299206
24,4,-0.09774569441271841
25,1,0.4330825001716584
25,2,0.35856592004318943
25,3,0.1439652072771019
25,4,-0.004742611476628685
26,1,0.14617160795120365
26,2,0.0591502899486204
26,3,0.0521885278522339
26,4,0.5158876605794144
27,1,0.3396520300132324
27,2,0.1860235482840144
27,3,0.17158050389069218
27,4,0.39937837123654385
28,1,0.20051968135369894
28,2,0.41550105472356186
28,3,0.1407742392300185
28,4,-0.006823710321768152
29,1,0.40214362290556704
29,2,0.09622321710624365
29,3,0.2119935897635094
29,4,-0.1559987005332305
30,1,-3.5767789564230443
30,2,0.18959851743277037
30,3,0.20370662415077365
30,4,-0.6728188951489373
31,1,0.29676900984969323
31,2,0.2550552799930956
31,3,0.04519247572755588
31,4,-0.09707584312402451
32,1,-1.0426361334382463
32,2,0.37114188280849975
32,3,0.5266091017219849
32,4,-1.9273093913146406
33,1,0.21903817170043888
33,2,0.1958294248484657
33,3,-0.05845926032836849
33,4,0.03463816947403065
34,1,0.33047616712835176
34,2,0.33190568587342295
34,3,0.1817978999751771
34,4,0.013474993124231298
35,1,0.24160662557182086
35,2,0.1384820531527156
35,3,0.20352577930842625
35,4,-0.034671760462814685
36,1,0.528229345141124
36,2,0.19440522432632926
36,3,0.09981670501614481
36,4,0.13415920385109698
37,1,0.31053052126698816
37,2,0.19340645784874552
37,3,0.15475127632867217
37,4,-0.23214329308464018
38,1,0.09307770622862525
38,2,0.09621211000714898
38,3,-0.08563830443085237
38,4,0.03719076966477786
39,1,0.18873434890440235
39,2,0.005621144399399447
39,3,-0.13206519184093574
39,4,-0.022884593200072436
40,1,0.43607642260491614
40,2,0.05004030701127002
40,3,0.20987670213248502
40,4,-0.1028924527482803
41,1,0.35520089849278697
41,2,0.2231245170757218
41,3,0.243210560086911
41,4,0.046170245331999135
42,1,0.43833499972411094
42,2,-0.08688544587811203
42,3,0.026515742102665982
42,4,0.0485691018540544
43,1,0.5130491526881389
43,2,0.10015655258054708
43,3,0.16824229904642796
43,4,-0.047210269995430355
44,1,0.4501641520127082
44,2,0.24609613005939654
44,3,0.2834854666884608
44,4,-0.1587794006581496
45,1,0.15474900037671632
45,2,0.2792842643160346
45,3,0.14245648696422616
45,4,-0.1522582805246916
46,1,0.305569672825049
46,2,0.12446797618539482
46,3,0.04574874702342331
46,4,-0.09197058294926005
47,1,-3.407963274486024
47,2,0.2883845832055607
47,3,0.02820768898819379
47,4,-0.5630908738768222
48,1,0.4026737846952819
48,2,0.14639546450332494
48,3,0.1543725118427037
48,4,-0.2910953465672188
49,1,0.37159613833544236
49,2,0.3170027424047206
49,3,0.10440543165544698
49,4,0.05046627131632309
50,1,0.41381687431039743
50,2,0.0652199622277506
50,3,-0.0919752272362292
50,4,-0.14525440015824168
51,1,0.41273957754361923
51,2,0.17513148905325235
51,3,0.1575616424331178
51,4,-0.011456884203555331
52,1,-0.07930321606285716
52,2,0.39370319465269776
52,3,0.004268202605851219
52,4,0.18067446529100945
53,1,-2.441988445002773
53,2,0.2535584493114504
53,3,-0.15479334027017358
53,4,1.5999489491108272
54,1,0.20415020702130593
54,2,0.10265933451793204
54,3,0.038342486140232133
54,4,-0.0956901211326192
55,1,0.31749759416948753
55,2,-2.8816130501145234
55,3,0.713590995987083
55,4,-0.12869129673532118
56,1,-0.35694575127345224
56,2,-3.2214620996478502
56,3,0.32633878219696966
56,4,0.389840432160096
57,1,0.4625794271247627
57,2,0.18961752103094756
57,3,0.06276041936566952
57,4,0.07515126085971251
58,1,0.31000105033239544
58,2,0.290893657831274
58,3,0.24679910848071054
58,4,-0.08676496616390265
59,1,0.3446670632166649
59,2,0.06980745766105892
59,3,0.33027867652963533
59,4,0.04363973981482701
60,1,-2.4999122877762066
60,2,-0.02137343679389673
60,3,-0.1350334507854245
60,4,1.7383630579060236
61,1,-3.566886823996897
61,2,0.17235159491535287
61,3,0.032080898799854575
61,4,-0.8391680050137418
62,1,0.27193104871944634
62,2,0.09904800961163925
62,3,0.10531137126556185
62,4,-0.14476117310665249
63,1,0.39094393057337423
63,2,0.22825493723625592
63,3,0.11238270614408272
63,4,-0.09150415559645854
64,1,0.16155988315367142
64,2,0.1619852708979529
64,3,0.07443376990056523
64,4,-0.046373068395172815
65,1,0.36540535659116735
65,2,0.15582271842877154
65,3,-0.12662368493750312
65,4,-0.08645188428856983
66,1,0.372948135331234
66,2,-0.01279307224260714
66,3,-1.6545779647014547
66,4,-0.4057986754601186
67,1,0.43244684484900153
67,2,0.2938072300040733
67,3,0.3209617526297341
67,4,0.17505692599471118
68,1,0.32344033439042547
68,2,0.15693962693481955
68,3,0.08914338686953091
68,4,0.02731192298643087
69,1,0.28669700544855015
69,2,0.22270855423829453
69,3,0.14339332905677726
69,4,0.2800517964662662
70,1,0.4402478254312472
70,2,0.22920400784804396
70,3,0.2722924354969048
70,4,0.2851062731299112
71,1,0.2433032833027649
71,2,0.41603501124391407
71,3,0.12572734641598796
71,4,-0.009475570506837578
72,1,0.3311559710411325
72,2,-0.1263738753980719
72,3,-1.4561154877890445
72,4,-0.42438140545040187
73,1,0.4519649286033739
73,2,0.034127130060339315
73,3,-1.4385172782121916
73,4,-0.34679425430619
74,1,0.3428779850662147
74,2,-0.23552637757258807
74,3,-1.5556852405238701
74,4,-0.3147540908589262
75,1,0.2020491976341705
75,2,-2.7585898824598374
75,3,0.6668850600217702
75,4,-0.16046744793346912
76,1,-0.3830745263584592
76,2,-3.5153130630229388
76,3,-0.9396834355435773
76,4,-0.07769441249140352
77,1,-0.23921423510455284
77,2,-0.390209521996787
77,3,-1.8715102634116025
77,4,0.19730614101827337
78,1,0.272682869711825
78,2,0.04523914515704327
78,3,0.021336026602355944
78,4,0.026587639798134676
79,1,-0.15756264814450885
79,2,-0.41756998547832125
79,3,-1.9598827970486554
79,4,0.13963246934359047
80,1,0.17076286028271354
80,2,-0.022810051663091063
80,3,0.09357498223026964
80,4,-0.07333829598519691
81,1,0.4897940884690762
81,2,0.13654412096803017
81,3,0.13368775155141083
81,4,0.13215218556636643
82,1,0.3342042721936456
82,2,0.2858655049814215
82,3,0.07428590485364173
82,4,-0.18304969808124383
83,1,0.44416740992328246
83,2,0.36150865765444573
83,3,-0.13294530057550857
83,4,0.022434153820760618
84,1,0.3320039239683773
84,2,0.39851973231060056
84,3,0.34899147623235655
84,4,-0.005801014400527289
85,1,0.20153735846416593
85,2,0.04671414006421975
85,3,0.06998950075608441
85,4,0.05415679384506628
86,1,-3.4846945102445672
86,2,0.18125379967794256
86,3,0.18329791866480055
86,4,-0.8164452329587008
87,1,0.2588006560191588
87,2,0.08449471506228884
87,3,0.1747091476771806
87,4,0.024854208142215183
88,1,0.2091859641533671
88,2,0.09227177820741624
88,3,0.20882799739415406
88,4,-0.049028718263215205
89,1,0.23135950351932358
89,2,-2.9500150232043723
89,3,0.8396252054366179
89,4,-0.11144201827162235
90,1,0.5324145220702701
90,2,0.17126378890358346
90,3,0.27271979529522583
90,4,0.020637806831069767
91,1,0.40697510591937364
91,2,0.047449423627540656
91,3,0.019685162361807486
91,4,-0.03873144324004202
92,1,0.2979023651638717
92,2,0.054224887925180335
92,3,0.12114933244936196
92,4,0.1154901412987391
93,1,0.3518237799111768
93,2,0.4474662694782151
93,3,0.04070527452953905
93,4,0.27193389814052743
94,1,0.4521140685782021
94,2,0.2057475722041736
94,3,0.13256829110986357
94,4,-0.005498358297480643
95,1,0.6008011599188611
95,2,0.40735741964261507
95,3,0.2641349831632414
95,4,0.014605609752683149
96,1,0.3302454156959029
96,2,-0.009638390005348624
96,3,0.28047629522097944
96,4,-0.16444729608616365
97,1,0.23026641208811727
97,2,0.27911603785441746
97,3,0.08052190829632484
97,4,-0.16347799380068762
98,1,-1.8012346726881743
98,2,0.21457123410595522
98,3,-0.1847167948470159
98,4,1.0865189509892301
99,1,0.2956296960901296
99,2,0.1337775315009685
99,3,0.13285851739238128
99,4,0.012550983363653484
100,1,0.305157197531708
100,2,0.269133947567808
100,3,0.16529405247218013
100,4,-0.16346070291045892
101,1,0.30406302479415737
101,2,0.21347846160686212
101,3,-0.03695343815562292
101,4,0.024657796119854636
