Individual,PC,score
1,1,-1.0223031312658633
1,2,-0.22899669938114073
1,3,-0.36323479720384505
2,1,-1.1713062332373687
2,2,-0.1655730000411892
2,3,-0.08088631651279754
3,1,-1.360741029275802
3,2,0.04086120704885682
3,3,-0.3587894550501732
4,1,-1.1483330082099086
4,2,-0.16291385020758012
4,3,-0.13005837443847906
5,1,-1.1537596618514694
5,2,-0.06418509307020476
5,3,-0.32394934748674614
6,1,-1.353346077062967
6,2,0.11284982106483933
6,3,-0.29154058313438586
7,1,2.3715577512107284
7,2,-0.18265754109106555
7,3,-0.21293747357013468
8,1,-1.1402063691967967
8,2,-0.0737224234042727
8,3,-0.2965325207590262
9,1,-0.9439653276408673
9,2,-0.031237588905800844
9,3,0.2824447889078667
10,1,-1.2222767376217454
10,2,0.2164457505501911
10,3,-0.27291390409726396
11,1,-1.3146986862218686
11,2,-0.2804699337997363
11,3,0.7130743998127905
12,1,0.2921102808422654
12,2,-0.8727314686111703
12,3,2.2815030427876613
13,1,2.340333205370855
13,2,-0.0458438603887257
13,3,-0.24011964876578956
14,1,-1.458418433024389
14,2,-0.12978500820728653
14,3,-0.2884381445520655
15,1,-1.1622820877520443
15,2,0.06241306406926093
15,3,-0.2017128871607946
16,1,-1.3653456278455292
16,2,-0.009115475249510362
16,3,-0.31470644896581146
17,1,2.299261412950657
17,2,-0.3334231446845012
17,3,-0.31650841426427884
18,1,2.029391730352584
18,2,-0.33463589559062346
18,3,-0.311440956591973
19,1,2.2004928193985385
19,2,-0.46795090063274775
19,3,-0.26397859435112025
20,1,-1.3083083522437533
20,2,0.020154880517423434
20,3,-0.33120257555613153
21,1,2.0456338195152624
21,2,-0.3047100816913235
21,3,-0.28286820949384855
22,1,-1.076337493677642
22,2,-0.04290684082333142
22,3,-0.3098697390348136
23,1,2.167518034624918
23,2,-0.24783961982207586
23,3,-0.184433131281831
24,1,2.2517693468311353
24,2,-0.2068758224586295
24,3,-0.38783339611211554
25,1,-1.2429384417486193
25,2,0.1437498149223511
25,3,-0.3561068951825291
26,1,-1.1440239877993281
26,2,0.0034724596605493164
26,3,-0.10356140706010236
27,1,-1.3077134816139422
27,2,0.09219136715113244
27,3,-0.15814583126306458
28,1,-1.2732084139790676
28,2,0.06503888051225931
28,3,-0.19470946044560958
29,1,2.1404858295114644
29,2,-0.04597473436075592
29,3,-0.2746966053278052
30,1,-1.1113511749106382
30,2,-0.09954083525205658
30,3,-0.4376589069531988
31,1,-1.3118043758502407
31,2,-0.04418216953073097
31,3,-0.21318976097386858
32,1,-1.155970088748744
32,2,-0.003176284001367748
32,3,-0.2537583335325046
33,1,-1.2754564766357432
33,2,0.008259661569204787
33,3,-0.31958344597083693
34,1,2.3404402557848747
34,2,-0.25698857158136595
34,3,-0.39882443774802795
35,1,-1.046547761783251
35,2,-0.21426883395864635
35,3,-0.12863931935210499
36,1,-1.3247304175429946
36,2,0.08526948112148126
36,3,-0.20302830218259493
37,1,2.5487620755314184
37,2,-0.32429263026268085
37,3,-0.1438163703079626
38,1,-1.064212615829296
38,2,-0.08869581070226663
38,3,-0.4912840132800193
39,1,-1.1620226622876397
39,2,-0.03666784509843718
39,3,-0.20588670164378955
40,1,2.2048414797127123
40,2,-0.34065918559830144
40,3,-0.2663923910976539
41,1,-1.043795109477343
41,2,-0.13789050583890916
41,3,-0.3930232617005642
42,1,-1.0967612558892337
42,2,0.1794775677589702
42,3,-0.3653214672733182
43,1,2.0243873540883324
43,2,3.3748043378669514
43,3,0.9191783255316394
44,1,2.0905136653543606
44,2,-0.14455361723026622
44,3,-0.39876474473268
45,1,-1.1216021474380342
45,2,-0.018535440608935222
45,3,-0.41805963621510955
46,1,2.501184188825636
46,2,-0.18460053543318522
46,3,-0.3418204523802767
47,1,-0.9265879680619762
47,2,-0.26223504286768906
47,3,-0.1252887922668858
48,1,-1.1537067371523024
48,2,-0.1576915112852991
48,3,-0.24839593284903996
49,1,-1.2236214476195184
49,2,0.031237736177438778
49,3,-0.4027626294108697
50,1,-1.1651021923555562
50,2,0.019602560623243694
50,3,0.06496916128308648
51,1,-1.3740498120422098
51,2,-0.042186400238520716
51,3,-0.2451750181547636
52,1,-1.1973010296001407
52,2,-0.034080770315355384
52,3,-0.18337345505961178
53,1,-1.142342374274145
53,2,3.24689473019121
53,3,0.6725629455333755
54,1,-1.3300905342193574
54,2,-0.03876960552450186
54,3,-0.1689477587825749
55,1,2.3014195098096293
55,2,-0.4610395490141327
55,3,-0.16038664039812256
56,1,0.08792156666723623
56,2,-0.3768001855460811
56,3,-0.03304515555719371
57,1,-1.0650646345291541
57,2,-0.3032162611995493
57,3,-0.17042326537163446
58,1,0.8845586802335328
58,2,-0.02884853229593106
58,3,-0.317006017313918
59,1,-1.3675910673121705
59,2,-0.04990432907927805
59,3,-0.2787495142081096
60,1,-1.0502620951965567
60,2,-0.17332018688640752
60,3,-0.2182787557641801
61,1,-1.0561928991686995
61,2,-0.07636503859119603
61,3,-0.14170349648944414
62,1,2.0966907789625253
62,2,-0.08605309337172297
62,3,-0.11710028557342156
63,1,1.9464991013106367
63,2,-0.31417694664359713
63,3,-0.24598750789069584
64,1,1.9369696367605762
64,2,-0.2453365016651644
64,3,-0.0576846717628901
65,1,2.355932263256208
65,2,-0.1345814377329382
65,3,-0.07920025733046618
66,1,-0.03611601217304712
66,2,-0.6467049470892193
66,3,2.402168126327792
67,1,1.9088388755307082
67,2,3.2417673498554986
67,3,0.6658567735642398
68,1,-0.9743802531500418
68,2,-0.2425193264670388
68,3,0.03459022431638206
69,1,2.081199675920403
69,2,3.1129006611150594
69,3,0.8216602443460226
70,1,-1.089309077829786
70,2,3.030892349356834
70,3,0.5086740802517222
71,1,1.9627959555103787
71,2,-0.17752937238271252
71,3,-0.13666825702365687
72,1,0.3699088011189951
72,2,-0.8526764847377584
72,3,2.28440442414462
73,1,0.06945463280233419
73,2,-0.924862154220801
73,3,2.449788726270372
74,1,0.29991574388520303
74,2,-0.7713734619979964
74,3,2.3595312918684703
75,1,2.3909059904306718
75,2,-0.22801225122918742
75,3,-0.35167091079934754
76,1,0.051407216908636116
76,2,-0.9642259003344623
76,3,2.397863577788112
77,1,-1.180369066306354
77,2,-0.5005143396287353
77,3,1.5938804694149415
78,1,-1.2693080297809596
78,2,-0.037260883069476856
78,3,-0.5477748718890008
79,1,-1.301463162423665
79,2,-0.6889506374540827
79,3,1.5137455658267294
80,1,-1.201127252485643
80,2,-0.04130253194898775
80,3,-0.3594617169699539
81,1,-1.2872340758278107
81,2,-0.019649302354905578
81,3,-0.2203159467282402
82,1,-1.1307422356246632
82,2,-0.12711157911331364
82,3,-0.27668853668556476
83,1,2.4131792738237903
83,2,-0.09488755041146153
83,3,-0.2421235625488573
84,1,2.339589561328858
84,2,-0.10906212878045136
84,3,-0.2853984221088564
85,1,-1.2602182454089692
85,2,0.0607334945079164
85,3,-0.28893020312434403
86,1,-1.2310610059066172
86,2,0.09365035340353807
86,3,-0.25232266310997836
87,1,-1.2351979399750592
87,2,-0.06135485110421747
87,3,-0.3147555087488056
88,1,-1.0762242579793888
88,2,-0.012870188341265399
88,3,-0.09155229763346572
89,1,2.391889257476582
89,2,-0.347615988654591
89,3,-0.27739708205167124
90,1,-1.175892076944055
90,2,0.006405159071620134
90,3,-0.23812264972823607
91,1,-1.3513295251990096
91,2,0.004515095335168982
91,3,-0.3393827340854642
92,1,2.1703741110987864
92,2,-0.2652594576592028
92,3,-0.28792761624200103
93,1,2.3195837523488056
93,2,-0.38887731441021944
93,3,-0.6187945496321335
94,1,-1.0358276551467915
94,2,0.0429792937260801
94,3,0.11028731684617832
95,1,-1.2952150441369068
95,2,0.03435680304251974
95,3,-0.24103056782451474
96,1,-1.4686130040185246
96,2,0.025325216849090355
96,3,-0.3181700990737637
97,1,-1.2251793913696916
97,2,-0.13579961653118017
97,3,-0.25703221120453934
98,1,-1.1268013469956744
98,2,-0.11099651504167735
98,3,-0.27473706570626566
99,1,2.2369765763866325
99,2,-0.1779018870294264
99,3,-0.20477865376692064
100,1,2.259679055707019
100,2,-0.49363640166312517
100,3,-0.39020806350798287
101,1,2.162914850692676
101,2,-0.02508738563700871
101,3,-0.2372034774375623
