Individual,PC,score
1,1,-1.9763479914329727
2,1,-2.476497841968434
3,1,-2.630428075894587
4,1,-2.4274038080612748
5,1,-2.060555331015734
6,1,-2.2632949669299696
7,1,1.9322761442541199
8,1,1.9984627113260305
9,1,1.7456536752816854
10,1,-2.151799737642156
11,1,-1.7424174548453861
12,1,2.0191974104157957
13,1,1.8603357416825594
14,1,-2.2407776144349083
15,1,-1.8536233812238143
16,1,1.9249174856753268
17,1,1.8234915709985127
18,1,2.025416149175776
19,1,1.9789100407959868
20,1,1.8414829736489042
21,1,-1.9893416964679727
22,1,1.871639550448963
23,1,1.7430347780299718
24,1,2.07810200042162
25,1,1.755811511901956
26,1,-2.136818884263063
27,1,-2.2055493039966874
28,1,1.8109166240536039
29,1,1.7988526325510372
30,1,-2.4586979998510134
31,1,-2.2207406850020623
32,1,-1.9456634270377675
33,1,-2.0731857535133673
34,1,2.0797317966850146
35,1,-2.1101817558144464
36,1,1.6954255576129658
37,1,-1.921136364757125
38,1,2.115080382395587
39,1,1.941583620962767
40,1,1.8357749306172508
41,1,1.9874661030168226
42,1,-2.2371597813457695
43,1,-2.127786985414404
44,1,2.1407304003843555
45,1,-2.1135046270099034
46,1,2.001345180734141
47,1,-2.1413599533635197
48,1,-2.042715690630347
49,1,-2.144564788903813
50,1,-1.950581769090522
51,1,1.8894816327452892
52,1,1.9469922209620494
53,1,-2.456980930154903
54,1,-2.114547975297406
55,1,1.5450896530115577
56,1,1.3940879949428893
57,1,2.181527760395474
58,1,1.8865343831741417
59,1,-2.1295355097931212
60,1,-2.175954286030001
61,1,-2.035465545055188
62,1,1.7593769608586993
63,1,1.8674028346620108
64,1,1.8618229065125647
65,1,1.8046277057953684
66,1,1.8354204504032547
67,1,-2.022859159363263
68,1,1.6910031482514705
69,1,1.986514933719013
70,1,-2.204654631074449
71,1,-2.1528917786297623
72,1,-2.2051780072307188
73,1,-2.1817521441585543
74,1,-2.2099389732077928
75,1,1.8358515626222263
76,1,1.6961197444418168
77,1,-2.2592538114871785
78,1,1.8561338910161225
79,1,1.7923882576400767
80,1,-2.1486281345202323
81,1,1.640449658529662
82,1,1.7434341239774152
83,1,1.9558693929051107
84,1,1.8107517245417717
85,1,-2.1230510442122346
86,1,-2.4497681042523474
87,1,-2.21327289552365
88,1,-2.2432620186054666
89,1,1.5289747088800023
90,1,-2.176170836790723
91,1,-2.092748621061465
92,1,1.9690239086731147
93,1,2.0315635607497318
94,1,1.7524367152758769
95,1,-2.182469782497291
96,1,2.1582778417343533
97,1,2.0439705848702587
98,1,-1.9638945829339314
99,1,1.9103546645453506
100,1,2.1050489978463287
101,1,1.8982435450369453
