Individual,PC,score
1,1,-0.1389466275333546
1,2,1.9168504313575132
1,3,0.22847901049465177
1,4,-0.8194154584221545
1,5,-0.18465761215534318
1,6,0.7302407234578137
1,7,0.3427430481098225
2,1,0.6428418679907983
2,2,0.28952822173049714
2,3,-0.754925608108168
2,4,-0.26317488529587657
2,5,-0.19466751705007612
2,6,-0.18865712373598686
2,7,-0.036751046968845916
3,1,0.0721523918042732
3,2,1.854734326176599
3,3,-0.348329054139731
3,4,-0.3363739692159563
3,5,0.2337391374804525
3,6,-0.0031032539822596975
3,7,0.3687521384875486
4,1,-0.4483605664968169
4,2,1.7223871339393892
4,3,-0.17266019072711747
4,4,-0.5214545734755303
4,5,0.21342730078711886
4,6,-0.052023752683420424
4,7,0.7684323222383492
5,1,-0.08124885437355278
5,2,1.6646145782396298
5,3,0.011578448205638235
5,4,-0.5878864582934743
5,5,0.03729898287847459
5,6,0.8091763489339215
5,7,0.10176895191184283
6,1,-0.08816036437027852
6,2,1.8535940667451465
6,3,-0.5917326930286932
6,4,-0.30389111639061356
6,5,0.6313696434710312
6,6,0.2725109146988293
6,7,0.25939225048630127
7,1,0.5800024874686976
7,2,0.6291626869954006
7,3,-1.2340266129562503
7,4,-0.06445132529466757
7,5,0.41234660282311036
7,6,-0.22783285369690384
7,7,-0.6812126006691064
8,1,1.0425772860191724
8,2,-0.46228791000608666
8,3,0.5102722257125357
8,4,-0.4147824523649054
8,5,-0.404139421524248
8,6,0.4077131213204792
8,7,0.023635528753660852
9,1,-1.61288724033527
9,2,-1.3930469337827147
9,3,0.6885566356607008
9,4,-0.19081458088514555
9,5,0.7556483978046025
9,6,0.48694577232113945
9,7,-0.4556108519151839
10,1,1.3023948302899286
10,2,-0.0851625351758129
10,3,-0.08042546581259288
10,4,0.033737590556461236
10,5,-0.5053080146824951
10,6,-0.4499972288391465
10,7,0.09082539153590224
11,1,0.5177317073896706
11,2,-0.6789438376634161
11,3,0.7388873313453458
11,4,-0.6591310167716511
11,5,-0.4390313928408402
11,6,-0.1263136440230968
11,7,-0.6786194248224686
12,1,-2.3067397747392593
12,2,0.37302250057865166
12,3,-1.0725274718916114
12,4,0.17409767485712832
12,5,-0.034423640753927724
12,6,-0.3174314158161661
12,7,0.48371613691985005
13,1,-1.3974978410936292
13,2,-0.9144928433936842
13,3,0.17817276616828012
13,4,-0.29158760172056186
13,5,0.8580641910434302
13,6,-0.8198079411530699
13,7,-0.0019990446048646585
14,1,0.17264214061390784
14,2,1.8955209199227108
14,3,-0.3818005124462768
14,4,-0.294361358082281
14,5,0.21575782405116753
14,6,0.03882847636953213
14,7,0.5536007764837177
15,1,0.7775307635050628
15,2,-0.010091048340751188
15,3,0.07755685400007983
15,4,0.9301962698652485
15,5,0.8619447080891567
15,6,0.5688467332265055
15,7,0.10024244784309749
16,1,1.4163856731879148
16,2,-0.10463691071680217
16,3,0.12432816168498242
16,4,-0.13382145109273094
16,5,-0.22147149852114775
16,6,-0.5317951192290487
16,7,0.5259681798356752
17,1,1.0491774451892335
17,2,-0.4546490058239675
17,3,0.5793873447641619
17,4,-0.06630401778208685
17,5,-0.6445207181608427
17,6,0.6823855917046235
17,7,-0.07367641581631426
18,1,1.0035316607610116
18,2,-0.03704428476640813
18,3,-0.0034633632664274553
18,4,-0.3441062779449748
18,5,-0.17085383911616603
18,6,-0.3585901638326578
18,7,0.13026067994115834
19,1,1.2603982084398753
19,2,-0.22318103238946926
19,3,0.16105556616487396
19,4,0.07242956309237651
19,5,-0.31781720381662437
19,6,-0.46136311760464105
19,7,-0.014921326568832242
20,1,1.0928865028550585
20,2,-0.2819572376407904
20,3,-0.016423272003176396
20,4,0.5228960347825043
20,5,-0.21512871531354064
20,6,-0.12328361950923264
20,7,0.2876502030946176
21,1,-1.4150633069882899
21,2,-1.0654891771857058
21,3,0.6627137705281658
21,4,-0.19007363037627317
21,5,0.7037746711069043
21,6,0.8555552765042751
21,7,-0.5349114570039688
22,1,1.1944465288965362
22,2,-0.2796675038414614
22,3,0.11948144489501432
22,4,0.3015042504725965
22,5,-0.21871380551710926
22,6,-0.5000414061097088
22,7,0.17838009357796317
23,1,-1.4920604503215935
23,2,1.9831732395584314
23,3,0.1281776163932176
23,4,1.8953597523943484
23,5,-0.7046969907035096
23,6,-0.5195404762019602
23,7,-1.541360942476209
24,1,-1.4996837208150948
24,2,1.6094025954777316
24,3,2.1610477757664173
24,4,2.049280378775995
24,5,-1.1683161362090795
24,6,-0.3913103800022505
24,7,-1.297263010428555
25,1,1.353400576137139
25,2,-0.23316894342102834
25,3,-0.17136782441640216
25,4,0.384468360910644
25,5,0.2536982364267857
25,6,-0.4879698255802671
25,7,0.16378297425389132
26,1,0.34446039053954786
26,2,-0.26515989073821195
26,3,-0.12155142510716099
26,4,0.024229999546887832
26,5,1.5735030584941825
26,6,0.1550800963935779
26,7,0.22055135114282967
27,1,0.5630875208897063
27,2,1.0378416276890994
27,3,-0.7408326571762343
27,4,-0.46782519310245785
27,5,0.29547636807292144
27,6,0.040896412604130884
27,7,-0.12731333190023955
28,1,0.5564680069779769
28,2,-0.23100635189046004
28,3,-0.9056628001555486
28,4,0.38362505110715484
28,5,-0.08002005361691267
28,6,0.8368828094853306
28,7,-0.7982978551648352
29,1,1.120478163964528
29,2,0.3392834661238174
29,3,-0.8162915179351572
29,4,-0.34649457155774965
29,5,-0.32181101021946634
29,6,-0.4004629245140743
29,7,-0.1967797054364295
30,1,1.0136852940143821
30,2,-0.20517334547275937
30,3,-0.07717409280182563
30,4,-0.052748281578117645
30,5,-0.25802109946149504
30,6,-0.3362513703544918
30,7,0.2887666386587981
31,1,1.270921524417156
31,2,-0.16378911364257884
31,3,-0.029925698507568203
31,4,-0.08437617575807037
31,5,-0.30338569524266207
31,6,-0.1643425634563107
31,7,0.32371374212810083
32,1,1.0823095198863442
32,2,0.31412347213557973
32,3,-0.8505472283419825
32,4,-0.3501193161532891
32,5,-0.2907489469686749
32,6,-0.03725005890260936
32,7,-0.3107604243925343
33,1,-1.4451264479484411
33,2,-1.09270269306498
33,3,-0.0803370321752329
33,4,0.5991018036225111
33,5,0.833076282800156
33,6,-0.10108585523012953
33,7,0.055882320436890884
34,1,1.2540351339436924
34,2,-0.3319361343588218
34,3,0.49123653484215796
34,4,-0.670067532565125
34,5,-0.44686886030917355
34,6,-0.02856102357142396
34,7,-0.13928130469928493
35,1,1.326077800371274
35,2,-0.2261716973615449
35,3,0.08626213014063598
35,4,-0.19432304102642267
35,5,-0.2671423200429684
35,6,-0.5138598502582533
35,7,0.233045222348844
36,1,-1.8903895181706223
36,2,-0.8274067300577442
36,3,0.6500203887787175
36,4,-0.21794812494292956
36,5,-0.04521099288878525
36,6,0.3107195542351894
36,7,0.49994533125343377
37,1,-0.7487718550416695
37,2,2.320038314014714
37,3,0.6431003773808276
37,4,-0.31043009358401147
37,5,0.1474867102721465
37,6,-0.9010144281885927
37,7,-0.7796305285950531
38,1,1.1963717425811704
38,2,-0.40485954144461017
38,3,0.034309155935983986
38,4,0.7515797521278746
38,5,0.06546578798068654
38,6,0.3565664056281489
38,7,0.3976531853019525
39,1,1.0609198385981577
39,2,-0.7046616334656928
39,3,0.026001014334458068
39,4,0.3754008154870048
39,5,-0.5196963435869729
39,6,0.2476170495682225
39,7,0.24006281874720423
40,1,1.057573202995213
40,2,0.21867718960941673
40,3,-0.15247147676750222
40,4,0.7113701907183105
40,5,0.5266612717292998
40,6,-0.05616774059984046
40,7,0.23435730663722332
41,1,1.0364514931596072
41,2,0.5145984038413655
41,3,-0.9473747587665133
41,4,-0.4710770271461935
41,5,-0.48841086535320294
41,6,0.13838280549200663
41,7,-0.32719348705495005
42,1,1.4559005531939428
42,2,-0.027821961577854375
42,3,0.07713946200039787
42,4,0.012786937247406083
42,5,-0.14908997752095926
42,6,-0.27325583642122087
42,7,0.2838515880827192
43,1,0.8441125600493554
43,2,0.5813646887574074
43,3,-1.1049346852483406
43,4,0.8207645426464453
43,5,0.45423241096917355
43,6,0.5121626768793747
43,7,-0.22047558056741282
44,1,1.075921651005374
44,2,0.16039132728566435
44,3,-0.28412469046328176
44,4,0.5100770647308441
44,5,0.8358448067548482
44,6,-0.35705257999222123
44,7,0.057076008546148464
45,1,1.3440776031166564
45,2,-0.1130560731934024
45,3,0.10089423788178674
45,4,-0.0029485290305606543
45,5,-0.05092348271725445
45,6,-0.5685998460085655
45,7,0.3189337670804539
46,1,1.4035789946422426
46,2,-0.09479009086561771
46,3,0.1596072040393648
46,4,0.08384544200569113
46,5,-0.06912835335323658
46,6,-0.3667687887203464
46,7,0.1895252245744709
47,1,1.07881748008256
47,2,-0.23430374581390662
47,3,0.7576525362110803
47,4,-0.06391040182200645
47,5,-0.5240626378107791
47,6,0.6384597731745612
47,7,0.12034252799959344
48,1,1.0817322302113606
48,2,-0.4191336366900285
48,3,0.04867874896273571
48,4,0.30988693161498737
48,5,-0.2359297012908166
48,6,0.21066372804537675
48,7,0.3069836945497489
49,1,1.1085092560235934
49,2,-0.5930961900406526
49,3,0.0932903752171729
49,4,0.32931433777689406
49,5,-0.32891764172355636
49,6,0.21391633127713813
49,7,0.10903008258203678
50,1,1.1164508184540307
50,2,-0.4751936981224863
50,3,0.23046203786138175
50,4,0.6667976849489142
50,5,-0.19834052987971584
50,6,0.047046970678737046
50,7,0.19062454379764676
51,1,1.208130594820985
51,2,-0.10309596433702428
51,3,-0.4602665060624339
51,4,0.5092735563255231
51,5,0.11098931952806215
51,6,-0.22489547634277784
51,7,0.25513869549752444
52,1,1.2814421777344462
52,2,-0.42884958109444804
52,3,0.13646925637047153
52,4,0.7584583856487122
52,5,-0.22298207745408621
52,6,0.2995435400431425
52,7,0.3041303995452036
53,1,-1.2999886403215826
53,2,-1.6017937110673772
53,3,0.45400108188487753
53,4,-0.3216358463764339
53,5,-0.6345894182335606
53,6,-0.04600765284179304
53,7,-0.3202329592564031
54,1,-0.3011926167779013
54,2,0.9141133690728737
54,3,1.0836738702936672
54,4,-0.6952233885824116
54,5,0.6008128404125951
54,6,0.04306125728846079
54,7,0.8723756525369375
55,1,-1.6675517292182247
55,2,-0.9644006355751159
55,3,0.12810528557247206
55,4,-0.36302914433658745
55,5,0.8967567824817675
55,6,-0.4895358556126956
55,7,-0.1906869605350898
56,1,-1.586795625408227
56,2,-0.3110662187466763
56,3,-0.9926760670121993
56,4,-0.5062663551424005
56,5,0.38432967684860303
56,6,-0.47152978604362344
56,7,-0.2539417765344049
57,1,-0.20428805444478118
57,2,1.6830584337304506
57,3,1.7482282658364565
57,4,-0.08626372347185006
57,5,0.09339726632267943
57,6,-0.45601594867851514
57,7,0.006025989709093579
58,1,1.2539665098348727
58,2,-0.23919581455264274
58,3,0.12265184958651171
58,4,0.09354946365512065
58,5,-0.07911308551584717
58,6,-0.3569098117026376
58,7,0.42254097838743915
59,1,-1.4369556553606488
59,2,-0.3829690137648855
59,3,-1.1623276710051391
59,4,-0.28991008159938386
59,5,0.9341022308667345
59,6,-0.7163355279277132
59,7,-0.5588079670642218
60,1,-1.2037085384545159
60,2,-1.7445112203792772
60,3,0.4932434327618537
60,4,-0.3247054965986203
60,5,-0.513803226897929
60,6,0.10051149561685319
60,7,-0.315115359673806
61,1,-2.5198368274628082
61,2,-0.48241520430029644
61,3,-0.10663294024511226
61,4,1.1739129994698483
61,5,-0.05082334092366275
61,6,-0.004373547704491029
61,7,0.9281109797752425
62,1,1.2477192097486303
62,2,0.32578092976509054
62,3,-1.2432485373502826
62,4,0.12434374707747718
62,5,0.5587434946521153
62,6,0.06436239835256287
62,7,-0.27455300278956274
63,1,-1.6596876334987174
63,2,-0.7287017606275515
63,3,0.24328213137016588
63,4,0.11773942114296519
63,5,0.16271544968161533
63,6,-0.22371199459691612
63,7,0.662409901379452
64,1,0.7408881449875742
64,2,-0.24812921376662572
64,3,-0.1724807064167372
64,4,0.9950548716472051
64,5,0.742860051805358
64,6,0.61530679131947
64,7,-0.08694534901349883
65,1,0.8534367610257507
65,2,-0.30963098828842506
65,3,-0.134145782252979
65,4,1.0033685206999574
65,5,0.6916312836994498
65,6,0.4434603241347539
65,7,-0.005250278057785797
66,1,-2.757799592041186
66,2,0.5887419600398179
66,3,-1.0593035273336517
66,4,1.275224455402279
66,5,-0.6477776659332529
66,6,0.014904737462073141
66,7,0.49013293292067656
67,1,-2.4774147659191126
67,2,-0.011867651517176014
67,3,0.3774264415940538
67,4,1.0839180096155818
67,5,-0.717274168835453
67,6,-0.18762454737819248
67,7,1.1618645821278275
68,1,0.10094181158900341
68,2,0.10975643617020268
68,3,0.8431972019887995
68,4,-0.662420047837791
68,5,0.7242032309341458
68,6,0.23167212930868544
68,7,0.05113910532598518
69,1,-1.3466923568403615
69,2,-1.115606552296163
69,3,0.5995452059749711
69,4,-0.3296186409974622
69,5,0.5822385495542217
69,6,0.7568758849171837
69,7,-0.5063650880448641
70,1,0.08612303577627822
70,2,-0.08458536394606767
70,3,0.2829583619344085
70,4,0.17063149684241566
70,5,1.2913299265850928
70,6,-0.30102734213686455
70,7,0.20716816279260808
71,1,0.845037820482129
71,2,0.08748326567591302
71,3,0.5679822472353235
71,4,0.29114526992612516
71,5,-0.20261800222685802
71,6,0.720798324882952
71,7,0.013344090392708537
72,1,-2.5254040109268625
72,2,0.14052489884915614
72,3,-0.5072945417457799
72,4,-0.34616330229041287
72,5,-0.5867613719315445
72,6,0.6412065220755117
72,7,0.2147949621006172
73,1,-2.4902815460248644
73,2,0.20995168119441113
73,3,-0.15956231637506468
73,4,-0.3918345244170957
73,5,-0.54585022484952606
73,6,0.7723813280004496
73,7,0.08578122810961578
74,1,-2.454675637123205
74,2,0.2709655898948965
74,3,-0.469078018875953
74,4,-0.5738143913719879
74,5,-0.7974140674470671
74,6,0.8372816544589814
74,7,0.1484613892648345
75,1,1.3627706352203668
75,2,-0.10726525109499443
75,3,-0.1689655451914472
75,4,-0.3505668216370193
75,5,-0.23790914319670858
75,6,-0.22819410047051575
75,7,0.16960930983093103
76,1,-2.4696298272209005
76,2,0.6709504762192939
76,3,-0.7598640954723747
76,4,0.2445453609806305
76,5,-0.30419866633083265
76,6,-0.3038327668004967
76,7,0.30091055963031926
77,1,-2.575194100398197
77,2,0.3494377262240409
77,3,-0.4544804691369965
77,4,-0.4574069480656884
77,5,-0.5482841636846398
77,6,0.6493121386665291
77,7,0.3539616781214498
78,1,0.7711749154606284
78,2,-0.4089923417291084
78,3,-0.136995913168278
78,4,1.1377948820149142
78,5,0.1348232250532763
78,6,0.5844152922106345
78,7,-0.04600178418456485
79,1,-2.7010078823322248
79,2,0.25377802031080543
79,3,-0.4905944605188818
79,4,-0.48923614186463454
79,5,-0.8010889912510213
79,6,0.7069829923757418
79,7,0.14916437764878854
80,1,-1.1885485217911511
80,2,-1.7602917850595028
80,3,0.056488783870821506
80,4,0.0794755668739238
80,5,-0.3580844067890278
80,6,-0.6604491090293985
80,7,0.052275354591326546
81,1,0.9615065238031832
81,2,0.17492449666595491
81,3,-1.2223110606707857
81,4,0.18338929127649364
81,5,0.03774906732410159
81,6,-0.25342243014241655
81,7,-0.35843848384887744
82,1,-1.1969224767636324
82,2,-0.8199781012454731
82,3,-1.3335027898123122
82,4,0.21904618071251195
82,5,-0.2805588080472551
82,6,-0.3117358976840473
82,7,-0.5443743378196961
83,1,-1.0550442107568963
83,2,-1.444990193385913
83,3,-0.1296722131067947
83,4,-0.38416427935570663
83,5,-0.36350848829595417
83,6,-1.2344445239960906
83,7,-0.06311712520766523
84,1,0.4325314051658009
84,2,-0.4027597404734755
84,3,0.7333817417154078
84,4,-0.7782211821784021
84,5,0.04811299184510235
84,6,-0.23018668330573866
84,7,-0.40107180361918854
85,1,1.1980838961078242
85,2,-0.2946500481081836
85,3,0.5594905982345992
85,4,-0.5202391987104028
85,5,-0.11974565605149946
85,6,0.46429727473401533
85,7,0.03565621723270022
86,1,0.9391651632181942
86,2,-0.6207756279283658
86,3,0.70912272209242
86,4,0.095059620901483885
86,5,-0.19508275061772146
86,6,1.0798690511156939
86,7,-0.13165486872345944
87,1,-0.7990708669666899
87,2,-1.502914847337175
87,3,-0.15141058683053257
87,4,0.33359605982186447
87,5,0.14986712040514208
87,6,-0.23335137046566828
87,7,-0.3155687668192904
88,1,1.121677467905837
88,2,-0.2348974260894465
88,3,0.3696577938877112
88,4,-0.37148083974461765
88,5,-0.24047173297957364
88,6,0.19324967211603103
88,7,0.18320725057472428
89,1,1.112887723244546
89,2,0.04638644997523788
89,3,0.014736148344062781
89,4,-0.43225568032021316
89,5,-0.2477171218555203
89,6,-0.5936965837774109
89,7,0.04097511913966134
90,1,1.1779849205556674
90,2,0.36370418892016093
90,3,-0.6198141733174037
90,4,-0.8522098451216301
90,5,-0.61519019237716
90,6,0.6863584140431884
90,7,-0.648767333376078
91,1,0.9458898238780183
91,2,0.4033482312515239
91,3,-0.4713834264805522
91,4,-0.7664084971102743
91,5,-0.9822791388718499
91,6,0.32496563956403257
91,7,-0.5979011497908047
92,1,-1.2868271950831534
92,2,-0.8148780921252055
92,3,-1.1899265438988496
92,4,-1.0336551177960913
92,5,-0.3755284605559574
92,6,-1.0035621085144728
92,7,-0.5885980195114356
93,1,0.9917804827627151
93,2,-0.4424164611028809
93,3,0.05037573094010573
93,4,0.5160182613471198
93,5,-0.5699243726860942
93,6,0.10238280831991692
93,7,0.23918607790835536
94,1,1.2529557936178901
94,2,-0.25504314529831096
94,3,0.14903240921006264
94,4,-0.22499786786158946
94,5,-0.1962291189462472
94,6,-0.4605081226462872
94,7,0.069908277568648855
95,1,0.12212580208822435
95,2,0.07578025916113723
95,3,0.9333477749177252
95,4,-0.38752046399289314
95,5,0.5501528997904356
95,6,0.23716696957488312
95,7,-0.6196478650756234
96,1,-0.38164133288818264
96,2,0.9417188532777884
96,3,0.7944559026286433
96,4,-0.1404813404977923
96,5,0.5713734307584539
96,6,-0.4101632156227364
96,7,0.7868783908817445
97,1,1.4062728811892342
97,2,-0.2921390088178995
97,3,0.27805178556607607
97,4,-0.4419497543195369
97,5,-0.5498787377845377
97,6,-0.10146036430203995
97,7,-0.20141600603354193
98,1,-2.2194515844846987
98,2,0.26785268476064694
98,3,0.9154611709096949
98,4,-0.6722366614356227
98,5,0.08746648765423834
98,6,-0.40278517385245255
98,7,0.4173650238692506
99,1,-1.0915190886282649
99,2,1.4558238476504215
99,3,1.985853130469358
99,4,-0.13658939578782453
99,5,0.46758761617183897
99,6,-0.849314537326808
99,7,-0.6212498006779945
100,1,-0.5407544440508442
100,2,0.2664891361465421
100,3,-0.7642419414266705
100,4,0.23015937791752644
100,5,1.2703753306082024
100,6,0.7846204632104117
100,7,-0.7617481373569205
101,1,-0.2817130204682446
101,2,-0.08598742912999079
101,3,0.9005204853885109
101,4,-0.534051788089707
101,5,0.9857069529030815
101,6,0.5032239913296215
101,7,-0.44450060210529063
