Individual,PC,score
1,1,-0.5653483254674823
1,2,0.253578579434358
2,1,2.96769761169869
2,2,0.5505382062987656
3,1,2.754699081533761
3,2,0.39980723026468623
4,1,2.873245576507267
4,2,0.5114184257474189
5,1,-0.47025528533151134
5,2,0.20200632799518728
6,1,2.822843904280478
6,2,0.6680500609947662
7,1,-0.5495408150971648
7,2,0.23688628485830687
8,1,-0.6256417431046678
8,2,0.3005127587178815
9,1,-0.6164867569274304
9,2,-0.8209840773650633
10,1,1.134053559458043
10,2,-1.8305046924064485
11,1,-0.5860369705291443
11,2,-0.22186534376487307
12,1,-0.6254512593008679
12,2,-0.9376817484184479
13,1,-0.6281620507719288
13,2,0.2073893014740647
14,1,-0.4563425389192698
14,2,0.3883099970963382
15,1,-0.5633668195065399
15,2,0.21108553822846457
16,1,-0.5437008796216657
16,2,0.31607277128730144
17,1,-0.6801019292347138
17,2,0.279346619131835
18,1,-0.5438898647984605
18,2,0.1698536271843521
19,1,-0.6496875339522623
19,2,0.17971253265267806
20,1,-0.7061838852900812
20,2,0.18393358126841466
21,1,2.934386176631127
21,2,0.8338758447530709
22,1,-0.6683429600452222
22,2,-0.9399912306792886
23,1,-0.49348269081250007
23,2,0.14989106172705913
24,1,-0.7950025403608767
24,2,0.3149279926239429
25,1,-0.6047033931986548
25,2,-0.8421586980876595
26,1,-0.48578509771202466
26,2,0.2400242556910826
27,1,-0.7136046964454493
27,2,0.346304384795095
28,1,-0.6162921696238971
28,2,0.24951192052731597
29,1,-0.3811729567246333
29,2,0.529353471086611
30,1,3.1614341330249416
30,2,0.6151297750207881
31,1,-0.7389520144036212
31,2,0.31479837635842645
32,1,-0.6215413311858597
32,2,0.1281809066208838
33,1,-0.5369798541260647
33,2,0.37983496634526775
34,1,-0.7689010613530061
34,2,0.3070136629311445
35,1,-0.7763933446715657
35,2,0.28380735965392595
36,1,1.0214856584833616
36,2,-1.65281495704816
37,1,-0.5273232540361498
37,2,0.42394573681324366
38,1,-0.6116392056969265
38,2,0.24689950552939072
39,1,-0.6086331934312778
39,2,0.23984490165616407
40,1,-0.44789272195497265
40,2,0.2817375535821479
41,1,-0.5949226716595883
41,2,0.4944955204070261
42,1,-0.36364849003542177
42,2,0.05232121235726415
43,1,-0.6475089639960732
43,2,0.36052198518964296
44,1,-0.5752222163623623
44,2,0.21220537389560312
45,1,-0.4980442691789503
45,2,0.4042924813870254
46,1,-0.4014765798353308
46,2,0.13513654472261702
47,1,3.0770458608484215
47,2,0.7129000156218783
48,1,-0.834118617781517
48,2,0.4224105465947398
49,1,-0.7384848740386885
49,2,0.3641207792130409
50,1,-0.6497295773066231
50,2,0.45483901151785255
51,1,-0.603147553481057
51,2,0.18685028222240233
52,1,-0.7502070518207269
52,2,0.47872238609282775
53,1,2.8093149202630543
53,2,0.46676554762165096
54,1,-0.669076252944926
54,2,0.3190429722425497
55,1,-0.5806816253174797
55,2,0.5144876811123654
56,1,-0.8135532305794525
56,2,-0.7055050193106666
57,1,-0.6172377805673057
57,2,0.33565795035178597
58,1,-0.5229134762130218
58,2,0.07304674118643971
59,1,-0.6119133433438407
59,2,0.33866958098161293
60,1,2.794272874475667
60,2,0.3979533013602304
61,1,2.761122449562204
61,2,0.7123459552574976
62,1,-0.7420170331309731
62,2,-0.7298672554375862
63,1,-0.6007149282967242
63,2,0.1418040503204337
64,1,-0.6953756836937873
64,2,0.3292847910474659
65,1,-0.5159239774350621
65,2,-0.6045567960946093
66,1,-0.6310045730319138
66,2,-0.865966387557884
67,1,-0.6017103831670498
67,2,0.6050234226025953
68,1,-0.5199674809258676
68,2,-0.6664020687657629
69,1,-0.4502119813267413
69,2,0.4826818022444939
70,1,0.8101568428477082
70,2,-1.5496450198916405
71,1,-0.5001144258733206
71,2,0.30349562458763685
72,1,1.0940309092880094
72,2,-1.8570727715448785
73,1,1.0905423528075986
73,2,-1.8163243204758779
74,1,0.9624100567599216
74,2,-1.7320309124494622
75,1,-0.7049384764204979
75,2,0.2811669082977686
76,1,-0.5705725384863011
76,2,-0.8153443977828769
77,1,0.7909067738919974
77,2,-1.7298951607438644
78,1,-0.5046318253734436
78,2,0.31327428784558276
79,1,-0.38240352361194735
79,2,-0.8845270731117402
80,1,-0.8362620513015379
80,2,0.20138429212340925
81,1,-0.45957076124004925
81,2,0.23793716393612024
82,1,-0.6521298401514509
82,2,0.4684049295483649
83,1,-0.5465601756775661
83,2,0.2961643182265182
84,1,1.0578356000405182
84,2,-1.8173857041173127
85,1,2.9368247648849763
85,2,0.6039234770778406
86,1,3.099077274156111
86,2,0.7200917187644893
87,1,-0.710759761993356
87,2,0.13260236707750195
88,1,2.840440241395735
88,2,0.709951967112552
89,1,-0.6210853353173976
89,2,0.1013753079863611
90,1,-0.6669553280977664
90,2,0.1671021653179941
91,1,-0.6304099647131117
91,2,0.19715467144582102
92,1,-0.6418589133329623
92,2,0.4049830939868284
93,1,-0.7065516562170323
93,2,0.352232567828529
94,1,-0.5874691568428166
94,2,-0.7388454507559636
95,1,0.9035365230066985
95,2,-1.572136363183308
96,1,-0.7238399991841687
96,2,0.18138674667861543
97,1,-0.5117537536568143
97,2,0.2792658508850135
98,1,1.165301277988607
98,2,-1.537425043453662
99,1,-0.8151595197948671
99,2,0.28798848665325427
100,1,-0.9578483320407092
100,2,0.5333305202317595
101,1,-0.6961373254014015
101,2,0.15655057293365437
