Individual,PC,score
1,1,-0.5218547319830423
1,2,-0.17893263268699847
1,3,-0.23489352773381614
2,1,2.091584762018835
2,2,2.377592469395696
2,3,-0.30942404917844835
3,1,3.958655519414715
3,2,0.8338485238027704
3,3,-0.0361206474198672
4,1,-0.526085198518765
4,2,2.3031917961675477e-5
4,3,-0.22563751641822463
5,1,-0.4829731339044725
5,2,-0.07699518615348483
5,3,-0.20312481115296926
6,1,1.9980639278124557
6,2,-3.052384864120069
6,3,0.017087495802002882
7,1,-0.33547801719031756
7,2,0.060465486560718755
7,3,-0.13293310736524946
8,1,-0.36255255631314615
8,2,-0.03974830662096485
8,3,-0.37070412493714555
9,1,-0.6835960177403131
9,2,-0.08695261756020063
9,3,-0.1421648720732782
10,1,-0.5053925691823767
10,2,-0.2686308390405414
10,3,-0.3120316838122223
11,1,-0.33844583743289236
11,2,-0.18324788430330846
11,3,-0.18173234256406717
12,1,-0.5122478158052779
12,2,0.19906347097508117
12,3,1.5606346528051809
13,1,2.2037688768950185
13,2,2.5287889894348865
13,3,-0.18068008647952788
14,1,-0.3282079970374741
14,2,-0.29241966833316635
14,3,-0.016755219575656004
15,1,-0.6121501201976628
15,2,0.09019959491485412
15,3,-0.01612508082801976
16,1,-0.39625954755856635
16,2,0.24379955575854087
16,3,-0.01097820037871139
17,1,-0.5451141493820945
17,2,0.2954666813362446
17,3,-0.2511480968004919
18,1,-0.44983060422037524
18,2,-0.23486618240831447
18,3,-0.03376820810150032
19,1,-0.47061069256416793
19,2,0.15974234316498398
19,3,0.018334359546547666
20,1,-0.49508553690555107
20,2,0.0030308420721916
20,3,0.07709246035995015
21,1,-0.33517398522943587
21,2,-0.07286215356301602
21,3,-0.06966753120139424
22,1,-0.5248348644402783
22,2,0.16469340154737397
22,3,-0.10602968857234528
23,1,-0.33517174729452415
23,2,0.11177032581525094
23,3,-0.07212250339387112
24,1,-0.6624780535416218
24,2,0.28987544269050386
24,3,-0.13595919313747631
25,1,-0.6957907568456866
25,2,0.23057118582837507
25,3,-0.12151473024708491
26,1,-0.5264487415269608
26,2,-0.14960223924004643
26,3,-0.34774301849198913
27,1,-0.45594261542517917
27,2,-0.12171693907309715
27,3,-0.29939149707447743
28,1,-0.4980452420551527
28,2,0.09542305015939459
28,3,0.1449202378669393
29,1,-0.4950436893923247
29,2,-0.02816884444100128
29,3,-0.21628062609344612
30,1,2.0640439951758873
30,2,-3.0153654316524507
30,3,-0.3199883940827552
31,1,-0.23850404485989726
31,2,0.056938988799593596
31,3,-0.3144475427486218
32,1,1.8654941585136655
32,2,-2.6930826646685864
32,3,0.0024650527018564975
33,1,-0.5896595750800865
33,2,0.13459234695410116
33,3,-0.22987529783839508
34,1,-0.6752479051522201
34,2,0.2670267210896407
34,3,-0.16138927861095165
35,1,-0.3822291824009396
35,2,0.2149669389503384
35,3,-0.13572364730000266
36,1,-0.41379785030814953
36,2,0.11660126259304934
36,3,-0.15707396772486562
37,1,-0.5451054025968527
37,2,0.12150463847544053
37,3,0.028706665511991684
38,1,-0.5916521609645905
38,2,0.12921568911547202
38,3,-0.06808988122826792
39,1,-0.5313495070912415
39,2,-0.03345315317738484
39,3,-0.20324348343929827
40,1,-0.4637128909166251
40,2,-0.10784142631790058
40,3,-0.02661341044809286
41,1,-0.47491134640870863
41,2,0.09821412349092883
41,3,-0.16337493330128727
42,1,-0.5789436401494725
42,2,0.22407469688000317
42,3,-0.12712710948018804
43,1,2.1033596177958955
43,2,2.319341504627501
43,3,-0.37554838396392054
44,1,-0.4570711261813712
44,2,0.038016226590264504
44,3,0.2621556866292522
45,1,-0.2715309338632176
45,2,-0.01985523142309439
45,3,-0.3432253501694764
46,1,-0.667100226136519
46,2,0.11262383208340121
46,3,-0.11333172214897604
47,1,2.115944484726551
47,2,-3.073777668224692
47,3,-0.26784796478849415
48,1,-0.6020159496715797
48,2,-0.07261301166466932
48,3,-0.26927388879372494
49,1,-0.570988195700996
49,2,-0.0444401890493851
49,3,-0.4013351837300363
50,1,-0.44725916939406857
50,2,-0.07617207079423689
50,3,-0.17721443698908063
51,1,-0.4629758931263121
51,2,0.08734325563232452
51,3,-0.07213409291987272
52,1,-0.4791696383916333
52,2,-0.17844141711241188
52,3,-0.4437622714229062
53,1,3.977492569435236
53,2,0.8875062187244916
53,3,0.010701607449311057
54,1,-0.42459918770273775
54,2,-0.1540382386909502
54,3,-0.19630776087902163
55,1,-0.6817287019724629
55,2,0.17256781495290854
55,3,0.07164182235718916
56,1,-0.4314867141290186
56,2,0.10477747813029119
56,3,-0.13396884200080397
57,1,-0.5353527547697937
57,2,-0.17248213953584338
57,3,-0.10603401448769668
58,1,-0.27985401324702985
58,2,0.010385112238276609
58,3,-0.16399167244363713
59,1,-0.6508591343936985
59,2,0.09049988152707776
59,3,-0.20880638415415284
60,1,3.9459055944335812
60,2,0.989718325748455
60,3,-0.2121421507568431
61,1,1.9427503857891653
61,2,-2.7979572677834463
61,3,-0.11317454307094972
62,1,-0.2830518062399616
62,2,0.07044770838381102
62,3,-0.17007144791483453
63,1,-0.3689141572999648
63,2,0.013197176246595504
63,3,-0.007967204271168236
64,1,-0.6399777457217689
64,2,0.050467386410379435
64,3,0.010585891786987624
65,1,-0.44778340418253
65,2,0.06357292588952254
65,3,-0.07773537187844937
66,1,-0.23525406821800407
66,2,0.32295034217984875
66,3,1.4811588142928842
67,1,2.0141717633373593
67,2,2.167373529576337
67,3,-0.19165443558017267
68,1,-0.5342267736780874
68,2,0.15306249962741358
68,3,-0.13808178928546214
69,1,2.2032142507929136
69,2,2.266497955499303
69,3,-0.17732763605138716
70,1,4.067836276647079
70,2,0.6937315075779127
70,3,-0.06320714342379247
71,1,-0.6006629737019369
71,2,0.09598434716222627
71,3,0.043609041682473315
72,1,-0.2081582104568118
72,2,0.3928439233374808
72,3,1.5510951170815361
73,1,-0.10741526932360357
73,2,0.3445218365981116
73,3,1.5288035081456586
74,1,-0.1951614481666424
74,2,0.2765509927393767
74,3,1.6394247173673733
75,1,-0.5433361591335797
75,2,-0.04078540402727053
75,3,-0.06935235689173024
76,1,-0.20967339690589898
76,2,0.3964092930082689
76,3,1.6876945621487573
77,1,0.7352097665606012
77,2,-0.7545106287290047
77,3,1.778942826508129
78,1,-0.3970994334263969
78,2,-0.06445565426481016
78,3,-0.30315634509815226
79,1,0.7974498222958663
79,2,-0.6868076993458082
79,3,1.7896710860452725
80,1,-0.6259462005909732
80,2,-0.33693129174170583
80,3,-0.25649625318031594
81,1,-0.4683836911257942
81,2,0.071624118113441
81,3,0.0772315138814743
82,1,-0.4940811169872564
82,2,-0.02124635828946015
82,3,-0.1219288228648656
83,1,-0.447053903059531
83,2,0.13143665785076436
83,3,0.034662613138893655
84,1,-0.3259957700628695
84,2,0.08693369239274497
84,3,-0.21498454824901703
85,1,-0.5092426041179093
85,2,0.03315395483672959
85,3,-0.2514938212915412
86,1,1.9645281644125208
86,2,-3.1394347624489303
86,3,-0.16174229597374112
87,1,-0.43465784045543004
87,2,-0.23182644932916557
87,3,-0.05917351915140698
88,1,-0.4713483487717466
88,2,-0.04943425651733184
88,3,-0.27658525752506963
89,1,-0.49123783203314286
89,2,0.24978581626205532
89,3,-0.29781710115000004
90,1,-0.5529320790008362
90,2,0.17277319981794823
90,3,-0.03161220461217179
91,1,-0.4131096285556183
91,2,-0.010946547088592624
91,3,-0.40327315306044215
92,1,-0.6718562423855993
92,2,0.026520504113240435
92,3,0.051538924260487784
93,1,-0.6060106806352176
93,2,-0.04239140562063286
93,3,-0.26883756027839584
94,1,-0.574497025937
94,2,0.14888811471889468
94,3,-0.19046585874620808
95,1,-0.4660176569234201
95,2,-0.14520046004871975
95,3,-0.19533945477704862
96,1,-0.5271604783802236
96,2,0.10421091884741866
96,3,-0.17360131171941043
97,1,-0.5843435303617514
97,2,0.045409864134316386
97,3,-0.1339363603064217
98,1,-0.503896951553375
98,2,0.016589415864261728
98,3,-0.12940290326372425
99,1,-0.6157264569497826
99,2,0.11208657117625337
99,3,0.010039267649435062
100,1,-0.4652395530137815
100,2,0.22931292397115766
100,3,-0.05853085009046409
101,1,-0.4881021324040204
101,2,0.15341255677650303
101,3,0.07755305356940326
