Individual,PC,score
1,1,-1.0815435465980343
1,2,-0.2102090687732972
1,3,-0.3653781473634605
2,1,-0.8792617990615377
2,2,-0.22054311745509075
2,3,-0.4797245051608032
3,1,-0.8997871878968353
3,2,-0.24653596357195165
3,3,-0.5048549076763815
4,1,-0.9607000726163115
4,2,-0.09653956885950515
4,3,-0.23571443680276838
5,1,1.7766582408565414
5,2,0.010208917035727622
5,3,-0.43365084343041443
6,1,-0.8917451151423628
6,2,-0.23940497465956298
6,3,-0.2851133233005045
7,1,1.5804462572769353
7,2,-0.051199642435612584
7,3,-0.14102032129388753
8,1,1.982159827634374
8,2,-0.016889921737052154
8,3,-0.215065262128453
9,1,-1.2211941963937463
9,2,-0.16390613461050763
9,3,-0.24890079463556228
10,1,-0.782356820662023
10,2,-0.101731935729447
10,3,-0.357930060338398
11,1,1.9563212445912415
11,2,-0.09456086381797024
11,3,-0.1782460258325739
12,1,-1.0084246741855765
12,2,-0.20825440224161365
12,3,-0.2730237647558796
13,1,1.8331401307072652
13,2,0.15866560628476845
13,3,0.05832760341812583
14,1,-0.852108787542041
14,2,-0.21310897105669135
14,3,-0.2918252947145056
15,1,-0.7913778792646771
15,2,-0.05395996904269476
15,3,-0.4218355060706637
16,1,0.0028422835360039944
16,2,-0.6033293657617455
16,3,-0.20766960777059332
17,1,-0.6967134768623703
17,2,-0.21264974620836236
17,3,-0.3069342985947661
18,1,0.09666751049919542
18,2,-0.40441334270850177
18,3,0.04384835313196459
19,1,-0.08833423801265229
19,2,-0.38208481925499727
19,3,-0.20608930184456925
20,1,-0.8210563030534092
20,2,-0.15794457300448164
20,3,-0.29264672366319144
21,1,-0.9472990314934259
21,2,0.0939729248215176
21,3,-0.5995527951272827
22,1,-0.05378036232337438
22,2,-0.4181185205833307
22,3,-0.22574357997852282
23,1,2.0101521248062504
23,2,-0.01916104506725127
23,3,-0.21298677041751252
24,1,1.9284030678187396
24,2,-0.06324405286145099
24,3,-0.30168317400521477
25,1,-0.8832654217459781
25,2,-0.2065358023229277
25,3,-0.17834428560072488
26,1,1.5628517874375099
26,2,0.025352528094392188
26,3,0.710842997322998
27,1,1.6990444128516178
27,2,0.25108373763099967
27,3,1.0022453196979415
28,1,1.6062505961864952
28,2,-0.025357016766261828
28,3,-0.21765036447923966
29,1,1.644713259264787
29,2,0.09118950468816366
29,3,0.07008759144452319
30,1,-1.2426256425459545
30,2,-0.0751698358309113
30,3,0.6273314478172133
31,1,-0.20686740015512114
31,2,-0.2457094370172298
31,3,0.8960296047459818
32,1,1.658276088887197
32,2,-0.28175187019290804
32,3,-0.19245348599027592
33,1,1.7546011313629875
33,2,-0.07227512826269358
33,3,-0.09277400800569685
34,1,-1.133165105691784
34,2,-0.15553154963209137
34,3,0.7293283980641616
35,1,-0.8781273673266169
35,2,-0.13659782304038698
35,3,-0.4320555571162187
36,1,-1.0110352706221022
36,2,-0.07123554577271327
36,3,-0.4591903154659864
37,1,-0.025792738903257114
37,2,-0.2209069092443837
37,3,0.052435132021467754
38,1,-0.7776196327018088
38,2,0.2049306747622015
38,3,-0.3142925049988265
39,1,-0.9640857145848835
39,2,-0.15877220465968783
39,3,-0.355054353844735
40,1,-0.6930625167052199
40,2,-0.21755157824506285
40,3,-0.46064103848091326
41,1,1.6725525414845497
41,2,0.02190946790585447
41,3,-0.07736698275987208
42,1,-0.8034687215120878
42,2,0.11584791726718964
42,3,0.682440955792924
43,1,1.8252407880669226
43,2,-0.0014794540801352154
43,3,-0.19701893077056587
44,1,1.5621594354559323
44,2,-0.15156792004393993
44,3,0.7700828658209719
45,1,-0.17927067733881788
45,2,-0.21038643245250693
45,3,0.7660279717748883
46,1,1.9586897427423973
46,2,-0.22418154237196947
46,3,-0.28058098694826833
47,1,-0.7547021622985599
47,2,-0.06506067399811168
47,3,0.8707040750510375
48,1,-1.0727460966154527
48,2,0.032182784162110255
48,3,0.8260001492442162
49,1,-0.8508910792630819
49,2,-0.05123880183511232
49,3,0.7435558785535309
50,1,-0.8683750406187395
50,2,0.012725588748778592
50,3,0.5914609272687689
51,1,-0.9907389307569253
51,2,-0.0908773060137294
51,3,0.644639814167027
52,1,1.9901144635162116
52,2,0.07775350724550992
52,3,-0.15423380954039856
53,1,-0.8363878121579459
53,2,-0.05530774386263418
53,3,-0.4811771530957228
54,1,-0.9254071510107705
54,2,0.06950599851836295
54,3,0.7011135316155751
55,1,1.5594095989158947
55,2,-0.08739346971202495
55,3,0.0932332881416416
56,1,1.7541627180452046
56,2,-0.0315769090390874
56,3,-0.1635200535695037
57,1,-0.9972230354017108
57,2,-0.13048699358609525
57,3,-0.4612251564235179
58,1,-0.9050012900367711
58,2,0.03746150444835251
58,3,-0.42974688579014014
59,1,-0.7683271509007829
59,2,-0.1559385192281958
59,3,-0.2682109650113314
60,1,-0.7864577737636012
60,2,-0.12397669588033361
60,3,-0.11856893961224979
61,1,-0.7663266596014442
61,2,-0.027195501636860537
61,3,-0.45977902887571165
62,1,1.7096097833585318
62,2,-0.07539854425216247
62,3,-0.20915321056932654
63,1,1.5143105565752053
63,2,0.011442182001528555
63,3,0.9573469802337959
64,1,1.6198859127859007
64,2,0.15600033315816675
64,3,0.995477320015001
65,1,-0.9767689151810848
65,2,0.2876630719841326
65,3,0.7476751613737234
66,1,-0.9813563092568377
66,2,-0.19795531701166544
66,3,-0.2197018668982698
67,1,-0.9322546149568209
67,2,-0.043408668485720704
67,3,-0.20503125814234552
68,1,-0.9505500609476641
68,2,-0.1997252634893796
68,3,-0.5005495794539777
69,1,1.815647660158155
69,2,-0.18129102828081672
69,3,-0.007743175557386223
70,1,-0.9406137060952522
70,2,0.0553454550025192
70,3,-0.3810075269432331
71,1,-0.2925516290526975
71,2,-0.2314619310756304
71,3,0.7423747074457802
72,1,-0.8509207072347807
72,2,0.05409490700575949
72,3,0.4759994585091432
73,1,-0.7992688707843749
73,2,-0.042330764315174005
73,3,0.54477655304195
74,1,-0.8310284198477382
74,2,-0.028080029356788636
74,3,0.76661433541752
75,1,1.7781754995115353
75,2,-0.043549198498111175
75,3,-0.255581922750867
76,1,1.7640811515830392
76,2,-0.05097697591025191
76,3,-0.038417699122636095
77,1,-0.8772706027893112
77,2,0.1554679186436668
77,3,0.7429440163718447
78,1,1.7075925406376036
78,2,-0.059178628516701914
78,3,-0.12333981977511317
79,1,1.8835695503086742
79,2,-0.17070748996553775
79,3,-0.36088085416553295
80,1,-0.9899147637670985
80,2,-0.025966315849873533
80,3,0.6398002262737135
81,1,-0.1969421675958462
81,2,4.0996249937773594
81,3,0.2814024037431323
82,1,-0.19822433936259068
82,2,3.8722398756569074
82,3,-0.8539460584881345
83,1,-0.7731183423125892
83,2,-0.044131206765409534
83,3,-0.13474841279881675
84,1,-0.7541300680587224
84,2,0.06532506145830984
84,3,-0.428263941017757
85,1,-0.9472416503371948
85,2,-0.18187929721900026
85,3,-0.3984435131537515
86,1,-1.0523103781895622
86,2,0.0555395690532792
86,3,0.7531107369356389
87,1,-1.1506344494209773
87,2,-0.11788914782150992
87,3,-0.21736434626889423
88,1,-0.9993002447773395
88,2,0.11242878800944611
88,3,0.6559669261697231
89,1,1.8512080493842133
89,2,-0.013138083686273234
89,3,0.036069275140088286
90,1,-0.8703124461778402
90,2,-0.10652177496998091
90,3,-0.49423392512382713
91,1,-0.8956544550567964
91,2,0.1295255172369701
91,3,0.6955173070214875
92,1,-0.7323344114386429
92,2,-0.13775525584289455
92,3,-0.45278797907628715
93,1,-0.04281844668034194
93,2,-0.33047674889515577
93,3,-0.29751174057337787
94,1,-0.9602447318021886
94,2,-0.04832533463964212
94,3,-0.4622511721274055
95,1,-0.9318660136600109
95,2,0.10456901816709087
95,3,-0.2976461472988642
96,1,-1.0777460872018927
96,2,-0.16940414110253205
96,3,-0.25833862649256156
97,1,1.905676479697766
97,2,-0.00413964830398287
97,3,-0.2849266426915762
98,1,-0.8868661299547406
98,2,-0.1182073615027958
98,3,-0.54034102710433
99,1,-0.7235078725069437
99,2,0.07291270800982556
99,3,-0.28860792184538664
100,1,1.945531541956174
100,2,-0.23606367578400891
100,3,-0.08989591237137776
101,1,-0.9977412600853766
101,2,-0.12515556506876951
101,3,0.4653772183093403
