Individual,PC,score
1,1,-0.9152503876864673
1,2,0.25893523707025556
1,3,0.6801141631773935
1,4,-0.13429545499103296
1,5,-0.08624299828097481
1,6,-0.13587408923476738
1,7,0.05522890161932624
2,1,-0.34846926993652927
2,2,-1.7471439280911238
2,3,1.1521147192597763
2,4,-0.5269319824777273
2,5,-0.15100930179109084
2,6,-0.2066776785976051
2,7,-0.08823669266726722
3,1,-0.32142124200424016
3,2,-1.833838454228222
3,3,0.9790599909103148
3,4,-0.4274054792869837
3,5,-0.3478994254612022
3,6,-0.16915777624544445
3,7,-0.07210645255155808
4,1,-0.7923676157042205
4,2,0.29822328345299237
4,3,0.7637080571063969
4,4,-0.1393740933759089
4,5,-0.18321460395166186
4,6,-0.32684135202870723
4,7,0.1911723283188729
5,1,-0.7405937696701228
5,2,0.4121574649468229
5,3,0.5636152621056925
5,4,-0.5274241095157081
5,5,-0.16674320139245416
5,6,-0.12032304426118015
5,7,-0.04410578721903189
6,1,-0.5833185033943835
6,2,0.21091552160708993
6,3,0.7481094102987444
6,4,-0.48568407610716585
6,5,-0.2112627704937732
6,6,-0.01130436443439661
6,7,-0.12149621974217178
7,1,-0.6180258541602569
7,2,-0.19381140872004263
7,3,0.4695583157958492
7,4,1.0601568502043883
7,5,0.3397961260177421
7,6,0.4435145068220391
7,7,-0.6498981161618457
8,1,0.9774177960629016
8,2,0.13011438206522108
8,3,0.30920929262230007
8,4,0.03698165896257795
8,5,0.4640979971447363
8,6,-0.2759721599981149
8,7,0.10740139353167655
9,1,-0.16891274141828283
9,2,-1.9686638009030046
9,3,0.0994549326357229
9,4,0.2507951314297953
9,5,-0.4869864816314949
9,6,0.8850177049307851
9,7,0.9642584012418248
10,1,-0.42154160459901
10,2,-1.963896269003006
10,3,0.6743035199608166
10,4,-0.4608753631335435
10,5,-0.0732500379786079
10,6,-0.17911505311251094
10,7,-0.13414057707953606
11,1,-0.6465282112467937
11,2,0.37867838104295004
11,3,0.3610354128322904
11,4,0.44239059824765004
11,5,0.4153090717804393
11,6,0.5520581534425302
11,7,0.06505318332375397
12,1,-0.6951668342478459
12,2,0.13167220397696827
12,3,-0.6769502439036988
12,4,0.2254260770628776
12,5,-0.028660075062547266
12,6,0.5004197601125681
12,7,0.7505939377910072
13,1,-0.6671331935237839
13,2,0.42311025749279985
13,3,0.9260454766630902
13,4,-0.35415157398159564
13,5,-0.051168123052650186
13,6,-0.38631884706693054
13,7,0.12286087934953463
14,1,-0.7780798295600684
14,2,0.12734934625821498
14,3,-0.1375833461128864
14,4,-0.7507873481440029
14,5,-0.10308733403039026
14,6,0.03285931555314826
14,7,-0.026165045491127605
15,1,1.029633652907518
15,2,0.04187797578797814
15,3,0.44218939553231246
15,4,0.19129947304301395
15,5,0.3181352080682907
15,6,-0.4084615001387552
15,7,0.36633365600209633
16,1,1.1825381851107204
16,2,0.12758296384851048
16,3,-0.39216214538185107
16,4,0.05521325402297637
16,5,0.5272151306686558
16,6,-0.3439668344750559
16,7,0.1156451001704947
17,1,-0.48031713197215725
17,2,0.35220608855887975
17,3,-0.45626629016586984
17,4,0.004778370265453917
17,5,0.1946157223248132
17,6,-0.19358581531116742
17,7,-0.16708668601530022
18,1,1.078661646894653
18,2,0.15433135931422198
18,3,-0.6155988844431405
18,4,-0.3766784758833716
18,5,0.5344746707303358
18,6,-0.21317337532162706
18,7,0.24283777801149117
19,1,0.9476285089419304
19,2,0.07893152001555237
19,3,-0.5890141938682746
19,4,-0.19342146133920804
19,5,0.6256704194279422
19,6,-0.38589609238475286
19,7,0.2325720983288045
20,1,-0.5463549706049993
20,2,0.23520881859117568
20,3,-0.5936013811507326
20,4,0.03267164758003627
20,5,-0.058546627545488214
20,6,-0.32068759154798415
20,7,-0.017184204092831796
21,1,1.5542519197926055
21,2,0.3876022030350719
21,3,0.577727324832144
21,4,0.4955529678252646
21,5,-0.5908426946591093
21,6,-0.06339925440309796
21,7,-0.2666910173391444
22,1,-0.6781861747704694
22,2,0.3002155740166513
22,3,0.6077369932711091
22,4,-0.20355744978546794
22,5,0.5516896667586967
22,6,0.7110681212238152
22,7,-0.21292096928912366
23,1,-0.26709601545261097
23,2,0.53015505863849
23,3,0.39089214457844196
23,4,0.6300169549907146
23,5,-0.5281831409654365
23,6,-0.1803314988419935
23,7,-0.02271007853569321
24,1,-0.8380771483618524
24,2,0.26046394699116876
24,3,0.7773577194264765
24,4,-0.14793526738626425
24,5,0.24752187810096207
24,6,0.405544644738152
24,7,-0.2460711722374396
25,1,-0.9308474462110574
25,2,0.4431257734235812
25,3,0.6093214396424966
25,4,-0.10070551064864922
25,5,-0.0857597002002355
25,6,-0.06603264812761118
25,7,0.053959065174911156
26,1,-0.4041191541322776
26,2,0.2995039308808008
26,3,-0.2451227950425622
26,4,0.30602431370121214
26,5,0.5864013919006552
26,6,1.0321818946431012
26,7,-0.45633167725777835
27,1,1.0341821743569561
27,2,0.1991931850644689
27,3,0.5874871990957442
27,4,0.3775723842635798
27,5,0.9393032926232935
27,6,0.6841265618343669
27,7,-0.2654901340861053
28,1,-0.6198459251171204
28,2,-0.44242207113584275
28,3,-0.6269528597770574
28,4,0.6615805613651445
28,5,0.30870216337191975
28,6,-0.3794497444391352
28,7,-0.5181613473603985
29,1,1.2056427463602393
29,2,0.3361467315573936
29,3,0.7430317347035127
29,4,-0.6311206322735581
29,5,-0.735885196107488
29,6,0.113070292133411
29,7,-0.604859263646477
30,1,-0.5382934661342155
30,2,0.07424389749073645
30,3,-0.49972301036579914
30,4,0.002518611750384116
30,5,-0.04206923267190675
30,6,-0.01241471778446044
30,7,0.19037866211626495
31,1,-0.9668705570289077
31,2,0.23218854288895532
31,3,-0.2689558874000526
31,4,-0.9806346928256078
31,5,0.11770967241910735
31,6,-0.32481418217429947
31,7,0.03086022942720708
32,1,1.561071548832072
32,2,0.24094358470872512
32,3,-0.7336151335048511
32,4,-0.3109207043480985
32,5,-0.5585900481634914
32,6,-0.11339925217175127
32,7,-0.37501386196172143
33,1,-0.6704675909159337
33,2,0.2480285094392587
33,3,0.1738072828818029
33,4,0.5774920898051602
33,5,-0.2734740794609751
33,6,0.06697170707877248
33,7,0.19265118438316362
34,1,1.170467015452389
34,2,0.2701866314350331
34,3,0.36923728717326604
34,4,-0.09176023670543744
34,5,0.5225769414427811
34,6,-0.19531909719241847
34,7,0.3593472165885748
35,1,-0.79587672689454
35,2,0.23465671647521605
35,3,-0.20790876201578173
35,4,-0.5157568875891458
35,5,0.10583813585787455
35,6,-0.36230753782495967
35,7,0.017418738657773093
36,1,1.3394948809157798
36,2,0.28114068904927786
36,3,0.39294772810618306
36,4,0.3957593631274414
36,5,-0.0037696212157025512
36,6,-0.5010902499921133
36,7,0.018370075775814617
37,1,-0.8002558534063478
37,2,0.29272416353927794
37,3,0.8528546975231808
37,4,-0.293570361395388
37,5,-0.16921866932602297
37,6,-0.3259375466359467
37,7,0.28574020002570455
38,1,-0.5412141336403833
38,2,0.35379721826430255
38,3,-0.5801891083909657
38,4,0.20473414012347538
38,5,-0.12898085798163436
38,6,-0.03467213247923373
38,7,0.07172629600984826
39,1,1.488184753073479
39,2,0.22882458174251308
39,3,-0.7024338486195073
39,4,-0.37531263898904943
39,5,-0.6945860650465644
39,6,0.16905810491574383
39,7,-0.5715246566612472
40,1,1.086880931926306
40,2,0.054124601496959954
40,3,0.3363237141511304
40,4,0.07141217481887044
40,5,0.23825540428854955
40,6,-0.3052067007865143
40,7,0.4535813829627613
41,1,1.6050478064697735
41,2,0.313862985820047
41,3,0.44080741864366624
41,4,0.44433948317389227
41,5,-0.714914954490531
41,6,-0.04409303644174086
41,7,-0.5227699916993125
42,1,-0.5421299980129689
42,2,0.39830959881480654
42,3,0.36476511052159144
42,4,0.9239899985985792
42,5,-0.6285484570271453
42,6,-0.15958467702791185
42,7,0.10717018177340805
43,1,1.1868868995408222
43,2,0.11156029979137645
43,3,0.5164885509736523
43,4,0.2037950532920023
43,5,0.41831918534957563
43,6,0.4929349609589374
43,7,-0.5477325677134207
44,1,-0.35308297095309016
44,2,0.2845274987159666
44,3,0.39466334606921505
44,4,0.5152166454066923
44,5,0.3092281599798218
44,6,0.603318484926508
44,7,-0.1004111182979697
45,1,-0.8410307488808342
45,2,0.4625783075968538
45,3,-0.21292638420189475
45,4,-0.5709759774650774
45,5,-0.026532632906388437
45,6,-0.3242279723947907
45,7,-0.21965325323462376
46,1,-0.6430978452971722
46,2,0.2958612717676881
46,3,0.5827819739907252
46,4,-0.25704433295725593
46,5,-0.2770981436507084
46,6,-0.006473615321249607
46,7,0.1716154963940476
47,1,-0.5664451044738855
47,2,0.2709271128143751
47,3,-0.5794342801893876
47,4,-0.08367811146946606
47,5,-0.22735610651650906
47,6,-0.07372824998905621
47,7,0.17065212199877153
48,1,-0.7904015049540457
48,2,0.3474311402939898
48,3,-0.421281686429619
48,4,-0.7632311224417193
48,5,-0.1861656033563278
48,6,-0.20982396939908424
48,7,-0.17087588458393002
49,1,-0.638906625637924
49,2,0.20208589840375984
49,3,-0.32410763356996375
49,4,-0.7969571953127426
49,5,-0.08633614081665045
49,6,-0.23883884963136406
49,7,-0.08021712718024915
50,1,-0.8097741824350777
50,2,0.05914372037567717
50,3,-0.22153187864004573
50,4,-0.8666703278430773
50,5,-0.06108044126721285
50,6,-0.21606852736874693
50,7,-0.39624372242385775
51,1,-0.6645566572051351
51,2,0.5012142404362672
51,3,0.14435826383112377
51,4,0.5529901268796361
51,5,0.5148925820099869
51,6,0.6084205347735681
51,7,-0.07307320022711235
52,1,-0.8394352527707695
52,2,0.3698452453612847
52,3,-0.26205634957768514
52,4,-0.5302080310489369
52,5,0.582103801379903
52,6,0.4407852275985315
52,7,-0.562943233664019
53,1,0.98337230198406
53,2,0.10841613442495494
53,3,-0.4709795498667993
53,4,-0.21689687132116975
53,5,0.6345610436532929
53,6,-0.3056287544017109
53,7,0.3130706051155953
54,1,-0.6233849915428177
54,2,0.387699299373613
54,3,0.2587701690062816
54,4,0.5507984330990011
54,5,-0.32317483673251013
54,6,-0.15757095736647914
54,7,0.25115021468420395
55,1,-0.050711040524728454
55,2,-2.1545216164774637
55,3,-0.5048242902384443
55,4,0.1499263496961366
55,5,-0.024456268606284696
55,6,0.14365567993579043
55,7,-0.08504795480040887
56,1,-0.4952774707210924
56,2,0.2657826777917848
56,3,-0.8220745489536069
56,4,0.05715633175914581
56,5,-0.2984188303769174
56,6,0.47698660663552844
56,7,0.8123874204564973
57,1,-0.33474084229867646
57,2,-1.7985451006921667
57,3,0.7451292040590024
57,4,-0.22721295035494204
57,5,-0.05993102617744299
57,6,0.022740887814495077
57,7,-0.24270332834084915
58,1,1.5469400386609544
58,2,0.24014743445897382
58,3,0.7312112766124473
58,4,0.5364705539724642
58,5,-0.5018766117633672
58,6,-0.13703840884744534
58,7,-0.22354692876459156
59,1,1.2842970482307503
59,2,0.3009324762267936
59,3,-0.6032022010549446
59,4,-0.1627571087977602
59,5,-0.5724543065140908
59,6,0.037083190809591424
59,7,-0.5487527807584824
60,1,-0.26796911447621846
60,2,0.2823110048096611
60,3,0.41388442921518953
60,4,0.50267823020405
60,5,0.5007785957539581
60,6,0.8150219321239658
60,7,-0.38075375427690955
61,1,-0.39836313040341065
61,2,0.2644008203969792
61,3,-0.5274561041646983
61,4,0.0469403739362679
61,5,-0.17101547838041117
61,6,-0.33951472048537085
61,7,-0.060107180947812554
62,1,-0.8423741515177342
62,2,-0.3557733681280769
62,3,0.018755427432879335
62,4,1.102152735883102
62,5,-0.16827308765102267
62,6,-0.44589597409910553
62,7,-0.30795026372224243
63,1,-0.526352541149646
63,2,0.17720629834957727
63,3,-0.47457291958276643
63,4,0.04287169327101244
63,5,-0.3502594737646669
63,6,-0.21425406128490598
63,7,-0.057490541266497976
64,1,-0.652075286988455
64,2,0.1450172125189535
64,3,-0.6504669967119253
64,4,-0.015959343801470315
64,5,0.10096612073288971
64,6,-0.10892153129243208
64,7,0.0946675633954121
65,1,-0.4378747213797743
65,2,0.24776299095146528
65,3,-0.792425249194626
65,4,0.2141073000326251
65,5,0.1294119656859383
65,6,-0.10179654750482602
65,7,-0.07750000702708082
66,1,-0.553747692254367
66,2,0.29715556212512223
66,3,0.1574757272847488
66,4,0.6537161071021294
66,5,-0.003950642751767992
66,6,-0.020669074885628736
66,7,-0.01656105084912296
67,1,-0.20394538991136776
67,2,0.47504657431975933
67,3,0.34449125449183393
67,4,0.5884856901166405
67,5,-0.4770000401385507
67,6,-0.45072235166377367
67,7,0.026575087304086524
68,1,1.2863588710729679
68,2,0.07226202732201827
68,3,0.4780138822628895
68,4,0.017284765443314264
68,5,-0.2461117347586928
68,6,0.18601201362948214
68,7,0.04237227336027425
69,1,-0.4624297249093538
69,2,0.2027693297026958
69,3,0.1591456574239754
69,4,0.556087342221525
69,5,-0.08059199440813318
69,6,-0.1617202432511547
69,7,0.14819871866806117
70,1,0.9959573979095345
70,2,0.020170787302652666
70,3,0.3278825632852031
70,4,0.3438003734106042
70,5,0.309437402106768
70,6,-0.23576179923560345
70,7,0.5129119801847084
71,1,1.3388719416915564
71,2,0.10640732638301556
71,3,-0.6833765208721366
71,4,-0.278875292843914
71,5,-0.3573478754258044
71,6,0.3087014106031176
71,7,-0.4662918910334426
72,1,1.4340923607224727
72,2,0.055951463251249355
72,3,-0.5905353207769116
72,4,-0.25868895979471496
72,5,-0.8653300744411379
72,6,0.7225806172890528
72,7,0.19031752209162608
73,1,1.5347724526353628
73,2,0.11674003593051853
73,3,-0.700233518806418
73,4,-0.47013855701282703
73,5,-0.8573295231920388
73,6,0.6747359625316066
73,7,0.09550608971538216
74,1,1.5505277995973958
74,2,0.212615020028943
74,3,-0.6932963780649267
74,4,-0.3187789034553414
74,5,-0.6173012907698828
74,6,0.5911125675501929
74,7,0.0827090194319291
75,1,-0.5874874821615573
75,2,0.21850865899817654
75,3,-0.5323421206892136
75,4,0.011820436355029851
75,5,-0.10491700556531713
75,6,-0.19123515735525407
75,7,-0.004399659012154282
76,1,-0.6274884119430572
76,2,0.19646836303843623
76,3,-0.7281422353719363
76,4,0.16638144436842003
76,5,0.021930096226013607
76,6,-0.2836554908411223
76,7,0.03029500998728641
77,1,-0.6103139207078768
77,2,-0.025654931616420875
77,3,-0.6507032427270925
77,4,0.14523781029823826
77,5,-0.1822559955520187
77,6,0.5454439463106011
77,7,0.4675722782211574
78,1,0.7003755724077657
78,2,0.34695272380505726
78,3,0.7665560785177185
78,4,-0.5884369341809977
78,5,1.014161302171953
78,6,0.31167146734173234
78,7,-0.1521795913866837
79,1,-0.67419660402919
79,2,0.34328366512654546
79,3,-0.18471683634912897
79,4,-0.79581645771487175
79,5,0.18120118607823135
79,6,0.9069748611576975
79,7,0.02578252901066679
80,1,-0.628871615815525
80,2,0.2046671857048525
80,3,-0.5160613678560491
80,4,0.13408432030300618
80,5,-0.1005932929499795
80,6,-0.03614875123996239
80,7,0.22223069571969373
81,1,1.238001723018664
81,2,-0.1047995779531122
81,3,0.41645887149221983
81,4,0.1936200671998209
81,5,0.5951919840332808
81,6,-0.3123620604634435
81,7,0.4686515307859814
82,1,-0.5727270348022049
82,2,0.10524919487882851
82,3,-0.652997118782771
82,4,0.006723774891361039
82,5,0.07653141775817655
82,6,-0.31253987172537734
82,7,-0.057983839546746914
83,1,1.3077098120007191
83,2,-0.05307734173024938
83,3,-0.614296958238147
83,4,-0.2379943769945746
83,5,0.5849531606504768
83,6,-0.11936110843176319
83,7,0.31183062851454896
84,1,0.6927780984403112
84,2,0.13769659643140347
84,3,0.7334870609450436
84,4,-0.6865839592638843
84,5,0.34355017013854544
84,6,-0.4196587692486311
84,7,0.2900992980949175
85,1,1.1509036992383461
85,2,-2.0074563013288373
85,3,-0.3024349934111691
85,4,-0.02406297532961094
85,5,0.5145726429442937
85,6,-0.01755707180247104
85,7,0.3688811671029435
86,1,-0.13202653723584065
86,2,-2.2689793195654655
86,3,-0.4591674196717852
86,4,0.0032725069564529894
86,5,-0.08759916230239681
86,6,0.03091508355265643
86,7,-0.13956078337320005
87,1,-0.24290373136346766
87,2,-2.2453462035307057
87,3,-0.5784582260293761
87,4,0.1473467698896212
87,5,0.07661710123349245
87,6,0.03049385480857161
87,7,-0.39760507826880925
88,1,1.017037112823634
88,2,0.1207062150946964
88,3,-0.28182512861413717
88,4,-0.08866659769957999
88,5,0.6517763990143497
88,6,-0.30462038680307457
88,7,0.15168547129316226
89,1,-0.8583655964094512
89,2,0.22679749013411296
89,3,-0.5519575297857082
89,4,0.030569073267152264
89,5,0.12485731568627687
89,6,-0.37958656119867257
89,7,0.024934868631291143
90,1,-0.9278493943103315
90,2,-0.2520580830650452
90,3,-0.009319807173973902
90,4,0.9317985316413923
90,5,-0.24964515104041696
90,6,-0.3701454280273828
90,7,-0.28034373593788503
91,1,-0.6530468880230317
91,2,-0.345877971554402
91,3,-0.9326654717593811
91,4,0.5679833567123959
91,5,0.07899070217661634
91,6,-0.47034314048984444
91,7,-0.507164224024427
92,1,-0.547308448314728
92,2,-0.39022763030684643
92,3,-0.8010714749068157
92,4,0.4986467192476132
92,5,0.22695476612845825
92,6,-0.22246837198257807
92,7,-0.1727158406584649
93,1,-0.6327778921816711
93,2,0.09171114145117595
93,3,-0.5324194277733251
93,4,-0.0071707240922832495
93,5,0.15919581991800671
93,6,-0.09461927362343224
93,7,-0.07295887847960283
94,1,-0.7028450495696913
94,2,0.2339913534506677
94,3,0.4887357284734013
94,4,-0.5028254656237373
94,5,-0.5247398121250229
94,6,0.8871641077258224
94,7,0.8388298581269052
95,1,-0.774279637058202
95,2,0.4067590310129048
95,3,0.74818594079655
95,4,-0.29503300613330063
95,5,-0.4280280498944238
95,6,-0.21565536140974967
95,7,0.2599881442416261
96,1,0.9507505695724073
96,2,0.15542309249598993
96,3,-0.5044223944650398
96,4,0.02087745306812689
96,5,0.4386603623681122
96,6,-0.2933744554729202
96,7,0.2014957578223268
97,1,-0.6255925343824756
97,2,0.3613186571418784
97,3,-0.0019492696165329438
97,4,-0.554153449439469
97,5,0.5627569272712937
97,6,0.3879916858422181
97,7,-0.6097936961927625
98,1,-0.22627921367847714
98,2,0.28277789046748913
98,3,-0.04874141239895814
98,4,0.7710214346007853
98,5,-0.32408967475349576
98,6,0.46069177355162383
98,7,0.7062334633163779
99,1,-0.7859721162487201
99,2,0.2600208232458847
99,3,0.7473148451862234
99,4,-0.38192376259036226
99,5,-0.24239215762194383
99,6,-0.2317299738342945
99,7,0.00313491756211551
100,1,1.5180458508541799
100,2,0.13426194670177752
100,3,0.5934777616491322
100,4,0.216775691935878
100,5,-0.489250485288694
100,6,-0.19594313238628705
100,7,-0.1972601665933916
101,1,1.1442873312296897
101,2,0.10079720882181266
101,3,0.5844683802094737
101,4,0.13770099434186767
101,5,0.4868835460723077
101,6,-0.3162597996585518
101,7,0.3138446118659471
