Individual,PC,score
1,1,-1.3537451762205432
1,2,0.40556622185201147
1,3,-1.0320358456571934
1,4,0.09860203025266094
2,1,-0.3128025722232844
2,2,-0.4237522758978906
2,3,0.3741520270547844
2,4,-0.8481682358617233
3,1,-0.3565850636785122
3,2,1.5909939356050848
3,3,-0.2928326956304882
3,4,-0.0832758374051009
4,1,-0.972009491112606
4,2,0.691376771909012
4,3,-0.7409534135133669
4,4,-0.7856480261203005
5,1,-0.5051838923686688
5,2,0.18888580516443618
5,3,-1.4352125446379453
5,4,0.4503342714618146
6,1,-0.05186687980411727
6,2,1.9271069425910647
6,3,-0.7037614017491299
6,4,0.1929150502433555
7,1,-0.9463369487140179
7,2,-0.9811035059257428
7,3,0.510619354821403
7,4,0.1978431208549138
8,1,0.2922536578519296
8,2,-0.5846786190856297
8,3,0.12159229833032803
8,4,-0.7405378553411551
9,1,-1.282907072645123
9,2,1.814750217797456
9,3,0.5528459350460992
9,4,0.06332946909812968
10,1,-1.2583380132953759
10,2,1.6029442317271938
10,3,0.5996163523016765
10,4,0.08661237063681601
11,1,1.6163907605907974
11,2,0.8196987958388329
11,3,0.703195231603418
11,4,0.21643545576491802
12,1,-0.7332931782167065
12,2,-0.8762637537307655
12,3,0.5610261225066929
12,4,0.09433426856779133
13,1,1.7348429277370443
13,2,0.9827268754385626
13,3,0.47050179705135353
13,4,0.0983111745011376
14,1,0.3471288433888189
14,2,1.8705590849105818
14,3,-0.961583970317686
14,4,0.022902465372212272
15,1,-0.8894524890493373
15,2,-0.8448970879610198
15,3,0.5024250610937047
15,4,0.43981236334274104
16,1,1.0298361124073265
16,2,-0.5058861229546613
16,3,-0.40506105774435575
16,4,-0.5870004410796851
17,1,-0.7961159373407486
17,2,-1.1036281727182295
17,3,0.6543649510197749
17,4,0.22761457479955077
18,1,-0.9083300101605032
18,2,-0.8430325868673187
18,3,0.5934225936183538
18,4,0.14719919347268615
19,1,-1.0657274606068963
19,2,-1.1808227281695556
19,3,0.5467811590113026
19,4,0.08585155728706985
20,1,0.5098629411372902
20,2,-0.8583948854336488
20,3,-0.21622933355983426
20,4,0.27702810020758234
21,1,0.9875737450442954
21,2,-0.6560333700801585
21,3,-0.550646860448432
21,4,-0.6682925149232791
22,1,1.4257317387981676
22,2,0.8484680123799723
22,3,0.7838847231213316
22,4,-0.2759959155051396
23,1,-0.2202757697007534
23,2,0.741702372072629
23,3,1.8657748306641246
23,4,-0.008577622328784255
24,1,1.4222342133691677
24,2,0.8724056292044433
24,3,0.8032933368234114
24,4,0.3731058122857265
25,1,-0.27534152707979864
25,2,0.8010146639600656
25,3,1.7536182759924543
25,4,-0.4350766913701313
26,1,1.7798687490156408
26,2,0.7627829263060316
26,3,0.44838640550650816
26,4,0.3895098068590063
27,1,1.438235159473824
27,2,1.0181177997456405
27,3,0.8846824427103495
27,4,-0.012819821026793906
28,1,1.4217458715007298
28,2,0.8055393800888109
28,3,0.8899676570741376
28,4,0.18380413671152712
29,1,-1.533268423157439
29,2,0.6924476813998778
29,3,-0.7028714413492292
29,4,-0.7731193519155877
30,1,0.46084177977750873
30,2,2.0262246517738616
30,3,-0.9379224244446962
30,4,0.049814347920614246
31,1,1.2414625735596438
31,2,-0.6298496141058323
31,3,-0.6871315710769694
31,4,-0.4260635777288493
32,1,-1.1088678589579557
32,2,1.8716890091149423
32,3,0.28392605346575517
32,4,-0.27711831475407395
33,1,1.1200070343741948
33,2,1.3470970368339905
33,3,-0.3815871976308579
33,4,0.1250171143807243
34,1,-0.9534799414457592
34,2,-1.0711519629423125
34,3,0.42032689000141676
34,4,0.11323807333040749
35,1,-0.5474493477096418
35,2,0.4976207362378501
35,3,-1.6584977955771674
35,4,0.33417225575313936
36,1,1.4964972664704395
36,2,0.8886436731937554
36,3,0.7096332403662904
36,4,0.3188219411280999
37,1,-1.4524981233718122
37,2,0.6115586618162109
37,3,-0.4612030061806287
37,4,-0.7330094480939106
38,1,1.5513604429483643
38,2,1.018576085935507
38,3,0.753818899009263
38,4,0.28165679449986547
39,1,0.921636661592968
39,2,-0.47036200869179207
39,3,-0.4383112803743373
39,4,-0.5671982177740998
40,1,-1.1940652257279587
40,2,-0.834784408015148
40,3,0.6092106517350183
40,4,0.21882836125378602
41,1,-1.6174992647392528
41,2,0.4026628226756558
41,3,-0.5471533628257329
41,4,-0.543106406632034
42,1,0.348279704807982
42,2,1.7831656013582076
42,3,-0.66256597894575
42,4,-0.0426537235552596
43,1,-0.9201045471083739
43,2,-0.9754183419307726
43,3,0.5188172045814419
43,4,0.09600188638598371
44,1,-1.7382996079098902
44,2,0.1447139986553455
44,3,-0.7248629018052796
44,4,0.009220509731172085
45,1,1.1119063520947698
45,2,-0.5313571725990897
45,3,-0.5835948203323131
45,4,-0.37647324534420074
46,1,0.48426743516708975
46,2,-1.021472299950621
46,3,-0.40658382837790014
46,4,0.4270425867997739
47,1,1.614098036473144
47,2,0.8208720256628266
47,3,0.4799355435679111
47,4,0.09546051518300741
48,1,1.023580280671154
48,2,-0.9396955562584061
48,3,-0.6568345536427251
48,4,0.4409754314294656
49,1,1.065845272193777
49,2,-0.8757443117637164
49,3,-0.6236103909335777
49,4,0.5430442142209311
50,1,1.1030754340174889
50,2,-0.8918182599675211
50,3,-0.693569902665339
50,4,0.5500385854123072
51,1,-1.6501149678284548
51,2,0.3613291672127993
51,3,-0.6772270328929514
51,4,0.16975014601786073
52,1,1.4528850053011941
52,2,0.8494983039038054
52,3,0.8391426100914958
52,4,-8.537437099330676e-4
53,1,-1.1520753823753949
53,2,-0.8982039256154148
53,3,0.43853341960143355
53,4,-0.008774864242301882
54,1,-1.5259688005673677
54,2,-0.010685573401507432
54,3,-0.3301651227742515
54,4,0.7560347202076119
55,1,-1.2610366721250232
55,2,2.132928337905057
55,3,0.19760574703307568
55,4,0.3791998105663457
56,1,0.5061047544510502
56,2,1.7591016028340807
56,3,-1.109993439564194
56,4,0.05729378891150813
57,1,-1.31164586405843
57,2,2.074183222210364
57,3,0.3468082155769931
57,4,0.1815487396083831
58,1,-0.89121967266131
58,2,-0.9231296022500974
58,3,0.6080741103231644
58,4,0.10635038730455126
59,1,-1.8843380451822673
59,2,0.2831179071054369
59,3,-0.7700192235515243
59,4,0.4024091901642798
60,1,-0.8171943450309663
60,2,-1.043966407339792
60,3,0.4039154349604274
60,4,-0.006070396181775976
61,1,-1.7522368520696276
61,2,0.08559220610033436
61,3,-0.33470666945052024
61,4,0.8689846375963924
62,1,0.7221064883838831
62,2,-0.9294706164872976
62,3,-0.48328042479995265
62,4,0.39715155244629535
63,1,-1.0090256835027314
63,2,-0.7565151929429282
63,3,0.40768470353527103
63,4,0.02765538950557443
64,1,1.18332100599623
64,2,-0.4985664098310674
64,3,-0.5207295923084333
64,4,-0.36520615123251776
65,1,1.1228874711377428
65,2,-0.6111048941396455
65,3,-0.6112987014148652
65,4,-0.4317756776363729
66,1,-1.1400717746852291
66,2,1.8831233344301201
66,3,0.35543689869697775
66,4,-0.2935496243153006
67,1,-1.0967392081419662
67,2,1.6483111344519599
67,3,0.3288073277520976
67,4,-0.29399810669562737
68,1,-0.8084577965782302
68,2,-0.7543458110041904
68,3,0.6037356806232677
68,4,0.05844072123879072
69,1,-0.9382959627631045
69,2,-0.9893069237453477
69,3,0.8851981466529099
69,4,0.0932646613478614
70,1,0.03437834378216104
70,2,-0.6896082849936809
70,3,0.2078186298349658
70,4,-0.8751673842006704
71,1,1.7860991449620538
71,2,0.8302096924414561
71,3,0.6832058595368075
71,4,0.3963267991803295
72,1,0.11513535297104396
72,2,-0.8432339526673908
72,3,-0.020872861846026408
72,4,0.038821635049097386
73,1,-0.2723208118137245
73,2,-0.8722806755621426
73,3,0.037860700629937814
73,4,0.11651949632292703
74,1,-0.055761617693332155
74,2,-1.0494986587014918
74,3,0.058497564695385154
74,4,0.13929844102099934
75,1,-1.6801687080283176
75,2,0.12948638474394855
75,3,-0.7588517356230443
75,4,0.03730707818379216
76,1,-1.728797003847184
76,2,0.41287899522831994
76,3,-0.6616367901625683
76,4,-0.007227514784381263
77,1,0.7346210269126009
77,2,-0.8113216108454434
77,3,-0.619987380372208
77,4,0.18086009487977006
78,1,0.9863022979993951
78,2,-0.6554230152349304
78,3,-0.29050741333755425
78,4,-0.4978034984426924
79,1,0.7106445354059568
79,2,-0.6203259958514095
79,3,-0.3511516829393832
79,4,0.5043134431970279
80,1,0.9773642102603666
80,2,-0.5376581374976112
80,3,-0.6679111500133174
80,4,0.33939053850625606
81,1,0.816515834897988
81,2,-0.5106393314178996
81,3,-0.36311526856552273
81,4,-0.6136972067660698
82,1,0.6780776189190161
82,2,-0.9534938880556291
82,3,-0.4564693112872068
82,4,0.5617174348568775
83,1,-0.7990638823277318
83,2,-1.0496253459178493
83,3,0.3522314501341603
83,4,0.22301703149223137
84,1,0.7528015636805891
84,2,-0.47138771099852894
84,3,-0.1831635333838922
84,4,-0.5635580372426722
85,1,-0.5570690294638321
85,2,-0.6424009305299031
85,3,0.6716201830972175
85,4,-0.7282258517888435
86,1,1.8400893335996773
86,2,0.8519916992760092
86,3,0.6325785444476046
86,4,0.21337016548841214
87,1,-0.8478710474100873
87,2,-1.0029211315350333
87,3,0.46170541676707366
87,4,0.04079690533527757
88,1,1.1773309885945065
88,2,-0.8032020644842557
88,3,-0.4359213528494681
88,4,-0.4655999827848118
89,1,-1.8736988205150265
89,2,0.30881899585708295
89,3,-0.71795675719609
89,4,0.09600893083931664
90,1,-0.9931927651011381
90,2,-0.825999453103809
90,3,0.7495125445447606
90,4,0.16879692267688226
91,1,0.9967822920360663
91,2,-0.8094262829590527
91,3,-0.4103321975597798
91,4,0.3491832677962225
92,1,-0.9197680361515818
92,2,-0.9778707873006972
92,3,0.6563356410323519
92,4,0.10986646587773624
93,1,-0.8346134533319318
93,2,-0.9299703176106121
93,3,0.8278044200071291
93,4,0.1086096193326066
94,1,-0.7868638601391689
94,2,-0.43759838173598237
94,3,0.8729043230827214
94,4,-0.6662022644461512
95,1,0.9317656707665462
95,2,-0.5963494324837633
95,3,-0.2438610509404883
95,4,-0.5630994163628541
96,1,0.8270613744957566
96,2,-0.556604180087521
96,3,-0.20165892325553664
96,4,-0.5802091267928349
97,1,0.7473697717761028
97,2,-1.0290478163939039
97,3,-0.22419179974902104
97,4,0.281346829477217
98,1,0.9117827019358634
98,2,-0.9430843244209028
98,3,-0.5131370681124572
98,4,0.43387689247372463
99,1,1.6413585996711768
99,2,0.8306652988742066
99,3,0.47968460528347967
99,4,0.40617913221592195
100,1,0.9935196786140763
100,2,-0.7712538476329384
100,3,-0.6245571472596202
100,4,0.2901923293991903
101,1,1.3865858247236342
101,2,-0.3854799739953383
101,3,-0.41520000538820095
101,4,-0.6376069432802738
