Individual,PC,score
1,1,-0.9594077293294063
1,2,1.1978505540904787
1,3,0.14979673748202163
1,4,0.380120407701994
1,5,-0.06586097352609581
1,6,-0.21077929182949348
2,1,-1.0828080600007561
2,2,-0.30939295730782485
2,3,0.3649351425971643
2,4,-0.5771300465914859
2,5,1.166514993428168
2,6,-0.7577882206787017
3,1,-0.8818705073789963
3,2,1.162825343506953
3,3,0.34137634550407153
3,4,0.1627599372421922
3,5,0.3518183049028524
3,6,-0.018270799693877363
4,1,-0.2803477001993285
4,2,0.9468058696143997
4,3,-0.14582143882076215
4,4,-0.6082239393029282
4,5,1.244753638376693
4,6,-0.3684753892473626
5,1,-0.8350341431029182
5,2,1.032862774486985
5,3,0.10470784124937717
5,4,-0.034095608183441435
5,5,0.20090346989223187
5,6,-0.3832473088147705
6,1,1.1435745145539615
6,2,0.2632159464200602
6,3,-0.38717499699562585
6,4,0.14733648784875067
6,5,-0.3498521576854167
6,6,-0.10224051372525178
7,1,-1.6616155469884697
7,2,-0.2342925017312155
7,3,0.11887268232449202
7,4,-0.45809033101391455
7,5,0.1591255549592935
7,6,-0.8714985932721048
8,1,1.3489094524338021
8,2,0.058730282034246566
8,3,0.3350048854842286
8,4,-0.40859614454286686
8,5,0.2893195280711057
8,6,0.26922649627885503
9,1,-1.7855282812180377
9,2,-0.14805747016372375
9,3,-2.1160637205978445
9,4,0.15153895191592984
9,5,-0.6037251794469534
9,6,-0.5161411609259191
10,1,0.3938528654811258
10,2,-1.4871424316588047
10,3,-1.358800570213453
10,4,0.1608073353189299
10,5,-0.9768826263169279
10,6,-0.5638278627158876
11,1,1.4475427906815308
11,2,0.24216939677597377
11,3,-0.30847612479749015
11,4,-0.012640779945147571
11,5,-0.06697608408202298
11,6,-0.13744848084514522
12,1,-1.8774619391874823
12,2,-0.40252613149392086
12,3,0.3351106205629607
12,4,0.4651598590149182
12,5,-0.2791379711192115
12,6,-0.01096908569965759
13,1,1.2448464465848073
13,2,0.08776854949774895
13,3,-0.665266712856815
13,4,0.07955815285887616
13,5,-0.016235628466644687
13,6,-0.1547601628299039
14,1,0.10038494395771953
14,2,1.109438386116461
14,3,-0.5578597573553985
14,4,-0.670724932147535
14,5,0.16501520474227332
14,6,0.0029348021316297304
15,1,-0.5722029729908695
15,2,-1.562987229376968
15,3,0.2809362530655552
15,4,-0.7840043352045323
15,5,-0.13042660289782243
15,6,-7.8444628375226e-4
16,1,1.341055775169956
16,2,0.31042166323195375
16,3,0.27499021028123855
16,4,0.05792820327308885
16,5,0.7270298693187386
16,6,-0.3804250038264708
17,1,-1.9553543668009694
17,2,-0.18343856540167985
17,3,0.4212962282075282
17,4,0.5882628512918444
17,5,-0.07071408798876029
17,6,0.11041256346435999
18,1,-0.5150026597189651
18,2,-1.0721625980247995
18,3,1.0445107041264206
18,4,-0.056825614476044534
18,5,0.2889170547578867
18,6,0.23108643155988634
19,1,-0.5641580042778762
19,2,-1.105631443733174
19,3,1.151096726648519
19,4,-0.06923535128970243
19,5,0.4749697046119255
19,6,-0.11425166853698149
20,1,1.061584692351578
20,2,-0.0780871510300113
20,3,0.5535416391051896
20,4,0.6769766185014233
20,5,-0.21430975273657812
20,6,0.3509526308107027
21,1,1.458335733073185
21,2,0.07946335878625888
21,3,-0.5277110810298071
21,4,-0.09173576200783565
21,5,-0.3660033303532708
21,6,-0.1570871111026766
22,1,0.6192728305006316
22,2,0.1110731086640494
22,3,-0.4643218028288511
22,4,-1.1835687861425166
22,5,-0.5844477937586733
22,6,0.449849933529112
23,1,0.2671163031548003
23,2,-1.6110211112893245
23,3,-1.562243347019722
23,4,1.3037754044561918
23,5,0.7791485546610498
23,6,0.7608299217620056
24,1,1.2127470175034265
24,2,0.2953272904449659
24,3,-0.5453636956646383
24,4,0.4564309313327805
24,5,-0.41020653775639215
24,6,0.21114004304270656
25,1,-0.3906129996763879
25,2,-1.1724785316246338
25,3,-0.5872893908879306
25,4,-0.4411189592326117
25,5,-0.5561195690896713
25,6,-0.09362528668874755
26,1,1.3810688422509503
26,2,0.11634125675879275
26,3,-0.44560642389755634
26,4,0.023417018032988516
26,5,-0.22020077825700374
26,6,-0.2857871408350719
27,1,1.5948015017412966
27,2,0.23465367863084793
27,3,-0.6442880405094198
27,4,0.22403229266964572
27,5,-0.17080132722034758
27,6,-8.854690689862923e-4
28,1,1.171531318444771
28,2,0.08312543397971088
28,3,0.7998561136455913
28,4,0.38987159823229284
28,5,-0.31575610342904464
28,6,-0.11682984112845894
29,1,1.1862997860971123
29,2,0.1484912215152804
29,3,0.38338278698848827
29,4,-0.01797448537656816
29,5,0.9589801895130092
29,6,-0.3978450779489104
30,1,-0.6300693603548775
30,2,0.9903574408050184
30,3,-0.8690729104408027
30,4,-0.9333977556039836
30,5,-0.01743904256074907
30,6,0.06614734523012471
31,1,1.3132058712759038
31,2,0.02979434428986892
31,3,0.20307670431238722
31,4,0.17153871462171014
31,5,0.8160022815735665
31,6,-0.4439278208864537
32,1,-0.6249180377419189
32,2,1.6310710333428808
32,3,-0.8156065274025494
32,4,-0.07967596427427902
32,5,0.16306442092361106
32,6,-0.09956501561440623
33,1,1.369577609128384
33,2,0.223334017858375
33,3,-0.5351481389874376
33,4,0.03574780256639231
33,5,-0.4344918810214838
33,6,0.03343411509071399
34,1,-0.5890876626856056
34,2,-1.305274598681682
34,3,0.33101580401536324
34,4,-0.9407849332681948
34,5,-0.20981469385707746
34,6,0.2487340243015098
35,1,-0.8442391077472918
35,2,1.224736598588685
35,3,0.17083413300091893
35,4,0.12934829250053784
35,5,0.19398001011499993
35,6,-0.13294995837042134
36,1,-1.4598396132924412
36,2,-0.3823527779325603
36,3,-2.6134506147031464
36,4,0.7193002918597569
36,5,0.5613325348928484
36,6,1.2777963141110245
37,1,0.723572637788001
37,2,-1.256067397426771
37,3,-0.8577823182381646
37,4,0.7713836795136699
37,5,1.8315725183898988
37,6,0.45064596772703763
38,1,1.2900697814634055
38,2,0.26098084509461006
38,3,-0.587905675168572
38,4,0.043876133551975165
38,5,-0.04182976047264767
38,6,-0.14806239678274458
39,1,1.4192822931974585
39,2,-0.3405525203533246
39,3,0.08692951221263878
39,4,-0.1809658893942079
39,5,-0.04540067843898162
39,6,0.08023176204194953
40,1,-0.49118463910333643
40,2,-1.5273035147380702
40,3,0.33927659949805733
40,4,-0.679488183243434
40,5,-0.1676762017944131
40,6,0.071053805292777
41,1,0.5295987335026104
41,2,-0.05677319182961516
41,3,0.07951889053300006
41,4,-0.9586351665002583
41,5,0.3867411072099365
41,6,0.6401386911660558
42,1,1.540764384601423
42,2,0.31583229323268547
42,3,-0.20607285789149984
42,4,-0.06942526654036037
42,5,-0.11010099828797278
42,6,-0.1300024918655999
43,1,-1.8642083178952362
43,2,-0.35648554289362927
43,3,0.29402396964466426
43,4,-0.5274311465691477
43,5,-0.020123777154209658
43,6,-0.7248506042459852
44,1,1.1032805643057817
44,2,0.025089012220978407
44,3,0.5807902060719781
44,4,0.33595038519582743
44,5,-0.07977019319259868
44,6,-0.2602410854128383
45,1,1.1642745873622269
45,2,-0.06366134422916508
45,3,0.17981097551246836
45,4,-0.029435150888198314
45,5,0.6422569901426545
45,6,-0.2509956512855201
46,1,0.2200500007180571
46,2,0.1403670139627604
46,3,0.7960189391172838
46,4,0.07320023678221597
46,5,-0.13088407970610283
46,6,0.6332088010455194
47,1,-0.5760168151435395
47,2,1.041998929024312
47,3,-0.7240782643769826
47,4,-0.8548640147793343
47,5,0.0690413724124766
47,6,0.01109751851610998
48,1,-0.775684451437418
48,2,0.9607589874373622
48,3,0.11778853089503873
48,4,-0.4390633314627579
48,5,-0.06690335734270104
48,6,-0.2624585546152466
49,1,-0.9036502111213749
49,2,0.9518455817162969
49,3,0.14792681149477252
49,4,-0.47500530211840625
49,5,-0.06210705328903952
49,6,-0.023222818219562173
50,1,-0.9035623113457735
50,2,0.6614624404596148
50,3,0.284985576490597
50,4,-0.4342073493603869
50,5,-0.18331722971421915
50,6,-0.25139308418589207
51,1,0.9358745387465272
51,2,-0.006050869244052425
51,3,0.643210375750087
51,4,0.22908052721635105
51,5,-0.014961722771018334
51,6,-0.5367049710347354
52,1,1.602540574323812
52,2,0.1342062906595853
52,3,-0.6264528089613242
52,4,0.25471410241575143
52,5,-0.12674986327907073
52,6,0.075513107633097
53,1,-0.5545944044431346
53,2,-1.5532512602185804
53,3,0.7398615921012209
53,4,-0.33676300009303234
53,5,-0.3490825525133431
53,6,0.8305755965847734
54,1,-2.1380988168915436
54,2,-0.2377041196543734
54,3,-1.0204330835042539
54,4,0.25618380074248553
54,5,-0.4254290470176251
54,6,-0.6956778170459075
55,1,-0.5653802417600937
55,2,1.242313235652726
55,3,-1.5635598308798775
55,4,0.28669510782137647
55,5,-0.5402749802855916
55,6,-0.25464417904572867
56,1,1.3780066269318365
56,2,0.2721495664930585
56,3,-0.5504980532045822
56,4,-0.06687743348702538
56,5,-0.3134390063127579
56,6,-0.1886190346412937
57,1,-1.6931676688515358
57,2,-0.8489556254035855
57,3,-2.6074886395581993
57,4,0.285399014192276
57,5,0.6080152593420132
57,6,0.7784588189596875
58,1,0.25103179815198146
58,2,-1.2395843211781368
58,3,1.105318573539581
58,4,0.46032897310081494
58,5,0.010730310984103649
58,6,-0.23296787746961406
59,1,-1.2165650021494678
59,2,1.2780517100199562
59,3,0.45477497008554
59,4,0.705974292636393
59,5,0.2404329910478481
59,6,0.39714160137884885
60,1,-1.5457553395280959
60,2,-0.4601969891621268
60,3,-0.17907410395862497
60,4,-0.3251691221613174
60,5,0.0513356013686267
60,6,-0.7465207067020143
61,1,-2.3353438200437915
61,2,-0.5070172956773557
61,3,-0.5846727678077627
61,4,0.7770162795961155
61,5,-0.7063378428177468
61,6,0.043684465549886344
62,1,-0.401315026399898
62,2,0.6797758470154193
62,3,0.2593571804830459
62,4,-0.27715966821575927
62,5,0.16116630823645478
62,6,-0.43636824189695245
63,1,0.31305872498366255
63,2,-1.2280613992236196
63,3,0.0953738310109356
63,4,0.4888749593563187
63,5,-0.2843297949276327
63,6,-0.936052542940988
64,1,1.389977318732645
64,2,0.2956817218200909
64,3,-0.2493971848330873
64,4,0.09458265052197291
64,5,-0.3107844100076775
64,6,-0.14200234918454624
65,1,1.509446285021954
65,2,0.19821245590988895
65,3,-0.6737281350809283
65,4,0.11874399667589113
65,5,-0.3595778843139499
65,6,-0.20500762772599698
66,1,-1.3383281523847035
66,2,-0.6462242710276587
66,3,0.38430670593286104
66,4,0.04069509437379789
66,5,-0.1442081129592909
66,6,-0.0867475343138479
67,1,1.4143335139856648
67,2,-0.009701667560182994
67,3,-0.38526171458538366
67,4,-0.10151782918041706
67,5,-0.08533419783557307
67,6,-0.27507754615702257
68,1,-1.7018559403638711
68,2,-0.03355823574695426
68,3,0.7331153898910407
68,4,0.10515638744935277
68,5,0.8728203634953839
68,6,0.24387808922590828
69,1,-1.7664679529598672
69,2,-0.3032021590658797
69,3,0.33877807294648443
69,4,0.3458556709131169
69,5,-0.32952932010856195
69,6,-0.011362152261105296
70,1,0.1453704876139906
70,2,-1.7788144905215066
70,3,0.36660766391218286
70,4,-0.15774399905668773
70,5,0.061081216645806395
70,6,-0.47508792356420104
71,1,1.2684991989935959
71,2,0.260902204582211
71,3,-0.654376081118007
71,4,-0.0995021698844386
71,5,-0.48963699682220135
71,6,-0.06980817144591205
72,1,0.8703582371654373
72,2,0.08052858829334422
72,3,0.9281484270343776
72,4,0.9722392662329709
72,5,-0.2709634015300634
72,6,0.3006850216880682
73,1,1.0146119811477508
73,2,0.24062055566444773
73,3,0.8749444566783894
73,4,0.710962906843336
73,5,-0.4048089469487207
73,6,0.3801392243549656
74,1,0.8770630049160394
74,2,-0.12507270586237867
74,3,0.9108146182728198
74,4,0.6680215471370309
74,5,-0.3905815123647983
74,6,0.3455100562603069
75,1,-0.8236087663367981
75,2,1.3563541287192002
75,3,0.4791616253980276
75,4,0.6748662837031489
75,5,0.13890435510894328
75,6,0.3596873401649695
76,1,-1.9427358307183213
76,2,-0.5054358708520362
76,3,0.4155564802399761
76,4,0.47347761689765677
76,5,-0.11029756980877167
76,6,0.1082045648921153
77,1,-1.0407961154017318
77,2,0.9120477609119043
77,3,0.7366471008420363
77,4,0.024344752591937687
77,5,-0.25788448162842875
77,6,0.40719110367635125
78,1,0.22240753438864955
78,2,-0.030025130635302662
78,3,0.10521388533446219
78,4,-1.3212464982649772
78,5,0.0816309141481213
78,6,0.7612940677449762
79,1,-1.2673195330881826
79,2,0.8699407575564136
79,3,0.5749224160911004
79,4,0.48551878890131
79,5,-0.11716254478230902
79,6,0.4267015057640507
80,1,-0.9678856123927585
80,2,1.0167800525739574
80,3,0.7775146135811885
80,4,0.1333473055699955
80,5,-0.1754941062342826
80,6,0.39606973115106
81,1,1.134338918974672
81,2,-0.1066751281315752
81,3,0.18037653927001682
81,4,-0.23023582664158745
81,5,0.222623058470974
81,6,0.13936894470837194
82,1,1.2304911321977494
82,2,0.06393877997475499
82,3,0.9391727421481227
82,4,0.7125408031390393
82,5,-0.41732486120997964
82,6,0.23323825078389362
83,1,-0.5414405264443086
83,2,-1.4843721225333317
83,3,0.6394095666429539
83,4,-0.5297970177898064
83,5,-0.30704138261128205
83,6,0.43709086614917886
84,1,0.24533639346039976
84,2,-0.16532410083389742
84,3,0.2064324705876117
84,4,-1.1681934350189613
84,5,-0.21795391498075942
84,6,0.4524750286287199
85,1,1.2258899181998688
85,2,-0.12060010928492493
85,3,0.11051582913513996
85,4,-0.17621351782504435
85,5,0.3097152596274542
85,6,0.3382051484738941
86,1,1.2754445666497398
86,2,0.13974637273951915
86,3,-0.5037448049453486
86,4,0.008854206797348746
86,5,-0.1642105137766205
86,6,-0.09759343402088376
87,1,0.8793526423878183
87,2,-0.028040747201318304
87,3,0.9084645656096236
87,4,0.7981045274289154
87,5,-0.415166547358723
87,6,0.18122081019080444
88,1,0.35606577485487056
88,2,-0.2171353343391208
88,3,0.05912159787909982
88,4,-1.277905990730479
88,5,-0.10635495946206855
88,6,0.9342677151643383
89,1,-0.9299466780091236
89,2,1.3983903412866032
89,3,0.3646428408159786
89,4,0.4642333942025719
89,5,0.057625354424353924
89,6,0.5618083265663002
90,1,-1.9672275015778102
90,2,-0.17727181563467434
90,3,-0.10533738301358758
90,4,-0.15332081700506917
90,5,-0.07540703528538549
90,6,-0.5232428430766869
91,1,-1.1517018406669737
91,2,0.9613704004227874
91,3,0.22381081735063396
91,4,-0.6760955769245216
91,5,-0.0087588807269846
91,6,-0.33145195725984555
92,1,-1.9470693801303671
92,2,-0.6278212546805708
92,3,0.611141788334312
92,4,0.5987421190367918
92,5,-0.2450887921004847
92,6,-0.18630608492118786
93,1,-2.141073733397421
93,2,-0.27080346222389273
93,3,0.27234276436505617
93,4,0.24802881900268314
93,5,-0.1333796158740772
93,6,0.0397120788570577
94,1,0.6512087650447955
94,2,-0.9197775204430368
94,3,-0.0025797034685658923
94,4,0.366698221812898
94,5,0.7250646892842904
94,6,-0.9308577575875484
95,1,0.4064123357974661
95,2,-0.14760143394628214
95,3,0.09428786350610546
95,4,-1.2072659067576086
95,5,-0.13359934814943467
95,6,0.6435488845432005
96,1,1.2664363198740631
96,2,0.13040537681477735
96,3,0.01471873151359075
96,4,0.3437465337874405
96,5,0.7920957935692906
96,6,-0.3875587299340594
97,1,-1.2710355570851661
97,2,0.9202940224970335
97,3,0.587332178614181
97,4,0.3947395008632945
97,5,-0.011625252762874102
97,6,0.551569131354143
98,1,0.8739733336026185
98,2,0.09881339894210488
98,3,0.49800966646510425
98,4,0.193956898911507
98,5,-0.2421721291610028
98,6,-0.25122546316116817
99,1,1.527796443227781
99,2,0.00982977195302671
99,3,-0.46734467454900336
99,4,0.04702146238195975
99,5,-0.15139381224452003
99,6,-0.2974346681571816
100,1,1.1223077599666051
100,2,0.04736795438101422
100,3,0.599455646718421
100,4,0.0704996056443288
100,5,-0.26236245619795834
100,6,0.037004802228378174
101,1,1.2383434730983407
101,2,-0.11194549626518378
101,3,0.19507822199968108
101,4,-0.2662146656852938
101,5,0.2624944694857061
101,6,0.3657915609518031
