Individual,PC,score
1,1,-2.0123393361401476
1,2,-0.9699087074110526
1,3,0.25054038621243035
2,1,-2.065695895081504
2,2,-1.014167672240175
2,3,0.19181206319029873
3,1,-1.7746299061670787
3,2,-1.0442820553550007
3,3,0.19992609740076647
4,1,-2.132273467942156
4,2,-1.0666524743384966
4,3,0.2899804422223104
5,1,-1.5869490570836353
5,2,0.1138032723035993
5,3,0.4636964987305875
6,1,-1.9366533331783387
6,2,-0.676911535442494
6,3,0.018258163916768513
7,1,-1.7283789533576277
7,2,1.9116923408219921
7,3,-0.2959166421871063
8,1,2.986665463398717
8,2,0.22530649709668335
8,3,0.8439190563729037
9,1,-1.9681379274099489
9,2,-1.0678323162418384
9,3,0.2912005521900386
10,1,2.8200594926013407
10,2,1.0349349936039838
10,3,0.11248178348650978
11,1,2.733916942733237
11,2,0.18755587600679816
11,3,0.9347818678577011
12,1,-1.5129428806977947
12,2,0.46604448047677766
12,3,0.29576534801401005
13,1,-1.700616342322215
13,2,1.8899048954120223
13,3,-0.2814474646465231
14,1,1.396201531925031
14,2,-1.589340765727998
14,3,-1.4311120125821792
15,1,-1.8715906717921882
15,2,-1.0658321187156978
15,3,0.4076000338069557
16,1,1.280399289590312
16,2,-1.576246108925197
16,3,-1.657303957781643
17,1,-2.0619318743688018
17,2,-1.0019698813483335
17,3,0.25587608550447283
18,1,-1.8651898369517175
18,2,-1.1960443082254095
18,3,0.28099887757736114
19,1,-2.3239008539469417
19,2,-1.115624502491568
19,3,0.27893834299205167
20,1,1.4617259181497793
20,2,-1.7864172374287999
20,3,-1.5259950534566429
21,1,2.669086620682147
21,2,0.28617570050931357
21,3,0.8145274420138067
22,1,2.430323024735881
22,2,-0.008712364492036847
22,3,-0.11091952820525137
23,1,2.5108962151851406
23,2,0.5414098116571595
23,3,0.6592125476332377
24,1,2.4513588752147535
24,2,0.49243872738988875
24,3,0.17502439158711208
25,1,2.7664412914198966
25,2,0.151364503761886
25,3,0.4155464325783184
26,1,-1.9434693158651966
26,2,-1.0646411544438052
26,3,0.16940491466660526
27,1,-2.121006974086893
27,2,-0.9071499335537013
27,3,0.33238798486602894
28,1,1.4771052365469448
28,2,-1.6339839806253367
28,3,-1.4074638143545417
29,1,1.5820924862105903
29,2,-1.4994511367441035
29,3,-1.565714954486826
30,1,2.714978078522225
30,2,0.1917528101392476
30,3,0.8511992390666884
31,1,-2.1728657606428206
31,2,-1.0565649026853108
31,3,0.24883637819875992
32,1,2.996515668009621
32,2,0.13906774207277872
32,3,0.45396966694630636
33,1,-2.05475074800807
33,2,-0.8301701147726255
33,3,0.5115436218385083
34,1,-1.8767037010492058
34,2,2.1206403393166724
34,3,-0.4766666352902481
35,1,-1.7421324116710541
35,2,2.1825400039512646
35,3,-0.5319307265626144
36,1,2.276005927894144
36,2,1.53981402299803
36,3,-0.9743789999634113
37,1,-1.9516009956215215
37,2,-0.930920011189216
37,3,0.2860476706773617
38,1,2.9034413381120463
38,2,0.2129205133064238
38,3,0.5213330709017261
39,1,1.422998394792044
39,2,-1.6647450180559538
39,3,-1.3697507786274072
40,1,-1.9735006848540204
40,2,-1.1177560053090252
40,3,0.2959619379307022
41,1,1.6310325576327067
41,2,-1.4527508703401968
41,3,-1.4850472377682493
42,1,2.7704760859532116
42,2,0.42339161827555444
42,3,0.9069463615099272
43,1,-2.2032878708758257
43,2,-1.1546575989781294
43,3,0.4899378296058949
44,1,2.889727558669776
44,2,0.06998146987855208
44,3,0.8511253036087008
45,1,-1.890277328336841
45,2,-0.7528290369086502
45,3,0.1455842745317522
46,1,-1.7009059074357704
46,2,-0.7022855987200648
46,3,-0.049462350282236646
47,1,-1.9147069448202323
47,2,-1.0189269042523654
47,3,0.1906937592218449
48,1,-1.9527808245154683
48,2,-1.1390766563136234
48,3,0.3958518511976608
49,1,-2.0057292349127662
49,2,-1.1982975161235656
49,3,0.16048947200308594
50,1,-2.1243572297247133
50,2,-1.2234314404224265
50,3,0.48042762977007997
51,1,2.9222468746678167
51,2,0.33410639620582083
51,3,0.6227250938298788
52,1,1.3485609590724488
52,2,-1.471805892647209
52,3,-1.490012165130016
53,1,-1.5015454413740013
53,2,0.20959966153810827
53,3,0.7793956962522082
54,1,-1.7403301809471905
54,2,1.9701300742925625
54,3,-0.23607345347137706
55,1,1.594644273404055
55,2,-1.7968242823399136
55,3,-1.60972163682848
56,1,1.555868538144244
56,2,-1.6137771066036952
56,3,-1.6476706675592065
57,1,-1.9302482413080226
57,2,1.9915768389823072
57,3,-0.11549656892984195
58,1,2.44828686615602
58,2,-0.19532336200495576
58,3,0.6048481629529855
59,1,2.9816279058643333
59,2,0.17882029962672338
59,3,0.7541703394541792
60,1,-2.1101567245565502
60,2,-0.9347582128304128
60,3,0.16012678628548077
61,1,2.7901951048318
61,2,-0.0905562997122488
61,3,0.9393453042807679
62,1,-1.6111833846494046
62,2,2.0164209170321876
62,3,-0.5768053436232983
63,1,-1.8035713653400698
63,2,1.955092039120087
63,3,-0.5647027644511408
64,1,-1.7894975537285347
64,2,2.0647562315700694
64,3,-0.27584359573220424
65,1,-1.8193803496814749
65,2,1.865938346058255
65,3,-0.39035229536232235
66,1,2.6773061955054693
66,2,0.2243778005772827
66,3,0.6689122018349639
67,1,2.64451794893174
67,2,0.30673054244510567
67,3,0.6187180045780812
68,1,-2.0852868100775144
68,2,-1.3059686537188675
68,3,0.4245552838033284
69,1,2.7710243138156097
69,2,-0.13529586216676223
69,3,0.7703633380477688
70,1,1.4849633881454787
70,2,-1.3589783237692625
70,3,-1.5063702135177848
71,1,-1.7070922654992444
71,2,1.7495057335873496
71,3,-0.5692373114064607
72,1,-1.6060334814185382
72,2,2.099423468190955
72,3,-0.28879888494522554
73,1,-1.7722779652964022
73,2,1.9829474599178936
73,3,-0.27839183169548354
74,1,-1.7313498536715337
74,2,2.1257249243448184
74,3,-0.4398445705574118
75,1,1.6425067108226108
75,2,1.13768529657851
75,3,-2.118294178809748
76,1,1.463740861239014
76,2,-0.7122377513343802
76,3,-0.9365426397173717
77,1,-1.5242967982783788
77,2,0.15656583245583458
77,3,1.0360779658792603
78,1,-2.0901122927455322
78,2,-0.9633015306642897
78,3,0.06373618586279774
79,1,-1.5985739608859424
79,2,0.0862301398570046
79,3,0.5360828281101148
80,1,-1.885596124677712
80,2,-0.9559795204018421
80,3,0.17011955209813576
81,1,-2.040890480413154
81,2,-0.9275771655433852
81,3,0.361433841839586
82,1,-1.8663487849692073
82,2,-0.7824195590810515
82,3,0.22812322697715903
83,1,-2.039778176557958
83,2,-1.0339460289621993
83,3,0.3933603535401802
84,1,-1.3253724796212887
84,2,0.21297226447960055
84,3,1.0603159995067233
85,1,2.6539378996923504
85,2,0.09453886140179242
85,3,0.7116061916813484
86,1,2.5599006863567833
86,2,0.3688151555262531
86,3,0.6821596582448244
87,1,2.6470222297314745
87,2,0.17573946901906023
87,3,0.6574830553995333
88,1,-1.8643697565870867
88,2,-0.8686846510707664
88,3,0.5301153102560864
89,1,1.5385556878021134
89,2,1.3153153004874814
89,3,-2.355742255845947
90,1,2.755169857073261
90,2,2.0070242376452145
90,3,-0.3173856020641634
91,1,-1.935161750740878
91,2,2.0522728812348525
91,3,-0.6256073371583898
92,1,-1.780499410510018
92,2,2.0095829284327884
92,3,-0.527530912805489
93,1,-1.8569949759662778
93,2,1.8397784389684946
93,3,-0.36216193721290485
94,1,2.723373663838586
94,2,-0.048719134095833665
94,3,0.7181247808749731
95,1,-1.451177480845832
95,2,0.042650608759592465
95,3,0.8353735727815914
96,1,2.619078335492787
96,2,0.22140845175498328
96,3,0.08469081124322318
97,1,-1.6904431685492287
97,2,1.99884453989262
97,3,-0.6180232159247759
98,1,2.775023330559021
98,2,0.22843305744341197
98,3,0.6400027018429945
99,1,2.7076243055508806
99,2,0.4289605050227226
99,3,0.7241266547173568
100,1,2.3753011942804525
100,2,0.0391491818727862
100,3,0.35361114538634236
101,1,2.474950398799572
101,2,0.05187576146812528
101,3,0.41218811155277507
