Individual,PC,score
1,1,0.17492929103705004
1,2,-0.05981264948961035
1,3,-0.4659779723546031
1,4,0.01956895822465028
1,5,-0.6458302503242684
1,6,0.18210791432555823
1,7,-0.791332116572259
1,8,0.07322060919654301
2,1,0.18041288865806243
2,2,-0.44648237439869776
2,3,-0.3278018634110114
2,4,-1.6421980963649245
2,5,0.9267892641733184
2,6,0.5776868625328173
2,7,0.20603558662592533
2,8,0.4654291986465892
3,1,0.16809254817125913
3,2,-0.23717939710879535
3,3,-0.1795040603183352
3,4,-1.7207860942980664
3,5,1.1954940725510603
3,6,0.26459140433372624
3,7,0.10665778160581703
3,8,0.4311659063878465
4,1,0.2998152554505998
4,2,-0.09068322148903492
4,3,-0.03926639263618507
4,4,-0.08896351773236652
4,5,-0.03363585614366547
4,6,0.2133161618654225
4,7,0.14494316833958062
4,8,-0.028247847945737658
5,1,0.2778536775612466
5,2,-0.024860566061163988
5,3,-0.2803242264593811
5,4,-0.02420600647368806
5,5,-0.27582062867660345
5,6,0.0943409184411128
5,7,0.06954928704299367
5,8,0.16076937003013034
6,1,0.04084083044625381
6,2,-0.2534161822247867
6,3,-0.19162022598804204
6,4,-0.051540343217760944
6,5,-0.16647902767115913
6,6,-0.04910628923290451
6,7,0.06137222999875401
6,8,0.17513391131397787
7,1,0.24847413058227677
7,2,-0.17824648598791037
7,3,-0.4021805446592725
7,4,0.8823296529118998
7,5,0.8172002091687468
7,6,0.07636561217444805
7,7,0.0409433248213267
7,8,0.4292475474311587
8,1,0.450495513491697
8,2,0.9055051194908665
8,3,0.47488730034287696
8,4,-0.11343443678674613
8,5,0.06643524807086981
8,6,-0.01015525934512853
8,7,0.09968004890753934
8,8,0.22641840919210826
9,1,-3.202107051609502
9,2,0.3899341815871626
9,3,-0.0072974409257252045
9,4,0.16759856808250417
9,5,-0.1393932247396903
9,6,0.10519809342753655
9,7,0.04632342732549386
9,8,-0.0884673803614018
10,1,-3.073223023351333
10,2,0.5805551485677122
10,3,-0.5819223009858675
10,4,-0.037726964751694854
10,5,0.16241389636592155
10,6,-0.05753866563242298
10,7,-0.06722960893264168
10,8,0.18240364326530142
11,1,0.4137334180117206
11,2,-0.010924910935742358
11,3,-0.27849400316440126
11,4,-0.09312829428903507
11,5,-0.1841085133810868
11,6,0.13965807148125736
11,7,-0.07745334771930452
11,8,0.06841904996587579
12,1,0.09469342590297504
12,2,-0.19353196680843077
12,3,-0.16666981382243684
12,4,-0.07397779041622159
12,5,0.05471434310093303
12,6,-0.030217068395197954
12,7,0.1571834292584514
12,8,-0.1979287023018914
13,1,0.06808205484800986
13,2,-0.2701490099853457
13,3,-0.1440127036077279
13,4,-0.051314173522298605
13,5,-0.21648084192736317
13,6,-0.12797971746144848
13,7,0.08089319945364767
13,8,0.030181793985953265
14,1,0.17633225687500065
14,2,-0.21301853590673428
14,3,-0.2308364596598985
14,4,-0.11688757398468118
14,5,0.03146625514787026
14,6,-0.05478190055455425
14,7,-0.006665990260540303
14,8,-0.038556144127701156
15,1,0.392968745780019
15,2,0.5035631211625143
15,3,0.2681015126091513
15,4,0.013676454963527202
15,5,-0.2044525483037617
15,6,0.20223607763167395
15,7,-0.21470441805034227
15,8,0.16779498290053582
16,1,0.18803736970210813
16,2,-0.20996785257249279
16,3,-0.2470286389015116
16,4,0.01580535938500775
16,5,-0.3213356222940694
16,6,0.16069427063865666
16,7,-0.7598098944210591
16,8,0.26649811637329474
17,1,0.3597046267815961
17,2,0.003123260064206785
17,3,-0.4125477359155568
17,4,-0.0960418167186497
17,5,-0.347558237170478
17,6,-0.1146732878524974
17,7,0.21711897071730585
17,8,-0.13100272258261797
18,1,0.17364028132971845
18,2,0.15453238283224793
18,3,-0.2352944906377133
18,4,0.3569967799001403
18,5,-0.5015639717803535
18,6,0.047914531685086345
18,7,-0.7278374028196364
18,8,0.23873689763502515
19,1,0.20831332031403532
19,2,-0.15043818863300087
19,3,-0.27851942068153407
19,4,0.13417203489262128
19,5,-0.4395988122751879
19,6,0.2135691356794887
19,7,-0.678278310168418
19,8,0.10604830796691328
20,1,0.13207892451595685
20,2,0.05038461298860473
20,3,-0.07510711523831325
20,4,-0.06441683664074703
20,5,-0.08741545484799317
20,6,-0.02639615118003647
20,7,0.22646432388099821
20,8,0.1428062676728145
21,1,0.24226994871681748
21,2,-0.2170245455842111
21,3,-0.47154210930426643
21,4,0.07713085370381693
21,5,-0.09263216080528228
21,6,-0.11328656082467219
21,7,-0.11201598059191613
21,8,0.1714808423106366
22,1,-0.0705944103125892
22,2,0.013984272235530646
22,3,-0.33743177736043717
22,4,0.02034197767741339
22,5,0.2019000710846654
22,6,-0.12736729291093724
22,7,-0.03484606631757296
22,8,-0.009074720023515694
23,1,-0.1437911331069044
23,2,-1.3932056550375023
23,3,1.375590892328328
23,4,0.5994800903808998
23,5,0.00324179027791463
23,6,0.09001547291678566
23,7,0.3727856977265291
23,8,0.30890383367738755
24,1,0.16210591124567236
24,2,-0.02453119036490511
24,3,-0.4439151322082971
24,4,0.10599955444105413
24,5,-0.2111166203404892
24,6,0.17792512741238514
24,7,0.20136109889081436
24,8,-0.14176098596686001
25,1,-0.0010476368132805486
25,2,-0.05609811489479938
25,3,-0.2402202799903495
25,4,0.10519357999202765
25,5,-0.03351730271210137
25,6,-0.2639714948661661
25,7,0.05379669350557838
25,8,0.03359759942961288
26,1,0.10100080531318946
26,2,-0.01008994430693408
26,3,-0.13391465253429688
26,4,0.08374579135596806
26,5,-0.4264138064907645
26,6,0.17023758093287472
26,7,0.008635333176565878
26,8,0.10498753348631797
27,1,-0.26136036240556954
27,2,-1.2918123884964614
27,3,1.3022485530051227
27,4,0.6137988601779027
27,5,-0.028428474262745595
27,6,0.07692628481758329
27,7,0.5478929636018243
27,8,0.5819998851959662
28,1,0.3006091405091992
28,2,0.19657901889623308
28,3,-0.10290748272747663
28,4,0.048376509839016105
28,5,-0.19570858381771072
28,6,-0.140343818950664
28,7,0.14527306249204255
28,8,-0.05934290065123319
29,1,0.25861705614731606
29,2,-0.18304064584126817
29,3,-0.34973046536428926
29,4,0.046418809966437706
29,5,-0.08027371500986721
29,6,-0.8030482244243256
29,7,0.409261001654154
29,8,-0.10008792258955385
30,1,4.2514098591399184e-4
30,2,-0.14283164256057354
30,3,0.03661747197545673
30,4,-0.3842236141506891
30,5,-0.012660268309370266
30,6,-0.007428502258223225
30,7,-0.21716788095696415
30,8,-0.1583000832674922
31,1,0.037566360401935894
31,2,-0.17732438970100992
31,3,-0.08468429592723561
31,4,0.1166926068329679
31,5,0.06323069646006753
31,6,-0.9827754463985441
31,7,0.10692419666515965
31,8,0.019569752441697424
32,1,-0.24034637978098986
32,2,-0.4963933531547729
32,3,0.3185600370680458
32,4,-0.5883969352625191
32,5,0.48343227616103196
32,6,-0.057049982232692746
32,7,-0.5538518900482426
32,8,-0.4066530125714819
33,1,0.17306681639638816
33,2,-0.039959881872599266
33,3,-0.3269776887131579
33,4,-0.0741294427960952
33,5,-0.07060172623974684
33,6,-0.07544998868044676
33,7,0.04589456483504292
33,8,0.16841423340785747
34,1,0.17501124386942427
34,2,0.7750467511816445
34,3,0.6702724125342585
34,4,0.015624661885967877
34,5,0.30950866828858503
34,6,0.06977604472312374
34,7,0.2955863012672564
34,8,0.13401635448320795
35,1,0.18477856923949534
35,2,-0.0966404001263348
35,3,-0.017344370209458906
35,4,-0.08222592686606181
35,5,-0.40101556643591085
35,6,-0.023435901396305945
35,7,0.20472304588851103
35,8,0.05544366961272763
36,1,0.22693505557008348
36,2,0.5109126996237469
36,3,0.4655832165281704
36,4,-0.14702535140640477
36,5,0.023174110617376727
36,6,0.10077819525973851
36,7,-0.294024247855926
36,8,0.3291312291296287
37,1,0.18309137040579884
37,2,-0.2948590833975178
37,3,-0.37975255678907804
37,4,-0.08305659656349809
37,5,0.1996075158228284
37,6,-0.8306775306267127
37,7,0.14547674192413712
37,8,-0.013256395652133457
38,1,0.1358316926623146
38,2,0.01865670335445694
38,3,0.06044092392708026
38,4,-0.10196676284459201
38,5,-0.17806382130507878
38,6,-0.1381500963144124
38,7,0.12529356505241357
38,8,-0.03565022025230371
39,1,-0.04238776690198355
39,2,0.10588305388633945
39,3,0.042999219604618485
39,4,-0.06860260785180004
39,5,-0.03934066413701288
39,6,0.07090546010451622
39,7,0.053102910647524294
39,8,0.05892041709317629
40,1,0.5816885087895834
40,2,1.082201086353886
40,3,0.5154637387695379
40,4,0.04395985431319299
40,5,0.08618869934646796
40,6,0.1372740599186779
40,7,0.02790819794705592
40,8,0.11836152521549216
41,1,-0.047158791109708845
41,2,-0.24548826911003857
41,3,0.2714123201992189
41,4,-0.08070839742445228
41,5,0.03614797098075403
41,6,0.08243323679620744
41,7,-0.22546472454571503
41,8,-0.12654069591793868
42,1,-0.19109365136342948
42,2,-0.4305669827447869
42,3,0.21625333077548464
42,4,0.001196254688587919
42,5,-0.034886160382487506
42,6,0.3018528005444024
42,7,-0.15931393203767227
42,8,-0.6996405541957523
43,1,0.1327242032231065
43,2,0.023459033079591372
43,3,-0.04373768084347483
43,4,-0.05807365657036642
43,5,-0.17142678843933704
43,6,0.027770857475963837
43,7,-0.05157466547268422
43,8,-0.11411843417563873
44,1,0.2620277503398111
44,2,-0.042700801194502966
44,3,-0.34368534364036263
44,4,0.050774918958333255
44,5,-0.43953827118462896
44,6,0.05724536132357383
44,7,-0.047958283881085875
44,8,-0.01814003057060435
45,1,0.13300037030123954
45,2,-0.1302622906752846
45,3,-0.15999696116863485
45,4,0.05767063698703486
45,5,-0.006856194593674027
45,6,-0.9377572253212679
45,7,0.04495722304576341
45,8,0.07305109024778846
46,1,-0.035407368688496546
46,2,0.019357802670897106
46,3,-0.23800382092208924
46,4,-0.0754466994940329
46,5,-0.07091569691712293
46,6,0.0541899096269595
46,7,-0.14161924223184172
46,8,-0.08623036228079568
47,1,0.1497474064207643
47,2,0.05016474836571296
47,3,0.018006563003624406
47,4,0.11846672695944087
47,5,-0.14910923768612194
47,6,0.06122898977841423
47,7,0.09371037726949764
47,8,0.03017773108424413
48,1,0.09546602516170984
48,2,-0.3883384645628866
48,3,-0.17546825105524239
48,4,-0.2175291967089198
48,5,-0.45064221936139787
48,6,0.4358648360795395
48,7,0.6631659570198475
48,8,-0.367474082400501
49,1,0.21465560647398416
49,2,-0.14842060262682497
49,3,-0.1283825217318481
49,4,-0.13220386004569537
49,5,-0.3206854989235461
49,6,0.5370567271482353
49,7,0.30487473041951724
49,8,-0.4470997739939985
50,1,0.2205587566643651
50,2,-0.2714512524935653
50,3,-0.1354513885505579
50,4,-0.0857640327652228
50,5,-0.4767908341114819
50,6,0.49707711462631576
50,7,0.5680638950983228
50,8,-0.13547183871676488
51,1,0.04843007132873096
51,2,0.14149634371400957
51,3,-0.31625278129315176
51,4,-0.09912012196658952
51,5,0.06665043807295486
51,6,-0.024006547119475086
51,7,0.14442479895075183
51,8,0.04140933289306165
52,1,0.16852343440212106
52,2,-0.029311041199852207
52,3,-0.0347589626222917
52,4,-0.09055280084848374
52,5,-0.15963354787017625
52,6,-0.07524643848278648
52,7,0.056695120213164356
52,8,0.06307095935616995
53,1,0.3189985860807436
53,2,0.4656070116090122
53,3,0.4381580535334352
53,4,0.09499280727972872
53,5,0.03474228564243314
53,6,-0.10588525915227531
53,7,-0.25846204392658007
53,8,0.036295950160178156
54,1,-0.025907173910510492
54,2,-0.2540521373063819
54,3,-0.12087642487312271
54,4,-0.3076621904691485
54,5,0.11387471569259511
54,6,-0.17964178314848867
54,7,-0.27321517901789566
54,8,0.05454900711084669
55,1,-3.289381863833869
55,2,0.05025229631661623
55,3,0.07393319438429981
55,4,0.04566462839017337
55,5,0.021987429610483066
55,6,0.1680330324968199
55,7,-0.002842232077706447
55,8,-0.13534199304695138
56,1,-0.058866117556031446
56,2,-0.40710982790663275
56,3,0.5436812980903131
56,4,-0.08384869473138319
56,5,-0.08189560947641951
56,6,0.011285835756174346
56,7,-0.22448214073785216
56,8,-0.2896780968205621
57,1,-3.3784266289462805
57,2,-0.05358691249286931
57,3,0.5512081688302427
57,4,0.012387258716174588
57,5,-0.0688904097094952
57,6,0.026484160965402903
57,7,0.24540465210322532
57,8,0.01447987234208551
58,1,0.3106258281038502
58,2,0.4006490542594355
58,3,0.5089106638038658
58,4,0.1439617763228808
58,5,-0.025848242822000975
58,6,0.08603897958905984
58,7,-0.030870457458366894
58,8,0.26794136937672985
59,1,0.11650664858710172
59,2,0.015433229073059284
59,3,0.06847374750629943
59,4,0.027389842134753296
59,5,-0.14166099915408745
59,6,-0.12550396035163572
59,7,-0.07595329747449271
59,8,0.019472920861595477
60,1,0.2898761537722157
60,2,0.024497698759182465
60,3,-0.17129872383726202
60,4,0.02425954454249551
60,5,-0.04960025121975294
60,6,-0.0031832702030272974
60,7,0.10911323979178865
60,8,-0.02943036621381739
61,1,-3.1265498159971084
61,2,0.47977797189933635
61,3,-0.4091411344833662
61,4,-0.10275874902323358
61,5,-0.18787864563338885
61,6,-0.10622275343032399
61,7,-0.0517285067881511
61,8,0.22567144847727613
62,1,0.1753259146745778
62,2,-0.11866752847664813
62,3,-0.5226358152515453
62,4,0.8036643454922904
62,5,0.8056453556662253
62,6,0.3132894018300738
62,7,-0.11968833017692652
62,8,0.2884278018385922
63,1,0.40700598449702247
63,2,-0.23054399496571024
63,3,-0.2580202876532655
63,4,-0.1925995834818893
63,5,-0.21501575617719237
63,6,0.0791540509208346
63,7,0.2697374640025212
63,8,0.07655944327122328
64,1,0.12070797681847782
64,2,0.04239368977237499
64,3,-0.2742187838567288
64,4,0.12277046635578888
64,5,-0.17168620945509458
64,6,0.11890405512120138
64,7,0.16623679070778488
64,8,0.10206535585575083
65,1,0.11539405697679397
65,2,0.12036139350358001
65,3,-0.3297475842116677
65,4,0.019868056351371614
65,5,-0.09331304598512703
65,6,-0.14929035176887376
65,7,0.1339089843522126
65,8,0.10366027748274366
66,1,-0.27289157479893045
66,2,-0.7519923572351065
66,3,0.5427538016990472
66,4,-0.4288407607321947
66,5,0.4492294436086175
66,6,-0.20112994754461067
66,7,-0.8733448916048477
66,8,-0.7098368086529422
67,1,-0.26715766128689633
67,2,-1.8302280984652608
67,3,1.7821854762964093
67,4,0.12805524938040566
67,5,0.05272801780701455
67,6,-0.027362582135125886
67,7,-0.3705820534951568
67,8,0.06576387829152694
68,1,0.19103119162434015
68,2,-0.21289576884743522
68,3,-0.11044688572815257
68,4,0.03563483727516041
68,5,-0.24340509228128446
68,6,0.08205456817867654
68,7,-0.08085519320406731
68,8,0.007382002871900875
69,1,0.21280914748283447
69,2,0.04294901500430798
69,3,-0.18905396024669574
69,4,0.03871724759041978
69,5,-0.17232531503090726
69,6,-0.03884755134082823
69,7,0.02816487364755113
69,8,-0.003621000373117702
70,1,0.03224313477570775
70,2,0.5577754921273731
70,3,0.5040088310120884
70,4,-0.07158838177191269
70,5,-0.11528066150700882
70,6,-0.07145485620786163
70,7,0.16756687190746022
70,8,0.1813339278379151
71,1,0.2223055566332357
71,2,-0.19858008543034364
71,3,-0.004334055937381106
71,4,-0.04288933342416913
71,5,-0.17835130503282925
71,6,-0.1856247503346284
71,7,-0.19147947513703117
71,8,0.0981685218698183
72,1,0.16952291930766203
72,2,0.020258813006480914
72,3,-0.029305116473089865
72,4,0.09121452508146098
72,5,-0.18855099479859214
72,6,-0.11957571584909377
72,7,1.5459356407950404e-4
72,8,-0.0255896238046524
73,1,0.31585582345493796
73,2,0.18231861686832102
73,3,-0.14743221633722417
73,4,-0.006361262815921721
73,5,-0.07675807966485611
73,6,-0.12776880961605916
73,7,-0.08408872382108325
73,8,0.05951117857142959
74,1,0.24245792018471896
74,2,0.01851142193359464
74,3,-0.374874872076737
74,4,0.060736156550614075
74,5,-0.16314674442627564
74,6,0.12526533571446857
74,7,0.189851795847302
74,8,-0.14947365999430504
75,1,0.3004979285078068
75,2,-0.20990233812164957
75,3,-0.250506532288752
75,4,-0.009216981994352533
75,5,-0.26340961210130476
75,6,-0.14946590967266843
75,7,-0.030620063253892944
75,8,0.19395908339570722
76,1,-0.11325417553577175
76,2,-0.16126335945682124
76,3,-0.1974108658072392
76,4,-0.5917174779088258
76,5,0.08846525010083418
76,6,-0.13080101613085524
76,7,-0.03969313288384589
76,8,-0.012292429653382812
77,1,0.33818966153352914
77,2,-0.1418804853198602
77,3,-0.013838998224600359
77,4,-0.0703619070431734
77,5,-0.19413264690564136
77,6,-0.2222934357135135
77,7,0.19102752702146228
77,8,-0.027020974184012485
78,1,0.41412970359641205
78,2,0.1802648782469652
78,3,0.33601396359233543
78,4,-0.01725331983936628
78,5,0.021146780196419267
78,6,0.2376432721372306
78,7,-0.1543366927390194
78,8,0.05015032758810868
79,1,0.38022348204279127
79,2,-0.22281332058132142
79,3,-0.06138183986910167
79,4,-0.08946816337832443
79,5,-0.021033925666854615
79,6,-0.14594372686950863
79,7,0.21937914581386828
79,8,-0.05159933163602543
80,1,0.10707761056763072
80,2,0.15308702491128962
80,3,0.11913124766695063
80,4,0.11408909093666574
80,5,0.1445701089505156
80,6,-0.03216287116357597
80,7,0.046279780884295435
80,8,-0.5944833790801372
81,1,0.5290150284919098
81,2,1.030685697206797
81,3,0.6493490584933029
81,4,-0.14114950300780577
81,5,0.12196779444813217
81,6,-0.13926798971223073
81,7,-0.014986304075152323
81,8,0.004945151623795711
82,1,0.058493522500546805
82,2,0.15718693858202357
82,3,-0.22726519938885636
82,4,0.23516352674690896
82,5,0.41145999114431697
82,6,0.08101995698683544
82,7,0.0847964002753261
82,8,-0.6355836653631297
83,1,0.27957376554067054
83,2,1.00990430040957
83,3,0.8570970994947301
83,4,0.12210535239218931
83,5,0.41506052813749134
83,6,-0.09077222187753894
83,7,-0.0678035180969365
83,8,-0.5538282238220165
84,1,0.2308362487089812
84,2,1.11731287965332
84,3,0.5086084992933165
84,4,0.05000553792777763
84,5,0.03671312013736455
84,6,-0.06998130058983942
84,7,-0.06792977646282836
84,8,-0.04289956436289501
85,1,0.44766195530017305
85,2,0.8488753245807746
85,3,0.807512128704933
85,4,0.04579262886746874
85,5,0.005987317942448068
85,6,0.145334756605099
85,7,-0.04490162234018267
85,8,-0.14019336057155285
86,1,0.09198968090311054
86,2,0.035335425558774024
86,3,-0.2806146421840699
86,4,0.15251979329392715
86,5,-0.12975000597021266
86,6,-0.020237136243791053
86,7,0.14090401842871272
86,8,0.10474246000140146
87,1,0.3594954107718423
87,2,0.06740851017239306
87,3,-0.1853973753994611
87,4,0.175838528503202
87,5,0.2913000705429516
87,6,-0.17896284294228906
87,7,0.09141599093546718
87,8,-0.6768946037768632
88,1,0.34819660655176876
88,2,0.8304367800877609
88,3,0.7978051756809565
88,4,0.08987761503107929
88,5,0.07441151402521899
88,6,0.0929436271702625
88,7,0.16736981905114057
88,8,-0.042908032852742396
89,1,0.09382926067469945
89,2,-0.05498275574065612
89,3,-0.038897134277555916
89,4,-0.02874869681220426
89,5,0.11989099786280173
89,6,0.032853758159956954
89,7,0.1538398226456329
89,8,0.009853534483560796
90,1,0.12811062345509086
90,2,-0.2458440727792835
90,3,-0.526951314739576
90,4,0.9349545002186731
90,5,0.43866325754062035
90,6,0.2564032476716989
90,7,-0.05801328071660831
90,8,0.3155969540510969
91,1,0.16238839038105682
91,2,-0.12731803081725523
91,3,-0.6495354597006422
91,4,0.833740996618485
91,5,1.0002100030374055
91,6,0.45845996041470904
91,7,-0.08380742810997228
91,8,0.24753489709684337
92,1,0.1749784090418488
92,2,-0.09155529174858273
92,3,-0.6118985574548784
92,4,1.147987218983207
92,5,1.3387901742277175
92,6,0.05248863908409946
92,7,-0.06521364150642454
92,8,-0.45716908716854515
93,1,0.15528798056345408
93,2,-0.3388063218189237
93,3,-0.37879776308165536
93,4,-0.13762385503571736
93,5,-0.22102737179039508
93,6,0.6145446779957409
93,7,0.5324933877769431
93,8,-0.576627090393691
94,1,-0.1177633836953449
94,2,-0.2377803934499978
94,3,-0.15542080679844
94,4,-0.39218635134079644
94,5,0.4213009650074136
94,6,-0.9425490970931634
94,7,0.0353724259032493
94,8,0.01591578745389457
95,1,0.39869199992969395
95,2,0.6721775027713971
95,3,0.35858426922301423
95,4,-0.20010442526534342
95,5,0.0345918353283606
95,6,-0.0754441973366615
95,7,-0.08906765515118989
95,8,0.3656170013967921
96,1,0.19412414356909585
96,2,0.12397921698444998
96,3,-0.22267541930423032
96,4,-3.72397843677944e-5
96,5,-0.25027307217042016
96,6,0.3748625467737372
96,7,-0.6937748456697193
96,8,0.027118808420902397
97,1,0.09103137274574973
97,2,-0.10764976187669802
97,3,-0.060752840035705
97,4,-0.07496646351803203
97,5,0.025795203636742484
97,6,0.2445261267502768
97,7,-0.046837932654699044
97,8,0.09135442509627827
98,1,0.25172310804808556
98,2,-0.11893598540326007
98,3,-0.01729675036651938
98,4,0.1190238399284712
98,5,-0.1203449702522909
98,6,-0.22003718925906146
98,7,0.06658564840089817
98,8,0.013865165703649509
99,1,0.2466763545518003
99,2,-0.3037458399898418
99,3,-0.15837307571597792
99,4,-0.007734078856410174
99,5,-0.38727992980853376
99,6,-0.04584784377259943
99,7,-0.0794353321252359
99,8,0.21212179958703478
100,1,0.4032220662508886
100,2,-0.14802509218607998
100,3,-0.07626853050378926
100,4,0.07795358982712532
100,5,-0.037333439029004864
100,6,0.09710738628925375
100,7,-0.056318383575094146
100,8,-0.13278443299219478
101,1,0.2959750097731153
101,2,0.8444425186114455
101,3,0.5793807284542832
101,4,0.09737691173756337
101,5,0.21599479895522686
101,6,0.05116726960825708
101,7,0.2749046488345483
101,8,-0.02056781783825498
