Individual,PC,score
1,1,0.41370374561482026
1,2,0.1111856563851467
1,3,-0.02748968519338846
1,4,0.5339689524608983
1,5,-0.7404787556048179
2,1,0.5270997466060975
2,2,0.12692889799511667
2,3,0.8412939435369909
2,4,-0.7078625888025721
2,5,-0.40991508258969556
3,1,0.5515354137032041
3,2,-0.07763279553897738
3,3,0.7829170899022773
3,4,-1.044994030992677
3,5,-0.2378537922942249
4,1,0.5095492020902351
4,2,0.15000107877095778
4,3,0.8724476510319494
4,4,-0.45021991360371066
4,5,-0.1892047058046807
5,1,0.36771145842468056
5,2,-0.09269427488551364
5,3,-0.09845265805187252
5,4,0.012431010161264595
5,5,-0.03821277969544791
6,1,0.357553326847381
6,2,0.23576032997599086
6,3,0.5366420200782662
6,4,-0.32754021448115483
6,5,-0.13902799681491565
7,1,0.333878535240199
7,2,-0.13697709381027984
7,3,0.09141332035746301
7,4,0.12457024850442192
7,5,0.21336118941059853
8,1,0.6190554008907598
8,2,-0.22756437744949956
8,3,-0.07151109528491555
8,4,-0.03609905202123687
8,5,0.017219222584834548
9,1,0.3052236089365008
9,2,-0.26699009055123524
9,3,-0.13649008065375634
9,4,0.0605891548941113
9,5,0.23284605058232075
10,1,0.2916323119655646
10,2,0.21320838536744252
10,3,-0.20942955471407051
10,4,0.5384978000637257
10,5,-0.687133012250307
11,1,-1.1324257651585772
11,2,1.2989585096913454
11,3,0.5548541721114448
11,4,-0.14356684513547052
11,5,-0.09543772960326906
12,1,-2.4119266620267705
12,2,-0.8279397239317505
12,3,0.29610051346279087
12,4,0.13859234316733285
12,5,0.0869494524590452
13,1,-1.135899323844782
13,2,0.9321224543178739
13,3,-0.2398243470935866
13,4,0.17354145925885434
13,5,0.23644327303291512
14,1,0.3648731132153111
14,2,-0.06203815040014214
14,3,-0.15426692242062182
14,4,0.0697538457256457
14,5,0.17258358035606355
15,1,0.273048261000216
15,2,0.113946701158504
15,3,-0.012584287293002842
15,4,0.0292491443269235
15,5,0.32766978642847117
16,1,0.35561570199619746
16,2,-0.12560601361487309
16,3,-0.1164026926743958
16,4,0.09105975949813483
16,5,0.20512073437116302
17,1,0.5462974340204408
17,2,-0.16734079264617982
17,3,0.11756054285272428
17,4,0.08689799614140976
17,5,-0.04158200914634573
18,1,0.20346826725971176
18,2,-0.3347336757365617
18,3,-0.12774212870724194
18,4,0.07728091792075495
18,5,0.0757118190526615
19,1,0.23181264456525164
19,2,-0.18752007233627604
19,3,0.06156554102309236
19,4,-0.3233972379195177
19,5,0.20791420603712474
20,1,0.4928650964001332
20,2,-0.15313917323729595
20,3,0.15266077384396862
20,4,-0.036005941364508326
20,5,0.1976063189039433
21,1,0.434872026370797
21,2,-0.09583760158261961
21,3,0.10667749521119704
21,4,0.06422214959284125
21,5,0.19402427903055433
22,1,0.6344384415583448
22,2,-0.05095021970107445
22,3,-0.05557099523933985
22,4,0.4326748653475897
22,5,-0.6922822789619055
23,1,-1.1759730688525052
23,2,1.4521724399385574
23,3,0.9953148229999695
23,4,-0.56532536903535
23,5,0.20517814546401142
24,1,-0.8188401747004473
24,2,0.7923840213766784
24,3,1.3444094531505653
24,4,-0.23020981104500743
24,5,0.2278685762511448
25,1,-1.0341736078143111
25,2,1.281098807498545
25,3,-0.10374328237330448
25,4,0.7579909362935443
25,5,-0.8693667361193385
26,1,0.46627055186986877
26,2,-0.2419985245477698
26,3,-0.10768157256922968
26,4,0.024755222775547613
26,5,-0.011836247431499403
27,1,0.26491506315783214
27,2,-0.15510759934120052
27,3,-0.08483660634814964
27,4,0.2854623625172561
27,5,0.10853713286116692
28,1,0.4769583899331985
28,2,-0.11121711488357158
28,3,-0.11359955009879116
28,4,-8.419184870200215e-4
28,5,0.09817211097878402
29,1,0.3111170512492306
29,2,0.019368022918929112
29,3,-0.07119029887937066
29,4,0.42269187378107514
29,5,-0.9063562537679811
30,1,0.07030823428235028
30,2,-0.06779076833201052
30,3,-0.15131000364392586
30,4,-0.11204351416963951
30,5,0.21253335464208198
31,1,0.30597446018483476
31,2,0.1423804138716683
31,3,-0.14268268120854646
31,4,0.19386611172757506
31,5,0.2024557426434826
32,1,0.3007879709239661
32,2,-0.10034426859991762
32,3,0.16080055976938612
32,4,0.45173069264535093
32,5,-0.8639391539350311
33,1,0.395002771728935
33,2,0.02963944534254454
33,3,0.10625759377734834
33,4,0.21474644202718546
33,5,-0.01813271270933624
34,1,0.43084915887429504
34,2,-0.02643720112725849
34,3,0.08381585865789501
34,4,-0.0723574235479641
34,5,0.15242660691853757
35,1,0.5854533882761519
35,2,0.048523496725388006
35,3,0.7948352418380672
35,4,-0.3401170268371352
35,5,-0.202391416512277
36,1,0.30453084863004204
36,2,-0.1336154532854215
36,3,0.042949185583020945
36,4,-0.07142760899011766
36,5,0.13318537635003735
37,1,0.23089829439884463
37,2,-0.04359864597576506
37,3,-0.24616176606605172
37,4,0.013183717053147156
37,5,0.03725497261028358
38,1,-1.1235736362551074
38,2,1.3025423816154278
38,3,-0.243895689493931
38,4,0.28930433292071217
38,5,0.416453616254822
39,1,0.5474168851690213
39,2,-0.058041162606632626
39,3,-0.25826009873149186
39,4,0.036525765749673464
39,5,0.34474299551034904
40,1,0.37950625090878426
40,2,-0.10090411344300985
40,3,-0.29216134618291945
40,4,0.05307526678862288
40,5,0.012234952337660237
41,1,0.30506529006852606
41,2,0.005958740368118409
41,3,-0.04342112452974017
41,4,0.5354992136205566
41,5,-0.604878506853405
42,1,0.5497447182072238
42,2,-0.038334868185637104
42,3,-0.17082046727243608
42,4,0.272602421105851
42,5,0.22849913214881112
43,1,0.3449761670503259
43,2,-0.030914466434480304
43,3,-0.29836951590568156
43,4,0.18567248621459997
43,5,0.3216679439569852
44,1,0.4510324301694624
44,2,-0.04269183837039805
44,3,0.02497006977337011
44,4,-0.14565495942975776
44,5,0.24224022823187444
45,1,0.6155974041959861
45,2,-0.19461437204269694
45,3,-0.12228861824375475
45,4,0.07187214873891397
45,5,0.17857985927173828
46,1,0.3344798495053135
46,2,-0.06014112033931243
46,3,0.01841188209347253
46,4,0.1907685588491255
46,5,-0.0948797425956721
47,1,0.30394759551889
47,2,-0.18713427270389854
47,3,0.02175341296650313
47,4,-0.10977068450337628
47,5,-0.08328660386849346
48,1,0.28876889108992626
48,2,0.05388172899962635
48,3,-0.11114219560354435
48,4,0.13248252538319522
48,5,0.10390469329866733
49,1,0.34210269427936724
49,2,0.026249368775230996
49,3,-0.08957907912560117
49,4,0.18699347046312023
49,5,0.1334211013771809
50,1,0.40760688411287554
50,2,0.0923084021162771
50,3,-0.1205741191555928
50,4,-0.10700027086054027
50,5,0.042523764651884066
51,1,0.5173516187351936
51,2,-0.06659549760879574
51,3,0.04672063443144701
51,4,0.009394398384648076
51,5,0.11135345398624409
52,1,0.5607793331731296
52,2,-0.15187026285383348
52,3,-0.17047863813513447
52,4,0.046605058307509606
52,5,0.16348342049297487
53,1,0.4507340610771641
53,2,0.09437638929856412
53,3,-0.21256094197437087
53,4,0.11505255540146815
53,5,0.14024151193040585
54,1,-0.9273353402996795
54,2,1.1597067631352962
54,3,-0.22035083084025914
54,4,0.31469724472297844
54,5,0.05135241031535161
55,1,0.3305326840542464
55,2,-0.088954502144867
55,3,-0.2092502685391683
55,4,-0.09840782495870445
55,5,0.14841374487442063
56,1,0.4047813353108527
56,2,-0.3357723597741736
56,3,-0.5205828789952434
56,4,-0.2752530741915071
56,5,0.23645316038008168
57,1,0.45347500630403487
57,2,0.08457434658488816
57,3,-0.17194847962870213
57,4,0.05514598667710325
57,5,-0.032455143040211513
58,1,0.32756061304768236
58,2,-0.05602821396705769
58,3,0.8842297345891651
58,4,-0.7071747619475466
58,5,-0.343809337615623
59,1,0.4532956733565907
59,2,-0.024488881544076642
59,3,0.04418100693678915
59,4,0.1488683316117786
59,5,0.10096054111486946
60,1,0.3301005890491452
60,2,-0.17019872613951295
60,3,-0.13270245405424722
60,4,0.10011967370800402
60,5,0.05184559599834681
61,1,0.4478977237004459
61,2,-0.23025638177066665
61,3,0.14080102127492772
61,4,0.006376142719305004
61,5,0.002570359784656159
62,1,0.3632168314702836
62,2,-0.09544328289542457
62,3,0.08675061797093978
62,4,0.03902618180895431
62,5,-0.0644542874061021
63,1,-1.31281099348997
63,2,-1.4008420472566028
63,3,0.03668639785099344
63,4,-0.15779357128662283
63,5,-0.03314366157051375
64,1,0.5192306213460318
64,2,-0.4432190835165889
64,3,-0.027824273263034768
64,4,0.06601767728938249
64,5,-0.14941037847363872
65,1,0.34296101895348097
65,2,-0.38420134526025274
65,3,0.11501279575211797
65,4,-0.0667097021742792
65,5,0.05681208373733869
66,1,-2.9077125791770206
66,2,-0.33512524857454823
66,3,-1.3890655470829942
66,4,-1.3417924726667803
66,5,-0.5094836453826799
67,1,-0.4455360987430721
67,2,0.4705888296920482
67,3,-1.6544069323396822
67,4,-1.8441579064493328
67,5,-0.5517880822887362
68,1,0.3604804364158263
68,2,-0.11062372327624184
68,3,-0.16309564777826535
68,4,-0.1772161844209258
68,5,-6.367442817118518e-4
69,1,0.47415466614691093
69,2,0.0748784018519541
69,3,-0.22376816898956722
69,4,0.11665349987192561
69,5,0.13461128686683754
70,1,0.4742134144776223
70,2,0.04969764384780727
70,3,-0.23743875120836283
70,4,0.34340936663354954
70,5,-0.7165532636150101
71,1,0.592695319577639
71,2,-0.027329018202582517
71,3,0.02635825847447607
71,4,0.18892730273182243
71,5,0.11009292724846526
72,1,-2.4827210159769457
72,2,-0.9043221989704371
72,3,0.4524434977135325
72,4,0.289102563881453
72,5,-0.016672272932952238
73,1,-2.352641549191315
73,2,-0.7790041721865789
73,3,0.2876223369012074
73,4,0.2947213988683995
73,5,-0.03766628045571943
74,1,-2.2832612251890647
74,2,-0.9306542756458395
74,3,-0.04563089708448097
74,4,0.26898766678132674
74,5,0.11398535301818127
75,1,0.3513285380132545
75,2,-0.21690896455306777
75,3,0.6975215573969229
75,4,-0.5078333240755748
75,5,-0.1793921665644649
76,1,-2.308462390319942
76,2,-0.9196314638016555
76,3,0.10937845652605989
76,4,0.26596677208227476
76,5,0.1860475965801981
77,1,-2.2591497710861015
77,2,-0.7282383334079904
77,3,0.3649900260423068
77,4,0.11316752085894591
77,5,0.06217820370696544
78,1,0.49771756603520034
78,2,-0.2264738187209182
78,3,-0.17375993937771375
78,4,0.20015733664333038
78,5,0.1827145576100948
79,1,-2.3825923580048283
79,2,-0.8293911885124015
79,3,0.2953873138400689
79,4,0.1817110116983833
79,5,-0.12437666787731455
80,1,0.7147646584473475
80,2,-0.16463430997239728
80,3,-0.20205555904640612
80,4,0.073268824370634
80,5,0.17973940605658717
81,1,0.40715365857690133
81,2,-0.1943409330457781
81,3,-0.07278262297832376
81,4,0.21536915013294883
81,5,-0.044440409182582415
82,1,0.4210318170678579
82,2,-0.03423799616491296
82,3,-0.2605583815463239
82,4,0.06619955255393936
82,5,-0.04641628009805792
83,1,0.5457674473870578
83,2,-0.016897511118012822
83,3,-0.1516215797276757
83,4,0.12695470674463977
83,5,0.2385286974783731
84,1,-1.2191542756950404
84,2,1.331485160126071
84,3,-0.36753041195818587
84,4,0.1615199621950073
84,5,0.17886941397870287
85,1,0.43017650393242635
85,2,-0.12126553468567347
85,3,-0.32811231420459736
85,4,-0.12582781966902218
85,5,0.004454199784296689
86,1,0.4997300901014044
86,2,0.04875908651335358
86,3,-0.05410747569678657
86,4,-0.21593746664402635
86,5,0.1422647326683414
87,1,0.343783818460623
87,2,-0.36217695727576715
87,3,0.0023096774192649903
87,4,-0.24042703793196016
87,5,0.348205810283176
88,1,0.19813871815645046
88,2,0.21432086133370543
88,3,0.08213504069264693
88,4,-0.053392814815721786
88,5,0.1457919565172864
89,1,0.558711049758191
89,2,0.10064756256631872
89,3,0.760691688991179
89,4,-0.5094062244664505
89,5,-0.02044280951238336
90,1,0.4953538503462181
90,2,-0.2942708011811474
90,3,-0.06336576166808383
90,4,-0.016263531119981706
90,5,-0.05016614791332651
91,1,0.2765473062860615
91,2,-0.051343579281667336
91,3,0.055516934179369926
91,4,0.0282041227801198
91,5,-0.07934433429154635
92,1,0.2511412976198889
92,2,-0.16623296567136664
92,3,-0.07751490967549662
92,4,0.03714523259755264
92,5,0.35521273219054683
93,1,0.4186653520474735
93,2,-0.09086373765817876
93,3,-0.05581252489779653
93,4,0.19826894411695872
93,5,-0.017211761577901993
94,1,0.5871230444766179
94,2,0.09736954536106529
94,3,0.11769000733393922
94,4,0.10775735477102262
94,5,0.07314291493792327
95,1,-1.1014194157414539
95,2,1.2034805710679635
95,3,-0.37919911796792044
95,4,0.25972869191458975
95,5,0.18163900580021627
96,1,-0.928225621004015
96,2,1.1422103691040297
96,3,-0.1448546607114383
96,4,0.09895760326518085
96,5,0.10070684957421468
97,1,0.5486835933983735
97,2,-0.1264296850766437
97,3,-0.01628680178099741
97,4,-0.09063602501574171
97,5,0.0423016190798336
98,1,0.4329250816952198
98,2,7.446394325488503e-4
98,3,-0.4711388955701172
98,4,-0.25588161102557344
98,5,0.19922860593325764
99,1,-1.0828862891398583
99,2,1.2433240142233808
99,3,-0.043190137103085974
99,4,0.08163331507077227
99,5,0.3154457308277876
100,1,0.27583217120426323
100,2,-0.24222488540294124
100,3,-0.16894601683950364
100,4,-0.0012147696837522004
100,5,-0.07106345069855938
101,1,0.3411396720125937
101,2,-0.024441734588512124
101,3,-0.18265386491689697
101,4,0.13809218685539054
101,5,0.08714454057250363
