Individual,PC,score
1,1,0.6235738342936724
1,2,0.08466969343520248
1,3,0.31151278121011633
1,4,-0.37083611462240573
1,5,-0.7322158209059637
1,6,-0.28524316134591365
2,1,0.43951205878185146
2,2,1.8728171283606065
2,3,-0.7316612673553743
2,4,0.3217541744073217
2,5,-0.0567972039749757
2,6,-0.04466342130338426
3,1,0.39960084806366647
3,2,1.8495697999850274
3,3,-0.5804584242649768
3,4,-0.17808353520819767
3,5,-0.5868560214564954
3,6,-0.1717178360139385
4,1,0.14877387185931074
4,2,1.1722040338522504
4,3,0.9518570401759995
4,4,-0.43142081606806504
4,5,-0.4252108621698774
4,6,-0.3797640660433964
5,1,0.0460911162171332
5,2,1.3384942795082424
5,3,0.8644434520549764
5,4,-0.11528057018864614
5,5,-0.49797012699210674
5,6,-0.41969780180116506
6,1,0.5168251311642775
6,2,-0.09211868106958168
6,3,0.24504225092759824
6,4,-0.5954371805932587
6,5,-0.2809249607720167
6,6,-0.1714257231701349
7,1,0.7494124445622375
7,2,-0.3308636252689036
7,3,0.23115648326852453
7,4,-0.2938130205296104
7,5,0.3285651331454124
7,6,0.08870864118457876
8,1,-0.8738212838388525
8,2,-0.5590456387504397
8,3,-0.008219787555544367
8,4,0.05582302706022267
8,5,0.23425362676649084
8,6,0.6212710276303375
9,1,0.8155145417396265
9,2,0.5030918349081228
9,3,-1.2469290937893276
9,4,-0.15830090399631486
9,5,0.1074939875842681
9,6,0.19243404213186371
10,1,0.37986805900497
10,2,2.2424581778803496
10,3,-0.6190130269463949
10,4,0.09221684040885439
10,5,-0.4891922445444937
10,6,0.03798851484910012
11,1,0.7353562610528626
11,2,-0.22426759412082195
11,3,0.014878783273166399
11,4,0.7211146294538477
11,5,-0.10703782453993632
11,6,0.08762708103823019
12,1,0.5920685619192152
12,2,-0.37564824872417957
12,3,0.06324163400171066
12,4,0.7025519463863952
12,5,-0.4146376738396187
12,6,0.15348723059853037
13,1,0.664591871858706
13,2,-0.11796475927235797
13,3,0.10951920949901657
13,4,-0.015793550814170203
13,5,0.020471458160980473
13,6,0.1508044503998427
14,1,0.5926303679546405
14,2,-0.02612894190077867
14,3,0.04349862320028415
14,4,-0.379253971828416
14,5,-0.5811163589796366
14,6,-0.20657303563637983
15,1,-0.8483412084180991
15,2,-0.3723132975211904
15,3,-0.11530298467092379
15,4,-0.2833391760257166
15,5,0.17046408747288244
15,6,0.40471919234815257
16,1,-1.353234685132734
16,2,-0.5704143845260358
16,3,-0.7062113635379156
16,4,-0.4047263704263858
16,5,-0.3457094285971681
16,6,-0.0975838782066298
17,1,0.5932808750255821
17,2,-0.09585719675828032
17,3,0.034019240879475145
17,4,-0.15738524831926623
17,5,-0.019445237627721358
17,6,0.14494403115931195
18,1,-1.5008819849777983
18,2,-0.45190411652514667
18,3,-0.3202811258104724
18,4,-0.4871790027014104
18,5,-0.24159340323999084
18,6,-0.39621440701139504
19,1,-1.1377208127516956
19,2,-0.25901645619277897
19,3,-0.48287274409696396
19,4,-0.5069761066398424
19,5,-0.3780055222131609
19,6,-0.3312659942790156
20,1,0.7855433095997019
20,2,-0.2252520420108069
20,3,0.11764394921243222
20,4,-0.10038299650814102
20,5,0.03252556903724975
20,6,0.3728453327791217
21,1,-1.458899180880299
21,2,0.6369931524221792
21,3,0.48923157223927816
21,4,0.008330941875041525
21,5,0.2367245203588258
21,6,0.15053669532069122
22,1,0.31568195107239727
22,2,1.0580472655200013
22,3,0.9109802870957702
22,4,-0.3063932656510439
22,5,-0.5233368213215854
22,6,-0.609660192128096
23,1,0.48604519442893124
23,2,-0.2053495264663492
23,3,0.19374539851631528
23,4,-0.09138272003774371
23,5,-0.0753253643419479
23,6,-0.020598165089466384
24,1,0.6097439345203544
24,2,0.014417316329314993
24,3,0.2353240957180119
24,4,-0.1748440823401182
24,5,-0.05618498347610458
24,6,0.06985574571717988
25,1,0.606200626168737
25,2,-0.14794619691115443
25,3,0.30856284708027376
25,4,-0.3947633653242508
25,5,-0.6734699814827768
25,6,-0.13173981980035387
26,1,0.6228462680790258
26,2,0.003473202917465083
26,3,0.13429961262353526
26,4,-0.17893021095990408
26,5,0.1447150490965822
26,6,0.26220254930496323
27,1,-0.6413264794528293
27,2,-0.4645744886961912
27,3,-0.1996440904280927
27,4,-0.41935626976847085
27,5,-0.07648190514569177
27,6,-0.2624871358980432
28,1,0.7231348666283083
28,2,-0.13043444047052882
28,3,0.27562307315455775
28,4,-0.39167190533400487
28,5,0.38089896626545117
28,6,-0.06747551192115679
29,1,-1.259874024019991
29,2,0.5891005883870544
29,3,0.5454652957246073
29,4,0.30126420664000764
29,5,0.34874112641519206
29,6,0.25341773109235294
30,1,0.5680162042384584
30,2,-0.4071419143911475
30,3,0.14135496538931208
30,4,-0.25888698936724763
30,5,0.027639527057230946
30,6,0.34102447239533484
31,1,0.5982417551636354
31,2,-0.05936042410353454
31,3,-0.055315683054750216
31,4,0.10392506437806726
31,5,0.08517647353025445
31,6,0.20182803320968623
32,1,-1.1508587653230167
32,2,0.2888477728833585
32,3,0.33034863161679945
32,4,-0.027311497655406584
32,5,0.30943962648296197
32,6,0.4822764533910463
33,1,0.5685131857871473
33,2,-0.24435418193943242
33,3,-0.1581949407929747
33,4,-0.04190478719139477
33,5,0.01603694834870886
33,6,0.2313316231797565
34,1,-1.0743378163072776
34,2,0.8237868220005335
34,3,0.7766817837442377
34,4,0.061582544641380986
34,5,0.4300816925857563
34,6,0.22412450589165445
35,1,0.587820141621466
35,2,0.012384204777659558
35,3,0.26933495505143024
35,4,-0.4529121040975769
35,5,-0.3345417346651351
35,6,-0.199160289507065
36,1,-1.7282858946198403
36,2,0.4060003540176969
36,3,0.02680049589644593
36,4,-0.45979432882122673
36,5,-0.2952622479993705
36,6,-0.31392145299764257
37,1,0.545213147822178
37,2,-0.15060201819332486
37,3,0.05112395852396895
37,4,0.02363691519096053
37,5,-0.021435057096726474
37,6,0.3441632368432718
38,1,0.5473268756718576
38,2,-0.21585986682982483
38,3,0.18261576467083612
38,4,-0.12608779237469192
38,5,0.14238798910453435
38,6,0.08378352747171594
39,1,-1.0144894856935787
39,2,-0.5395103271849708
39,3,-0.19193576889430727
39,4,-0.3772659481714053
39,5,0.026047328823287096
39,6,0.05882868226039296
40,1,-0.8423887119913179
40,2,-0.6336835737528759
40,3,-0.11282980436893732
40,4,-0.07434440836347894
40,5,-0.09141374792286881
40,6,0.35673532119227597
41,1,-1.673810243784156
41,2,0.6669521861311749
41,3,0.2548774624940498
41,4,-0.27791000430880586
41,5,-0.04759868174251181
41,6,-0.33962636475131
42,1,0.4216329571645633
42,2,-0.036592818881061605
42,3,-0.09305939482971698
42,4,-0.2816802724157125
42,5,-0.24466201538251156
42,6,0.2045898781838898
43,1,0.8102877706527408
43,2,-0.3299395813985749
43,3,0.20456455662822107
43,4,-0.01896726676604896
43,5,0.1560900515585281
43,6,0.4828895980607519
44,1,0.8262823838213619
44,2,-0.31752053132734587
44,3,0.10953590285954133
44,4,-0.17700121078129158
44,5,0.13605131392228553
44,6,0.564732109557513
45,1,0.5026443484755008
45,2,-0.10223307706300717
45,3,0.18088594733263375
45,4,-0.07057220386341534
45,5,0.06391094862027641
45,6,0.6104156885169449
46,1,-0.4435380421869191
46,2,0.7471881511440327
46,3,0.513390995202808
46,4,-0.02412130749524742
46,5,0.29922026887288006
46,6,0.11110427980800873
47,1,0.613235293176422
47,2,-0.16400262209216618
47,3,0.035787271113243695
47,4,-0.020416483737253945
47,5,0.13402072270258655
47,6,-0.011942804173630039
48,1,-0.7551986782879805
48,2,-0.508934992088457
48,3,-0.6046882460426014
48,4,-0.41585345614950253
48,5,-0.13164624177093254
48,6,-0.11698781013149243
49,1,-0.7162443758349399
49,2,-0.6249283370002361
49,3,-0.4152302611990838
49,4,-0.3622958552744813
49,5,-0.040738651577886024
49,6,-0.06899205088179759
50,1,-0.6743393131710881
50,2,-0.6058620038569038
50,3,-0.3814624418327389
50,4,-0.2863520959763192
50,5,-0.31335431628014043
50,6,-0.37327192068751547
51,1,0.45060701878197135
51,2,-0.3500545198763419
51,3,-0.0597236399213533
51,4,-0.10342589207685711
51,5,-0.11069764787045107
51,6,0.07749316817815245
52,1,0.5214294093441886
52,2,-0.13607385412233358
52,3,0.04459967359104146
52,4,-0.09762756865624868
52,5,0.047440952090783965
52,6,0.022212354641103313
53,1,-1.079497045128843
53,2,-0.5930901053091217
53,3,-0.1739103759794941
53,4,-0.24085607926554362
53,5,0.3276638303841884
53,6,0.388322318837304
54,1,0.6606396732204562
54,2,-0.10894298777590726
54,3,0.19007095788445363
54,4,-0.1829260393575629
54,5,-0.07714137159113939
54,6,0.0015311631435734128
55,1,0.6123308253918534
55,2,0.7498885570373212
55,3,-1.4199273863122677
55,4,-0.039823290569233845
55,5,0.024313470354705137
55,6,0.2087903630018127
56,1,0.554272955680466
56,2,-0.4737503957864088
56,3,0.09684219403515028
56,4,-0.15632342163245447
56,5,-0.14032612077152876
56,6,-0.08113026000444722
57,1,0.4667126640126275
57,2,1.800683888602369
57,3,-0.9199227405584499
57,4,0.33272805414570067
57,5,-0.020284798793640254
57,6,0.38739328125360367
58,1,-1.2894775265044405
58,2,0.6975346963201672
58,3,0.44774763199108714
58,4,0.2734003371680084
58,5,0.3768611222765828
58,6,0.19098447255364034
59,1,-1.3568747076606245
59,2,-0.8573737089092478
59,3,-0.25451499760903645
59,4,0.681265102925855
59,5,-0.3080453684327123
59,6,-0.29507808460437845
60,1,0.6781229982658299
60,2,-0.3704313201287816
60,3,0.06611370761211667
60,4,-0.22650076513977685
60,5,0.07300744867483462
60,6,0.11895973288330554
61,1,0.6539001568193781
61,2,-0.2083948642193212
61,3,0.01823131691844924
61,4,-0.26282681005035297
61,5,0.15434468795528258
61,6,0.12012381615785059
62,1,0.5646706182871088
62,2,-0.1460145613542693
62,3,0.2225593040471192
62,4,-0.3227874568008783
62,5,0.4164745200218257
62,6,-0.07229066010792687
63,1,0.7323427239122287
63,2,-0.4636912317959352
63,3,0.15129395527728404
63,4,0.8582944363668571
63,5,-0.28762835912847773
63,6,-0.11873925252695008
64,1,0.4507763996481836
64,2,-0.4826211915635919
64,3,-0.12572786582712936
64,4,0.8920808665459563
64,5,-0.1721506675757239
64,6,-0.18952156240381537
65,1,0.7319026785315067
65,2,-0.48908667085073093
65,3,0.23322269380999208
65,4,0.7863053210794883
65,5,-0.21513261476385329
65,6,-0.004329146436591619
66,1,0.10701725224633327
66,2,0.6858336575319528
66,3,0.7474983934711623
66,4,0.9904126645068961
66,5,-0.11499234672978549
66,6,-0.4560079148414846
67,1,0.7200582504111207
67,2,-0.5056906089196289
67,3,0.13549451153566824
67,4,0.5944468982467394
67,5,-0.08534265625100844
67,6,-0.12903374262529388
68,1,-0.9346335846859659
68,2,-0.522987965971898
68,3,-0.01727237492651325
68,4,0.0942491560121345
68,5,0.024725211769762417
68,6,0.44394829584019196
69,1,0.7276848354559176
69,2,-0.2006089307425622
69,3,0.14868731388361153
69,4,-0.16099862850405827
69,5,0.0918961183008776
69,6,0.07974314033310181
70,1,-1.3812122677000038
70,2,0.7211975109381286
70,3,0.63180033948343
70,4,0.2987293542346947
70,5,0.21871322658594236
70,6,0.16275057485484387
71,1,-1.3433304669836603
71,2,-0.6484338359687186
71,3,-0.14907583049226003
71,4,-0.4776356705459717
71,5,-0.04641834336995039
71,6,0.012933155868755226
72,1,-1.1168709928196856
72,2,-0.790976683673353
72,3,-0.36270883206500515
72,4,0.714278078260365
72,5,-0.38482841563295483
72,6,-0.4678644617121899
73,1,-1.040405958951057
73,2,-0.5993920118391308
73,3,-0.39016980929737577
73,4,0.5598138615273416
73,5,-0.4494652671871998
73,6,-0.269590146454863
74,1,-1.2313084444776718
74,2,-0.6813100353483499
74,3,-0.5001585190318142
74,4,0.515160168151664
74,5,-0.42567744523518125
74,6,-0.6591510958583507
75,1,0.7051406763886572
75,2,-0.11780578560013585
75,3,0.1817683792764137
75,4,-0.11443509656032888
75,5,0.14578113388264832
75,6,0.26285046831624825
76,1,0.753235708817403
76,2,-0.27396472200055283
76,3,-0.08169812782736915
76,4,-0.09673529254211596
76,5,6.404648857555961e-5
76,6,0.04343433220265329
77,1,0.6172567981912359
77,2,-0.36470612390387885
77,3,0.19828253705110907
77,4,0.8502343482525757
77,5,-0.1851772247637335
77,6,-0.03056010549120347
78,1,-1.1080901870584254
78,2,0.5398343698410694
78,3,0.7604566152219607
78,4,0.1853545418042747
78,5,0.019665156618799046
78,6,-0.01782704380730828
79,1,0.7539751726680644
79,2,-0.3028133767499054
79,3,0.12870124385910017
79,4,0.6351460610610761
79,5,-0.4778323421066458
79,6,-0.1370142539481946
80,1,0.587501643086665
80,2,-0.06988605767878281
80,3,-0.015343084672932725
80,4,0.07925513569630714
80,5,1.1085322938527762
80,6,-0.8526595029616589
81,1,-1.3370128144683247
81,2,0.6231912606174326
81,3,0.6179838059668672
81,4,0.004667739081778706
81,5,0.22921628008640862
81,6,0.3526270787132081
82,1,0.7611810321808452
82,2,-0.10782934279025953
82,3,-0.09974419351329965
82,4,-0.010712948812810813
82,5,0.9445820774352571
82,6,-0.8348764744408272
83,1,-1.1016917033022737
83,2,-0.24076847198490575
83,3,-0.040864661448001875
83,4,0.27870439475338415
83,5,1.060908175400706
83,6,-0.29071875742319625
84,1,-1.0137952645568495
84,2,-0.5289474701099699
84,3,-0.09839673388411273
84,4,0.9955007466818118
84,5,-0.09373585073889015
84,6,0.21159034886901953
85,1,-1.364853662722902
85,2,1.5337880685122016
85,3,-0.8553832854657804
85,4,0.4659232511041051
85,5,0.24610797314956648
85,6,0.2444897275962059
86,1,0.8090697196458292
86,2,0.6798611229322187
86,3,-1.2251266979463684
86,4,0.1050784257478955
86,5,-0.08662473437694891
86,6,0.3140251472495477
87,1,0.7257021738327809
87,2,0.48603626704287006
87,3,-1.312176535523323
87,4,0.021577110511783845
87,5,1.190078168740974
87,6,-0.5747851432324776
88,1,-0.8274120003047137
88,2,-0.38189079257201397
88,3,-0.02142791982079428
88,4,-0.05985460468658742
88,5,0.11053047651412806
88,6,0.5374470066296071
89,1,0.5422895052178258
89,2,-0.3254191215362008
89,3,0.009565123020020742
89,4,-0.007431481298831926
89,5,0.012329472917012666
89,6,-0.04699879773582537
90,1,0.6162094531469727
90,2,-0.0400915553034151
90,3,0.19825666207009812
90,4,-0.3155275868571607
90,5,0.41677179511135487
90,6,-0.17976032873345898
91,1,0.7361520013787766
91,2,-0.019940071128264295
91,3,0.13216726383039998
91,4,-0.2048015005728184
91,5,0.4201336366601684
91,6,-0.0987769588026134
92,1,0.5282998675895582
92,2,-0.1833585921099789
92,3,0.13677214698467666
92,4,-0.08442215728480862
92,5,1.2007821922547224
92,6,-1.0476602270320947
93,1,0.7677689227745981
93,2,-0.20851726601748005
93,3,0.12046677741533766
93,4,0.024345804481373527
93,5,0.04995186734025179
93,6,0.0740267248780758
94,1,0.5979393997746925
94,2,-0.12684951439812953
94,3,-0.06776292515646234
94,4,0.15161621184240345
94,5,-0.13826997560132112
94,6,0.2887946826700328
95,1,0.7988617974416347
95,2,-0.4283247998117012
95,3,0.17114516202969257
95,4,0.6518763252010803
95,5,-0.1017792075158799
95,6,-0.16921785338974976
96,1,-1.2177177539484674
96,2,-0.6487838567580488
96,3,-0.6290977023521225
96,4,-0.38768270669999194
96,5,-0.36481331986561405
96,6,-0.14566286243920726
97,1,0.6054353519715391
97,2,-0.3406924456056303
97,3,0.46681827406138676
97,4,0.02782381535590009
97,5,-0.13952684854993627
97,6,0.19087678778729258
98,1,0.4807398175004116
98,2,-0.2681311470770655
98,3,-0.06154635317591339
98,4,0.010501051723705482
98,5,0.21452290758407697
98,6,-0.01338045004354273
99,1,0.7104717197094211
99,2,0.009322207253405504
99,3,0.14125641099750882
99,4,-0.49254168707493146
99,5,-0.6055331516578849
99,6,-0.2912070260903367
100,1,0.3716806280650909
100,2,-0.17266994058065285
100,3,-0.17696346078405376
100,4,-0.25795046717843445
100,5,-0.052016007615063226
100,6,0.3070472064968258
101,1,-1.2451145390353815
101,2,0.5322742720715714
101,3,0.5268037873580125
101,4,0.02208599595039406
101,5,0.20924986782003036
101,6,0.16278993145445955
