Individual,PC,score
1,1,2.7252334776640645
1,2,0.034360007742328
1,3,-0.13438749593247462
1,4,0.20364784648574963
2,1,0.6462206245019155
2,2,-0.6688979938796684
2,3,-0.5618749536575856
2,4,-1.6713321159819332
3,1,2.4689897238805463
3,2,0.10902057811935743
3,3,-0.13778935807569762
3,4,0.5652860693647165
4,1,0.7427183517252618
4,2,-0.4594576690099836
4,3,-0.7139955314845554
4,4,-1.984307085368093
5,1,-1.606690653232328
5,2,-1.0979068776589875
5,3,1.079088591554651
5,4,0.2621157174445159
6,1,0.5921926539807911
6,2,0.9315147116487701
6,3,0.5236122231284985
6,4,-0.8515380382315083
7,1,-1.719647465447797
7,2,-0.037827044359828525
7,3,-1.0897176885220194
7,4,0.5295553859038089
8,1,-0.9495536510804113
8,2,-0.7002141692725965
8,3,0.849835434718407
8,4,0.29069887154295887
9,1,3.017941358583131
9,2,-0.06220107625868195
9,3,0.145611058329839
9,4,0.5949602447964131
10,1,-1.615041641912476
10,2,-1.2710084896513487
10,3,0.9592661159029204
10,4,0.32625269048695726
11,1,-1.8226615164898712
11,2,-1.158151524490459
11,3,1.065495255601187
11,4,0.03199080341566449
12,1,-2.357979469454423
12,2,-0.6286028045642527
12,3,-0.7498778209499399
12,4,0.9553326355298193
13,1,-1.2987809260503758
13,2,2.085370921513686
13,3,0.011217983552904725
13,4,-0.30841095488333675
14,1,-1.4577988781164266
14,2,2.0863050242028334
14,3,0.24030038644891713
14,4,-0.3113343126586652
15,1,2.990633256915457
15,2,-0.14717303035732643
15,3,-0.010273428208394537
15,4,0.565702501464833
16,1,-1.4928804871645798
16,2,1.918468736496385
16,3,0.1237911250277283
16,4,-0.44675425142354436
17,1,2.9528892362630863
17,2,0.1580267929309999
17,3,-0.011598597173308082
17,4,0.647885060428528
18,1,2.9154139077465357
18,2,-0.005189992710799642
18,3,0.031635187805998846
18,4,0.47732089179888193
19,1,2.9291490170826857
19,2,0.20017378190695612
19,3,0.15974551475853427
19,4,0.2621522338413395
20,1,-1.422024541729223
20,2,2.069125520383245
20,3,0.24703373355790667
20,4,-0.5960102759325335
21,1,0.19888627963127023
21,2,-0.927018629008925
21,3,0.5200896405804551
21,4,-0.04928888879482968
22,1,-2.0812823806173
22,2,0.6441839702829227
22,3,0.7263848617986808
22,4,0.34451402762422767
23,1,-1.673042417724114
23,2,-1.196515438755079
23,3,1.086105056965643
23,4,0.05405621384734799
24,1,-1.644572020460675
24,2,-1.1650465242870651
24,3,0.9585759079632151
24,4,-0.04171311219948897
25,1,-2.1240433684253284
25,2,0.8336730605909014
25,3,0.5152688845695147
25,4,0.3069167510160084
26,1,2.638233531014641
26,2,-0.021428871024901607
26,3,0.014941212233484467
26,4,-0.1362249076431472
27,1,2.2423883266122973
27,2,0.16359035160278676
27,3,0.15360639979450558
27,4,-0.03576547887152304
28,1,-1.378535356362646
28,2,1.8657868668856255
28,3,0.1571502780648444
28,4,-0.3294210600457125
29,1,-0.9520058019718791
29,2,2.135649677312683
29,3,0.14778643093692562
29,4,-0.17437721023680733
30,1,-1.366534819586587
30,2,-1.036233221694057
30,3,0.9044629306992787
30,4,0.07962869160212634
31,1,3.121426024074873
31,2,-0.11385615567886785
31,3,-0.04549875825945788
31,4,0.31102883515332425
32,1,-2.428101191780182
32,2,0.8202392597456293
32,3,0.6244255205830592
32,4,0.1588111371081851
33,1,2.9213403980202557
33,2,0.03818435717421673
33,3,0.036011104456593515
33,4,0.23883122361178163
34,1,2.924844460684574
34,2,0.14109040452509689
34,3,-0.07982602335878222
34,4,0.30752516509182587
35,1,2.6176025044826403
35,2,0.02077665210943859
35,3,0.06580814430104362
35,4,0.25984619380282503
36,1,-1.375038154530769
36,2,-0.9609193717425105
36,3,-0.368909459859736
36,4,-0.6347712802956716
37,1,2.919642251874872
37,2,-0.06921501595385798
37,3,0.05770241278216367
37,4,0.6158904392671268
38,1,-2.104421077222369
38,2,0.8069124384105066
38,3,0.5361671492506813
38,4,0.2868612278012049
39,1,-1.3224494506205964
39,2,2.2290992012677258
39,3,0.10891938412236031
39,4,-0.39692363807952424
40,1,3.1345820731241623
40,2,0.07173602618756675
40,3,0.011514486948856397
40,4,0.4136872988494913
41,1,-1.209367125984399
41,2,1.9694471835377414
41,3,0.13900138599309136
41,4,-0.5796641915251984
42,1,-1.5062483293221087
42,2,-0.9036572995226745
42,3,0.7965463441436749
42,4,0.22556195972509982
43,1,-1.6490804686283727
43,2,-0.45393185516051576
43,3,-1.683939058098284
43,4,0.7862428990089613
44,1,-2.164305401049378
44,2,-0.7620483273958188
44,3,-0.7065125829869594
44,4,0.40856013474872904
45,1,3.02101640253252
45,2,-0.026469392460650214
45,3,0.25268093724920704
45,4,0.66681723617188
46,1,0.6911556523576954
46,2,0.7962862731891983
46,3,0.14019634161143213
46,4,-1.2520215195705948
47,1,3.0956144609088234
47,2,0.14223743725008045
47,3,-0.05090206940370167
47,4,0.20848222797724514
48,1,2.9998891177632823
48,2,0.03963558125736757
48,3,0.062427536743534455
48,4,0.4339481145329381
49,1,3.0093444281077764
49,2,-0.12191611285503257
49,3,-0.053815511156996024
49,4,0.3574220015318838
50,1,2.9084179051627235
50,2,0.08578828149785706
50,3,-0.053093186043338306
50,4,0.0831177634540322
51,1,-1.6718583622033432
51,2,-1.0828415066738493
51,3,0.9567969222467089
51,4,0.05428717732232022
52,1,-1.4721304018619834
52,2,1.9289567103032004
52,3,0.1932956805857312
52,4,-0.4123081815245719
53,1,-1.6504978258209713
53,2,0.018564016683114196
53,3,-1.7998715373044327
53,4,0.8656949439229867
54,1,0.8177490632447579
54,2,-0.9167840725567434
54,3,-0.6798656164936595
54,4,-1.9255397479530503
55,1,-0.8030960331070983
55,2,2.278459375224057
55,3,0.5075716700818339
55,4,0.024045675439091398
56,1,-0.8437601707158535
56,2,2.047307887552294
56,3,0.37160711854056555
56,4,-0.15403011373022704
57,1,0.801516850534398
57,2,-0.618676671474997
57,3,-0.864912068673825
57,4,-1.8990027191862373
58,1,-1.9869117534070433
58,2,-0.7434787861433447
58,3,-1.0693212923260267
58,4,0.7087093742150361
59,1,-1.610028568542432
59,2,-0.8898538230813914
59,3,0.7721565971155464
59,4,-0.015175499494676982
60,1,2.8488782167481905
60,2,-0.07124826457595507
60,3,-0.24298089879641005
60,4,0.1718403764528896
61,1,-1.5352558885320096
61,2,-0.9886501524804714
61,3,0.87918212730009615
61,4,0.069340025182331
62,1,-1.836997439770402
62,2,-1.084726810053556
62,3,0.545959766797092
62,4,-0.12499556278937735
63,1,0.6512148672301447
63,2,-0.6443286656642085
63,3,-1.1165711347503744
63,4,-2.015900948250087
64,1,0.6729822188153206
64,2,-0.8292683304746155
64,3,-0.8846672517673695
64,4,-2.2177851878629835
65,1,-1.500877924613066
65,2,-1.414195721271878
65,3,0.3729539853104414
65,4,-0.250320683148045
66,1,-2.047582091002987
66,2,-0.46456388819634076
66,3,-0.8588428318508262
66,4,0.7987134301642027
67,1,-2.276140054235621
67,2,-0.8411545683201069
67,3,-0.9856683602497198
67,4,0.8527732582193978
68,1,-1.7106558064200288
68,2,-0.39079340312451055
68,3,-1.714875978127152
68,4,1.029608539305457
69,1,-1.984414054161961
69,2,-0.9881461303182815
69,3,-0.8090860748303207
69,4,0.8228959697450073
70,1,-1.183494428878352
70,2,2.286009426241143
70,3,0.4116144783981373
70,4,-0.008236893949436786
71,1,0.6574384551439835
71,2,-0.9123340907572627
71,3,-1.1441202511089372
71,4,-2.1988762165852846
72,1,-2.0708517046590087
72,2,-0.08506428402867204
72,3,-1.6558743284415574
72,4,-0.018573944353512166
73,1,-1.9782002481916154
73,2,-0.05123085237519372
73,3,-1.4561757491013194
73,4,0.2744876786821513
74,1,-2.176760202425338
74,2,-0.23162832177120435
74,3,-1.8056311971069516
74,4,0.13191104297189465
75,1,-1.038976394572245
75,2,2.129033971347969
75,3,0.31556651381546685
75,4,0.006067353419233722
76,1,-2.2279432658730665
76,2,1.1003199346001467
76,3,-1.046209559812604
76,4,0.24016340121566315
77,1,-1.7088739431871038
77,2,0.06070881512860532
77,3,-1.477462658650825
77,4,0.6587599886184823
78,1,2.649122696593455
78,2,0.0874196201208669
78,3,-0.07154439809257711
78,4,-0.1687321654942964
79,1,-1.7171063602449868
79,2,-0.049306069436199654
79,3,-1.6485427691077859
79,4,0.8702790725610172
80,1,2.885791711480442
80,2,0.23501675969435232
80,3,0.08522584669598215
80,4,0.5289464885782674
81,1,3.0476940479752437
81,2,0.09139272027493701
81,3,0.09596171434964182
81,4,0.36157733537532993
82,1,3.0622183963709237
82,2,0.015208639304902976
82,3,0.10778887247642856
82,4,0.49007690490224753
83,1,2.9555284381388574
83,2,0.10122726312815201
83,3,0.2579769229950112
83,4,0.26173661877531934
84,1,-1.2907707974196019
84,2,-1.050933083014219
84,3,1.1041907636273154
84,4,-0.011425575489932385
85,1,-1.2807411753231441
85,2,-0.9763848308989941
85,3,1.024666207910699
85,4,-0.30674521304825303
86,1,-1.3728658974180032
86,2,-0.85133526681024
86,3,0.8969176603439268
86,4,-0.1851403717959672
87,1,-1.2163356698720136
87,2,-0.806686798364605
87,3,0.9122174375176457
87,4,-0.20208226792616454
88,1,2.986823668899055
88,2,0.07712334370337696
88,3,-0.03986980724667933
88,4,0.45689069841900515
89,1,-0.9335127577545848
89,2,2.1970994983944627
89,3,0.3977707306014134
89,4,0.16107751401919013
90,1,-1.6442924596421868
90,2,-0.9497483152906976
90,3,0.8469010212784656
90,4,0.033291630154923195
91,1,3.101457214014425
91,2,-0.07068008861859838
91,3,0.06191681778226974
91,4,0.4023983671377215
92,1,2.851974995315092
92,2,-0.005955585027384695
92,3,-0.14008332702871987
92,4,0.4563301295742445
93,1,0.7026935188345022
93,2,-0.7234637270334735
93,3,-0.7005234022326426
93,4,-1.8988426922937356
94,1,-1.2344141793466152
94,2,-1.0102693766123332
94,3,0.9504555827859
94,4,-0.1197193510738239
95,1,-1.6505466748100788
95,2,-1.1167339888410723
95,3,1.2205489778215257
95,4,0.10028142123866124
96,1,-2.1758770296505907
96,2,1.110745142025204
96,3,0.7754603672873719
96,4,-0.013921270604461385
97,1,2.9332236075672573
97,2,-0.03136387883055873
97,3,0.0350981806783176
97,4,0.32308930039474015
98,1,-1.5295788058340256
98,2,-0.7500045505760984
98,3,1.1657019759154859
98,4,-0.2607301453325419
99,1,-2.087812446454794
99,2,-0.5751486693224707
99,3,-1.0303537301471022
99,4,0.9711918604201433
100,1,-0.0861118951143862
100,2,-1.0222917811268295
100,3,0.4560259921437528
100,4,-0.11617873195861642
101,1,0.20528591442922703
101,2,-0.9271149805984428
101,3,0.5211308518365304
101,4,-0.06299426526999194
