Individual,PC,score
1,1,-1.7358393097163147
1,2,0.3618001584118762
2,1,-1.6579734188714497
2,2,0.3129504138008998
3,1,-1.8528654329599128
3,2,0.30225455428972864
4,1,-1.8968374416636204
4,2,0.2150591830477745
5,1,-1.8633175309482333
5,2,0.4394304518028434
6,1,-1.8020568930777392
6,2,0.1741848020338617
7,1,1.5482402346332154
7,2,0.8306993133233012
8,1,-1.8627516803489
8,2,0.20336488367211858
9,1,1.0953708478591873
9,2,-2.386044196925577
10,1,-1.5646972170816662
10,2,-1.5364535104814439
11,1,-1.5336087368542966
11,2,-0.2211841447516556
12,1,1.0947822651433592
12,2,-1.0847327575453818
13,1,1.4946296275887296
13,2,0.7385636868884722
14,1,-1.6669302954730727
14,2,0.15161361716444205
15,1,-1.6240954874299276
15,2,0.3451850367316313
16,1,1.5001851575427256
16,2,0.7058441832198219
17,1,1.5608482322954509
17,2,0.8306582594877272
18,1,1.5452116110852505
18,2,0.7574373456309874
19,1,1.5091493169056773
19,2,0.8128251319531224
20,1,1.656772208599783
20,2,0.6902241067983197
21,1,1.37793469795519
21,2,0.8973448357821142
22,1,1.2106196295094054
22,2,-2.38296985659402
23,1,1.366918790154129
23,2,1.0471647982408712
24,1,1.6353833662491282
24,2,0.8322634789330379
25,1,1.1022234460092486
25,2,-2.3547487580432547
26,1,-1.7673430546232483
26,2,0.33283112596343106
27,1,-1.6529352470870318
27,2,0.07037089507291279
28,1,1.548442869449212
28,2,0.7577017773829859
29,1,1.7708791860466646
29,2,0.6981878407530017
30,1,-1.6693588004186775
30,2,0.44550841064999025
31,1,-1.595568748909066
31,2,0.2747797512257241
32,1,-1.753521607851785
32,2,0.3062458703972292
33,1,-1.6422326878984999
33,2,0.3651395260215724
34,1,1.6317179736685634
34,2,0.6957841478212663
35,1,-1.9264867579540588
35,2,0.5178139028009584
36,1,1.1183032491294134
36,2,-1.8408787869457748
37,1,1.7625025963944094
37,2,0.6821614173373349
38,1,1.5741708778612964
38,2,0.6208282608105022
39,1,1.6342325585224438
39,2,0.7606262653661265
40,1,1.3132707569471012
40,2,0.7242398290744655
41,1,1.457895847673036
41,2,0.916111508670041
42,1,-1.6332179252859917
42,2,0.1488009262968474
43,1,-1.7192465124806025
43,2,0.2942055726722843
44,1,1.6051343660172581
44,2,0.7142761595529998
45,1,-1.672012292460238
45,2,0.24482639419374558
46,1,1.4060175113708464
46,2,0.9329466650569819
47,1,-1.6366606450225314
47,2,0.2952725983310056
48,1,-1.706914864183791
48,2,0.3769421419261401
49,1,-1.735071795031328
49,2,0.2376305524439112
50,1,-1.6824354760064641
50,2,0.45766115905083116
51,1,1.6393053971491922
51,2,0.6714782487145997
52,1,-1.600088882841606
52,2,0.17427582291304827
53,1,-1.9876945012427218
53,2,0.2223136876597853
54,1,0.9727969885405676
54,2,-1.836298851695049
55,1,1.66094006190424
55,2,0.86597673399414
56,1,1.1080739608399295
56,2,-2.309436367310858
57,1,1.3034049391561766
57,2,0.9764821741590761
58,1,1.497052486515462
58,2,0.5949976510767627
59,1,-1.8105609858874703
59,2,0.24250349208287153
60,1,-1.8193079601052204
60,2,0.29757745386157386
61,1,-1.8612440415761209
61,2,0.2683072607015787
62,1,1.3833189717826364
62,2,-0.9289966223955929
63,1,1.6793638664790291
63,2,0.7030612495425234
64,1,1.5751544494108674
64,2,0.8732917900746882
65,1,1.2611241650265648
65,2,-0.9995088995618733
66,1,1.326501127450934
66,2,-0.8574981094644446
67,1,-1.3703393469889993
67,2,0.3255312569720293
68,1,1.2312750883776018
68,2,-2.191554333408864
69,1,-1.4712438917061217
69,2,0.3654529887795692
70,1,-1.1745430126508867
70,2,-2.2052542737456426
71,1,1.5813764772482959
71,2,0.81031047944322665
72,1,1.3040064939844846
72,2,-1.1193106729767497
73,1,1.098500536941849
73,2,-1.1667565497355736
74,1,1.2962509928687151
74,2,-0.9906670030007206
75,1,1.6883561050995233
75,2,0.7336991658489822
76,1,1.223339858056907
76,2,-1.111520726348044
77,1,-1.6802940809457247
77,2,-0.7255063733235264
78,1,-1.935845471536497
78,2,0.1545869203006214
79,1,-1.6610258557602342
79,2,-0.8659000745255329
80,1,-1.8842556941934419
80,2,0.44752975313656956
81,1,1.0675933259218986
81,2,-2.121213032426669
82,1,0.8834400787371105
82,2,-2.102727895714598
83,1,1.5611825643358015
83,2,0.7646377064330305
84,1,1.3503359691349914
84,2,-1.0883378331523494
85,1,-1.8775512793836628
85,2,0.3943009071807294
86,1,-1.8320515912736965
86,2,0.43544000115638454
87,1,-1.7226030140874886
87,2,0.30031301134679855
88,1,-1.7869122987439734
88,2,0.3539952743393748
89,1,1.4834309704115218
89,2,0.8303571169966313
90,1,-1.7374624589997663
90,2,0.2594986767356229
91,1,-1.6473103466659034
91,2,0.1538859334450511
92,1,1.6403316712056066
92,2,0.7880761466701061
93,1,1.4613802419817818
93,2,0.822163423959668
94,1,1.0983828899282058
94,2,-2.4703467189755757
95,1,-1.617585241491428
95,2,-0.8634674083050631
96,1,1.605959670019402
96,2,0.6059827992294432
97,1,-1.804755781315407
97,2,0.26096916550147453
98,1,-1.2270543789879635
98,2,-2.075431957426509
99,1,1.7225218192995693
99,2,0.8620271732527359
100,1,1.5488546012198534
100,2,0.91864969855392975
101,1,1.5893169823833346
101,2,0.8393116106324725
