Individual,PC,score
1,1,1.5287479198442335
1,2,-0.47198105293534953
1,3,0.20756935236662502
1,4,0.650310119421024
1,5,0.21680024693786007
2,1,1.494696027799037
2,2,2.1240221189673374
2,3,-0.18550762162654233
2,4,0.2068631799442439
2,5,-0.056513656037980996
3,1,1.1757550003550803
3,2,-0.4943499746569536
3,3,0.024222770148163708
3,4,0.7688912945813601
3,5,0.11404653891202517
4,1,1.4520136413968179
4,2,2.0813182597365434
4,3,-0.23629055057261578
4,4,0.1751224716329772
4,5,-0.41380728601192507
5,1,1.405622875809817
5,2,-0.7681239539252408
5,3,-0.9451351404968118
5,4,-0.29238733004069534
5,5,-0.4911052026443925
6,1,-1.3651463444067478
6,2,-0.23562811814335993
6,3,0.2331445882002623
6,4,0.2539258231119714
6,5,-0.2530495993460951
7,1,0.4292882781906776
7,2,-0.5525747763403459
7,3,-0.38042324148705486
7,4,-0.18617462427167072
7,5,0.02505281460305902
8,1,-1.1817287930098244
8,2,-0.1309117982303047
8,3,0.001666087737627239
8,4,-0.6593880822076964
8,5,-0.14750653079577694
9,1,1.2221168792457788
9,2,-0.30414242314573403
9,3,1.2166700596862088
9,4,-0.8635537821365198
9,5,0.34743432183505646
10,1,1.3285851867382927
10,2,0.5556782787459329
10,3,-0.8779571039776319
10,4,-0.5507686705910616
10,5,1.3917135864368413
11,1,-1.1270394144412796
11,2,-0.3284051764721949
11,3,-0.5338126007472048
11,4,-0.29554318412167696
11,5,0.0571206052067756
12,1,1.5909780583766204
12,2,0.0855858961535219
12,3,0.1954606931153464
12,4,0.356538597333867
12,5,-0.582395571148744
13,1,-1.1332195607244748
13,2,-0.0989386145222044
13,3,-0.15835291340564742
13,4,0.023402338804740505
13,5,0.1689954025214639
14,1,-1.3180423755337627
14,2,-0.09381952871099641
14,3,-0.02399573891086743
14,4,0.16963742057858433
14,5,-0.09005882708986157
15,1,1.1859066148344621
15,2,-0.7024695908972078
15,3,-0.9393803296021006
15,4,-0.9176935942035848
15,5,-0.13853810179867487
16,1,-1.005539034905615
16,2,2.000967518237193
16,3,0.0635402622330915
16,4,0.37503654319117663
16,5,-0.29836523129802783
17,1,1.5554369502351297
17,2,-0.42923549161775393
17,3,0.0017995942303287984
17,4,1.070198014112725
17,5,0.13923702868275029
18,1,1.4551272401236186
18,2,2.168518619293613
18,3,-0.19883718768700084
18,4,0.1314671474321604
18,5,-0.3497720864330529
19,1,1.4349148273624293
19,2,1.9495303960405486
19,3,-0.31074435106506765
19,4,-0.006353740369510804
19,5,-0.25906156019043103
20,1,-1.2119540944292535
20,2,-0.17854974141486016
20,3,0.012602852429723045
20,4,0.10167263393515626
20,5,0.24171477583843437
21,1,-1.0587198605283994
21,2,-0.14980387156798053
21,3,-0.5063251269428272
21,4,-0.013455246443119977
21,5,0.2767489934505516
22,1,1.7162982032838219
22,2,0.7979703664362723
22,3,0.32055942909195156
22,4,-0.86386122025983
22,5,0.32142563339783886
23,1,1.4355859723022026
23,2,-0.32435416387459604
23,3,0.40092681152786047
23,4,0.24738453553973835
23,5,0.08393407427211623
24,1,1.5455594033597222
24,2,-0.13962644614856431
24,3,0.2854451893271952
24,4,-0.30139812521810333
24,5,-0.7570184320421873
25,1,1.371403957537803
25,2,0.6954784582094661
25,3,0.38013690764143804
25,4,-0.07175254557221337
25,5,1.169180850156515
26,1,-1.129079581603915
26,2,0.3158919844878258
26,3,-0.057431210393081696
26,4,0.07485304686218111
26,5,-0.12289059480423468
27,1,-1.1468934517936467
27,2,0.23167927313661318
27,3,-0.07522207281932367
27,4,0.12089542168139195
27,5,-0.09446497402196866
28,1,-1.0714527145812878
28,2,-0.06652633963859485
28,3,-0.015312812266441147
28,4,0.06138295137090251
28,5,0.042444107922247114
29,1,-1.2264044321031644
29,2,-0.1736017540059623
29,3,0.1847024396437167
29,4,0.038798781172910864
29,5,0.2926084953958961
30,1,-1.163933999140944
30,2,-0.044707500027643315
30,3,-0.022966204324224127
30,4,0.03525682597018561
30,5,-0.04345514570564481
31,1,-1.2466255361764145
31,2,-0.14912300680575427
31,3,-0.004188049680173908
31,4,0.18955293739635315
31,5,0.38821415467433823
32,1,-0.35279798222719544
32,2,-0.21055322187607972
32,3,-0.6918113505725114
32,4,0.6720428882388919
32,5,-0.039985520466100426
33,1,-1.1515527737805415
33,2,-0.14466404500233798
33,3,0.05288961440061557
33,4,0.25149086626686423
33,5,0.03494155672390346
34,1,1.4028003211096576
34,2,-0.5307211405993298
34,3,-0.9597189034006185
34,4,-0.8085772919642954
34,5,-0.2895506343608705
35,1,1.479745822956993
35,2,-0.35845631439305853
35,3,0.19025770119388283
35,4,0.66945283539995315
35,5,0.025824221112393367
36,1,0.21248769819401486
36,2,-0.22543224952950797
36,3,0.6456339528087838
36,4,-0.9151327459771549
36,5,0.27061668576601233
37,1,-1.1772252612435299
37,2,-0.11926216137881669
37,3,0.03835798413063323
37,4,-0.6943124509465477
37,5,-0.31529765895035894
38,1,-1.3070126766810686
38,2,-0.1892146632191989
38,3,0.05628486885077528
38,4,0.053838637473190856
38,5,0.1398733394250749
39,1,-1.0166417712130837
39,2,-0.16676063048214945
39,3,-0.008925928407241775
39,4,0.005570914173816822
39,5,-0.1384696570560963
40,1,1.2197098717724004
40,2,-0.3106993200185706
40,3,-0.27906057128527134
40,4,-0.2714594822782565
40,5,-0.3612996409424871
41,1,-1.3487051618885195
41,2,-0.035260438050248234
41,3,0.2510513787224567
41,4,0.3107062691864921
41,5,0.03189093544349726
42,1,-0.8312467067712287
42,2,-0.3357941303965725
42,3,0.2212493817537016
42,4,0.08195424155098013
42,5,0.010579896984010217
43,1,1.3101668104181778
43,2,-0.5349350659538118
43,3,-1.1180365645102082
43,4,0.3670639750749121
43,5,0.17068263763950853
44,1,-1.243206496413714
44,2,-0.27724861201694634
44,3,-0.7335127992555054
44,4,-0.01383744894712887
44,5,0.10771840099841261
45,1,-1.058893288622074
45,2,0.022031786027277817
45,3,0.049062182331601395
45,4,-0.011388012721043783
45,5,-0.13657516852047483
46,1,0.6484095284696545
46,2,-0.09772219376092123
46,3,0.9006424592476986
46,4,0.15523988929061333
46,5,0.16769002889422027
47,1,-1.2914998507774655
47,2,-0.09392498025165326
47,3,0.07228145251967949
47,4,0.2530894549939701
47,5,-0.25982938466847405
48,1,-1.36855877604834
48,2,-0.03936179606019001
48,3,0.1404850004380967
48,4,0.10707829632539576
48,5,-0.17401723500360422
49,1,-1.1494777265074383
49,2,0.07907747494268841
49,3,-0.004689540320852059
49,4,0.08692269679151825
49,5,-0.07242652313719682
50,1,-1.341907473481228
50,2,0.036080499065572556
50,3,-0.0263963791163431
50,4,0.1333676482644626
50,5,0.1483887179490582
51,1,-1.2377603050320574
51,2,-0.02675575722324301
51,3,0.14830356364568661
51,4,0.19284741737733446
51,5,0.10549575754325675
52,1,-1.2487225984677919
52,2,0.3025617823031014
52,3,0.006701720824915448
52,4,-0.48096929226277596
52,5,-0.9800524734185424
53,1,1.1771624489428807
53,2,-0.5943642800121637
53,3,-1.1899258506733215
53,4,0.7107313388038156
53,5,0.3038940023454822
54,1,1.1681782648609127
54,2,0.06921585092012984
54,3,0.9869610151291834
54,4,-0.2781806911980583
54,5,0.9716105795172981
55,1,0.8550559647936876
55,2,0.002845067218846436
55,3,0.836650723604004
55,4,-0.1809223359970354
55,5,0.5930976619067319
56,1,-1.0966304514406862
56,2,-0.014801863918897838
56,3,-0.09068079820641493
56,4,0.14493116553832985
56,5,0.1858386209622962
57,1,0.7596185568745695
57,2,-0.5005189906344097
57,3,0.856948405736611
57,4,-0.4837011707208964
57,5,-0.26514403469291553
58,1,1.4747196650786694
58,2,2.1212875860189047
58,3,-0.31276279266447987
58,4,0.11366154830464134
58,5,-0.3831073514555383
59,1,1.3600017691727992
59,2,-0.49823826853539205
59,3,0.3045930199504061
59,4,1.03155912316873
59,5,0.08871761258056657
60,1,1.2802336704446322
60,2,-0.48152348211589396
60,3,-1.082648141193146
60,4,0.7530122928599892
60,5,0.1069078028494523
61,1,1.240017718901723
61,2,-0.006847190213374285
61,3,1.143793685955755
61,4,-0.9594047472426444
61,5,0.4345043466512077
62,1,0.5321844214570529
62,2,-0.537132532514514
62,3,0.6056059096677987
62,4,0.2581845806384626
62,5,0.28247514463439705
63,1,-1.2662453303849015
63,2,0.0065410690321664675
63,3,0.19344988685660977
63,4,-0.08683428385960591
63,5,0.04259689522340061
64,1,-1.1231370079293688
64,2,-0.24414583713658244
64,3,0.11990095446533254
64,4,0.024338954000911826
64,5,0.09398998820237674
65,1,-1.4848996416722329
65,2,-0.1406848041516458
65,3,-0.015506111711859049
65,4,0.1575762741525854
65,5,0.24054014690864492
66,1,1.40503796530681
66,2,0.5727250683379613
66,3,0.11309694709247242
66,4,-0.04743767919569725
66,5,1.096144962943649
67,1,-0.9502350985104832
67,2,0.8067064050618112
67,3,-0.083862017281627
67,4,-0.16069390746727677
67,5,1.0294905610345693
68,1,1.1838005139824086
68,2,-0.45011913128802905
68,3,-0.40100610962281663
68,4,0.8933748140301904
68,5,-0.052292012982227055
69,1,1.4896644819470528
69,2,-0.41436080795608515
69,3,0.12463309763195608
69,4,0.8774114630667932
69,5,0.08617390764887196
70,1,1.4205268614758524
70,2,-0.5606013216014568
70,3,0.39221327888132335
70,4,-0.5644194778251682
70,5,-0.2494078998266315
71,1,-1.3081257245335112
71,2,-0.14741497719295066
71,3,-0.04769685161259596
71,4,0.22068229048811974
71,5,-0.05656138795516388
72,1,-1.2528136052382162
72,2,0.3521868391833429
72,3,0.21112244357983634
72,4,0.08891932383011665
72,5,-0.572219078412386
73,1,-1.2593298331845162
73,2,0.31925633438571466
73,3,0.17870886019319984
73,4,0.01363324493345013
73,5,-0.7609636679184473
74,1,-1.2339398660930592
74,2,0.29095534031834575
74,3,-0.05452143136651313
74,4,0.2907755100075077
74,5,-0.5697298109982019
75,1,1.1787221913205481
75,2,-0.6094115217394324
75,3,0.3879341742913625
75,4,0.7448228635681696
75,5,-0.07259318784723497
76,1,1.3697376106651626
76,2,-0.40181605879473753
76,3,0.05304075906583128
76,4,0.9121644753749072
76,5,0.0041611302389217815
77,1,-1.108253394319272
77,2,0.13177951422345033
77,3,0.1787261606568133
77,4,0.2920044675361297
77,5,-0.6204638025805436
78,1,1.6195154512731242
78,2,-0.25449051171439335
78,3,0.6253608774327243
78,4,-0.14028745708383797
78,5,-0.9452696398039007
79,1,1.5918345532104445
79,2,-0.1384991097428399
79,3,0.5722577029636248
79,4,-0.2755033500027264
79,5,-1.0056040868236957
80,1,-1.0087541298894773
80,2,-0.45912168285715843
80,3,-0.573595184802386
80,4,-0.017474653368352504
80,5,0.18276616653433325
81,1,0.623655004840036
81,2,-0.7184723865471969
81,3,0.9457030463616918
81,4,-0.6727259985565959
81,5,3.3553769983786307e-4
82,1,0.5626564854599846
82,2,-0.772402412979868
82,3,-0.4913476815521472
82,4,-0.886602665270918
82,5,-0.027321478602492743
83,1,1.2707106021977301
83,2,-0.44578355647055895
83,3,-1.0165710132945547
83,4,-0.7480715806033591
83,5,-0.45471538150792895
84,1,1.233078868329644
84,2,-0.43941956318188957
84,3,-0.958638259587734
84,4,-0.9531658348995871
84,5,-0.1824746106509464
85,1,-1.1083694086710767
85,2,-0.10707385157270692
85,3,0.010155904406870178
85,4,-0.7208503091897264
85,5,-0.24932302578574098
86,1,-1.2656890513650436
86,2,0.0034304272714628446
86,3,0.26689560530912304
86,4,0.18569708411038527
86,5,0.2220889857677444
87,1,-1.2046592090172468
87,2,-0.09914252946809533
87,3,-0.7478613002200437
87,4,-0.022261928278689162
87,5,0.28266701340008116
88,1,-1.0452369142590685
88,2,-0.3674720849166835
88,3,0.09548738558533468
88,4,-0.5191030149672436
88,5,-0.4099680853934632
89,1,1.3637461494844252
89,2,-0.7776720944278275
89,3,-0.116927251644244
89,4,0.7474950683326692
89,5,0.14941609103886502
90,1,0.5824246194752644
90,2,-0.47603010321736805
90,3,0.8632623653094993
90,4,0.1195804471045602
90,5,-0.06629395095962559
91,1,-1.3770386230702842
91,2,-0.17751020270370532
91,3,0.16248637949407885
91,4,-0.026387722587311906
91,5,0.18960488031798517
92,1,0.42167529960125133
92,2,-0.40477529964535
92,3,-0.34193061491989857
92,4,-0.1392027945497687
92,5,0.16240352329597188
93,1,0.6381116280680583
93,2,-0.23590789282163488
93,3,0.7443262898647621
93,4,0.23917158154142562
93,5,0.1953620458614945
94,1,-0.9639539706177638
94,2,1.0836493281382487
94,3,0.05297852893909935
94,4,-0.5100204884858646
94,5,1.0944337040709742
95,1,0.8387347016881238
95,2,0.15168128436036749
95,3,-1.3295245586986741
95,4,-1.0664250435722948
95,5,0.3298611539049354
96,1,-0.9398060164254167
96,2,2.0922124274864333
96,3,-0.023042349107317475
96,4,0.2015073043996151
96,5,-0.12358425823812054
97,1,1.4939706541833098
97,2,0.1341852707833294
97,3,0.5394493655825815
97,4,-0.026749367227598807
97,5,-1.0737745091667674
98,1,-1.2037177588518593
98,2,-0.15585981664678314
98,3,0.032551265333033416
98,4,0.1891577278674829
98,5,0.07789582676859513
99,1,-1.3341241946213926
99,2,-0.03173115265084431
99,3,-0.21473507872458733
99,4,0.27484300950632884
99,5,0.09195916645879462
100,1,-1.373104955799101
100,2,-0.12837374003808544
100,3,0.24839175893198195
100,4,0.19981547418910786
100,5,0.22591157934878622
101,1,-1.317080984324618
101,2,-0.25969142182123506
101,3,0.23848359323657287
101,4,-0.37247416915333526
101,5,-0.24890488934420935
