Individual,PC,score
1,1,0.05903692611549208
1,2,0.10539642514922272
1,3,0.03055960567428769
2,1,0.10371355758933601
2,2,-0.2735202101105853
2,3,0.02582860019274263
3,1,0.18082905688523968
3,2,-0.19897576162634253
3,3,0.04882120798790223
4,1,0.22077002966260997
4,2,-0.24598336828489187
4,3,-0.06764667902489084
5,1,0.005282000258392551
5,2,-0.016727991273177943
5,3,0.1394927008397381
6,1,-2.684574909311471
6,2,0.1932691314306592
6,3,-0.07078825319187618
7,1,0.2607850893441983
7,2,0.049103838446162236
7,3,0.2127102961630447
8,1,0.09632763033057636
8,2,-0.17575633049840667
8,3,-0.2733014395419195
9,1,0.2044176576224309
9,2,-0.2243862998602702
9,3,0.24894844789976692
10,1,0.31816767496676474
10,2,0.0063615369164095915
10,3,-0.1498571237578856
11,1,0.26610750782191
11,2,0.06310276049948672
11,3,0.05368089872103018
12,1,0.17820341620404892
12,2,0.75358159972208
12,3,-0.0377954719706008
13,1,0.17247416263795765
13,2,-0.1566045589621781
13,3,0.12992843975485965
14,1,0.09883230031404848
14,2,0.03272164460309689
14,3,-0.2371285173642367
15,1,-2.7363460699273667
15,2,0.3031251212147472
15,3,-0.47710110199128536
16,1,0.05394678177197121
16,2,0.08240959095784264
16,3,0.2541953257720447
17,1,0.3559811347294741
17,2,0.12490971318050338
17,3,0.16797504104682442
18,1,0.2825678186847264
18,2,-0.174676883314143
18,3,0.17593842515731575
19,1,0.08771914375794058
19,2,0.06431870713441176
19,3,0.2987602355618858
20,1,0.2337347997004803
20,2,-0.29210560788501166
20,3,-0.07048231726220013
21,1,0.11056834046671622
21,2,-0.1633431812990142
21,3,-0.720881788166838
22,1,0.0910297644303097
22,2,-0.07571842597550467
22,3,0.10317313268351123
23,1,-2.8368312105565634
23,2,-0.344982383007844
23,3,0.5826546420028136
24,1,-2.549267614869595
24,2,0.01949370096022146
24,3,-0.12704139428334904
25,1,0.061166274354417405
25,2,-0.3066632362442275
25,3,0.4687328182416186
26,1,-2.460364770673969
26,2,0.058570308594226995
26,3,-0.02490250904553063
27,1,-2.6380713768451063
27,2,-0.09689918239482903
27,3,0.011047337035995327
28,1,0.1314659853968871
28,2,-0.2208227336494001
28,3,0.04683178199914375
29,1,0.2115128597902109
29,2,-0.14710190701406145
29,3,0.01029152439553563
30,1,0.41259044396392164
30,2,0.13028105389578643
30,3,-0.12702972322957698
31,1,0.17924369713947574
31,2,-0.24567431999775668
31,3,0.08082360728531028
32,1,0.030590290257288655
32,2,0.04850046835203213
32,3,0.03632209618861057
33,1,0.13080860312498313
33,2,-0.16405453119561583
33,3,-0.036214838098029015
34,1,0.23007387329407059
34,2,-0.17951930847569986
34,3,0.009907121359805605
35,1,0.2711352966053581
35,2,-0.18977475004020058
35,3,-0.04125916772148597
36,1,0.05394477119562448
36,2,0.11240015241398812
36,3,0.11811291917074569
37,1,0.10425129535949477
37,2,0.17717828215419387
37,3,0.0655752035823441
38,1,-0.012487359901693803
38,2,-0.2018777470086214
38,3,0.23445831495421904
39,1,0.12198682458107608
39,2,-0.13777514599306742
39,3,-0.07990253903622033
40,1,0.2070824850461897
40,2,0.034725201459100734
40,3,-0.5850020429713317
41,1,0.3543979406471338
41,2,0.026873736933613775
41,3,-0.07657383650996387
42,1,0.1730008562469795
42,2,-0.1062410720702559
42,3,-0.06751740837596809
43,1,0.009458650331629959
43,2,0.03507274643033888
43,3,-0.011016647573844244
44,1,0.20510142539166795
44,2,-0.20131146421863352
44,3,-0.03630621130614135
45,1,0.1632645203298879
45,2,0.10379389851782594
45,3,0.1396048270295437
46,1,0.09691834674618888
46,2,-7.158624041328676e-4
46,3,0.10376705351959474
47,1,0.14149665634729933
47,2,-0.006071361755975127
47,3,0.13161792894329868
48,1,0.021122317591390456
48,2,-0.2622305164928739
48,3,0.053188333900870945
49,1,0.24415846562405535
49,2,-0.033850636688380877
49,3,0.19807566892228679
50,1,0.38633457652883824
50,2,-0.12015628368473245
50,3,0.0337782086920951
51,1,0.20434711206383988
51,2,0.1351561429590142
51,3,0.09118635146227594
52,1,0.3576941281631902
52,2,0.013500051720504438
52,3,0.007626785497710234
53,1,0.14306822627465718
53,2,-0.17767500872688194
53,3,0.17189366493651098
54,1,0.30150706299156266
54,2,-0.17704669715482405
54,3,-0.09794881449906725
55,1,0.23877834688342264
55,2,0.12750518033789618
55,3,-0.010618384662960233
56,1,0.27132214565738655
56,2,-0.25946031671407027
56,3,0.19471211540781538
57,1,0.16015007010033078
57,2,0.0418402250169838
57,3,0.035828433010964326
58,1,0.19441835415477515
58,2,0.03784605931883966
58,3,0.017024586074892902
59,1,0.27202563052594164
59,2,0.08875883364779447
59,3,0.0809966740682196
60,1,0.11141140433088882
60,2,-0.17292477226418465
60,3,-0.1739062296846263
61,1,0.15009943082074526
61,2,-0.03876712848740617
61,3,0.26896138178717505
62,1,0.2508229505180033
62,2,0.03772868956558986
62,3,-0.017383196757515727
63,1,0.3111894268185177
63,2,-0.1692693062488717
63,3,-0.047230752678739836
64,1,0.02722248456619609
64,2,-0.19769049128484495
64,3,-0.04257743212572329
65,1,0.3095156128924276
65,2,0.15058163807813268
65,3,-0.19229618572797239
66,1,0.1815566501731303
66,2,-0.07341397194893538
66,3,-0.11123390212215022
67,1,0.20481817836043117
67,2,-0.15688791443654518
67,3,0.10651471075582611
68,1,0.38685742116823635
68,2,-0.028020459795534677
68,3,0.03730743935808692
69,1,0.12355320769508792
69,2,-0.013350120832533502
69,3,0.05607860688969327
70,1,0.10072162543496495
70,2,-0.1121057602841765
70,3,0.05940278421004395
71,1,0.21777141181288867
71,2,-0.16903845189301936
71,3,-0.10063372072627776
72,1,0.49889927301387227
72,2,1.1132423784695427
72,3,0.13824826088654127
73,1,0.30910467610239645
73,2,1.1373191948445045
73,3,-0.09991778697363887
74,1,0.2359688301768457
74,2,1.014194288718222
74,3,0.2231764282791884
75,1,0.3162301782609598
75,2,-0.08033144522352674
75,3,-0.20015205665266725
76,1,0.49022874233220576
76,2,-0.2807141604579266
76,3,-0.15893015396204221
77,1,0.22921739832539129
77,2,0.7543631447307566
77,3,0.08571302306552998
78,1,-2.552901022337483
78,2,0.10624528883221895
78,3,-0.04314008511860453
79,1,0.2622264741486067
79,2,0.9527553663838741
79,3,0.07891894607115296
80,1,0.3390432304696002
80,2,0.1256220248150031
80,3,0.22376127305772037
81,1,0.24088363196960555
81,2,0.04850540311791125
81,3,-0.2438083000731696
82,1,0.16255153392921473
82,2,-0.13897188496366011
82,3,0.12181968335293028
83,1,0.12575985686047084
83,2,-0.22112744508146612
83,3,0.1009378881386192
84,1,0.28059897802672573
84,2,-0.1686104302732265
84,3,0.011816967683470996
85,1,0.32116451233514676
85,2,-0.025915318124820334
85,3,0.03766075061085366
86,1,0.3364082254145944
86,2,-0.20306698603778253
86,3,0.059251346897366414
87,1,0.1363956037844715
87,2,-0.05113867858843957
87,3,0.001737764586462805
88,1,0.08365446568006317
88,2,0.135677143422223
88,3,0.03293845710790316
89,1,0.18039099801354286
89,2,0.0019216505261553276
89,3,0.09356811928947123
90,1,0.2695362652562863
90,2,-0.09780518324102219
90,3,0.16007609946854848
91,1,0.009947046422870469
91,2,0.06734394487557673
91,3,0.15672368290322874
92,1,0.1974908724803744
92,2,-0.10502778351284975
92,3,-0.1844338900465958
93,1,0.1347434269906081
93,2,-0.19646707001198396
93,3,0.015399608375080507
94,1,0.2783485345626396
94,2,-0.08760149155007078
94,3,0.13234542292308976
95,1,-0.014633051831836755
95,2,-0.04686365071717514
95,3,-0.01398639399758728
96,1,0.1815354135557084
96,2,-0.003475717156480423
96,3,-0.0373827547253166
97,1,0.17955858974118014
97,2,0.1261415282922152
97,3,-0.14509833086921806
98,1,0.21250679386205668
98,2,-0.15976033513179388
98,3,0.08778688396718272
99,1,0.042753588949354604
99,2,-0.04019786173792702
99,3,-0.10893737577392056
100,1,0.3244416022964039
100,2,-0.12153779039173651
100,3,-0.7804273674620716
101,1,0.2654365126985753
101,2,-0.00365310293935135
101,3,-0.9764237597393096
