Individual,PC,score
1,1,0.5744938377234445
1,2,0.4341741494714487
1,3,0.5837347646059475
1,4,-0.13994930850806642
1,5,0.08204556691639689
1,6,0.8468341235150383
2,1,-0.07731644512126022
2,2,-0.10703406146331591
2,3,-0.14251283877602425
2,4,-0.5287519194857616
2,5,0.7387479805843421
2,6,0.4898713576279035
3,1,-0.3629879177136699
3,2,0.23505559568135542
3,3,0.06188634928472955
3,4,-0.48632716183374886
3,5,0.8184919861537495
3,6,0.698814257819289
4,1,-0.8676090826839483
4,2,0.23282162961395828
4,3,0.061192431260228525
4,4,-0.26643869023282396
4,5,0.09445436406972127
4,6,-0.10777977002803552
5,1,-0.604095280345537
5,2,0.3243267331687669
5,3,0.2374614474717408
5,4,-0.2239419185568554
5,5,0.36332664430917744
5,6,-0.09694093887887058
6,1,-0.15272057585859172
6,2,0.037590495306417566
6,3,0.40429793853499146
6,4,-0.14970460097339996
6,5,-0.4518707338676037
6,6,-0.011296269833717643
7,1,-0.3510457759911149
7,2,-0.030251360744849624
7,3,0.8658329092692834
7,4,0.399879518517459
7,5,-1.1644642339076132
7,6,-0.0911765241350485
8,1,0.3048226311188401
8,2,0.2538703127371938
8,3,-1.2120300879244188
8,4,0.2828615178801231
8,5,-0.4782297231932156
8,6,0.1313036926979592
9,1,0.6555430288472085
9,2,-2.261346148381433
9,3,0.4373673214404756
9,4,-0.14500163878367653
9,5,-0.022459743680227604
9,6,-0.01856835232624132
10,1,0.382133713327815
10,2,-2.370993546341215
10,3,0.2869206730947381
10,4,-0.149792585410038
10,5,-0.024174072647058342
10,6,0.1555803293820076
11,1,-0.37410010550429496
11,2,-0.2531952173778437
11,3,-1.2400299748786412
11,4,0.3580087247059654
11,5,-0.1686863838394356
11,6,0.7544347023352429
12,1,-1.0504403231883757
12,2,-0.027915595718610867
12,3,-0.046395497010510885
12,4,-0.3727957861841307
12,5,0.12472103778028443
12,6,0.011135537387252894
13,1,-0.7273538144949826
13,2,-0.20766691525335815
13,3,-0.07696455763137422
13,4,-0.18739125627831782
13,5,0.034629584247071014
13,6,-0.003388372669192859
14,1,-0.6155497794424256
14,2,0.16866863860672832
14,3,0.035819495172652656
14,4,-0.1544048002319717
14,5,0.2378974609502273
14,6,0.12595649624318242
15,1,1.04456413372848
15,2,0.5766107085502927
15,3,-0.13491359344279755
15,4,-0.17679251884203734
15,5,-0.1819399221501363
15,6,-0.07485369777801688
16,1,1.2218153766878976
16,2,0.5087857448390363
16,3,0.008962150853776272
16,4,-0.32071627192143687
16,5,0.07780424222573287
16,6,0.2248964121712745
17,1,-0.614545275087207
17,2,0.06889294185827106
17,3,-0.0703248326125199
17,4,-0.1018154825581253
17,5,0.14003156976325934
17,6,-0.13438360106314004
18,1,1.5429960406286392
18,2,0.30502050015757065
18,3,0.07069346734275574
18,4,-0.25296481589759184
18,5,-0.20853724216050057
18,6,0.26737428243444616
19,1,1.2956646226863882
19,2,0.46369706911349606
19,3,0.13124321760051336
19,4,-0.12057523684242617
19,5,-0.043214098754856885
19,6,0.16232412708420663
20,1,-0.5864720876637951
20,2,0.10532582446636982
20,3,0.03718166777721193
20,4,-0.11723165127027488
20,5,-0.07018880706091761
20,6,-0.12844644819370837
21,1,1.1045119815776263
21,2,0.2199039661994
21,3,-0.33531654461493327
21,4,-0.1738766600604273
21,5,-0.19150540312341433
21,6,0.10097029298721141
22,1,-0.541920818214273
22,2,0.12025612465680446
22,3,-0.04306871607393592
22,4,-0.3577822904705119
22,5,0.0020698171654963647
22,6,-0.0859669790855743
23,1,-0.7346981516654403
23,2,0.0887637657645434
23,3,-0.2142290837260012
23,4,0.032061246964987695
23,5,0.012579364294987662
23,6,0.07607851358396395
24,1,-0.45418550623990805
24,2,0.187306499874705
24,3,-0.01919345167437536
24,4,0.021639802671434012
24,5,0.04543100674130168
24,6,0.061464409581629784
25,1,-0.8254895175341597
25,2,0.295571051472153
25,3,0.11554427273703749
25,4,-0.028323412931612155
25,5,0.20624715933801413
25,6,-0.08136474929422946
26,1,-0.851121297023036
26,2,0.24620484977589038
26,3,0.5519823793683024
26,4,0.46556322454550886
26,5,-0.9785466151190615
26,6,0.0065089554590311806
27,1,-0.7734579482565657
27,2,0.10070115109126672
27,3,0.2148121505188511
27,4,-0.10071586336244856
27,5,-0.46547372872506776
27,6,0.21324436421139756
28,1,-1.0039802422298953
28,2,0.1532685296490403
28,3,0.45245809876066917
28,4,0.44878073581015354
28,5,-0.6052412023804825
28,6,-0.40059806945909865
29,1,1.0220453081253453
29,2,0.5591119319076485
29,3,0.5873545638342946
29,4,-0.1812327639658086
29,5,0.13587053788124712
29,6,-0.07104597763920575
30,1,-0.5990553200088886
30,2,0.036624500261670134
30,3,0.11053560129420334
30,4,1.011928752321164
30,5,0.5070622398189258
30,6,-0.03161942404836712
31,1,-0.6206678440188264
31,2,0.29438810844779517
31,3,0.22047982860478577
31,4,0.6687922474709205
31,5,0.3968220214330308
31,6,0.05756788915903268
32,1,0.636709200910224
32,2,0.5526679260114932
32,3,0.5379538941113846
32,4,-0.42226073592312147
32,5,0.2934620286377176
32,6,-0.07011117136038238
33,1,-0.2629265625673621
33,2,-0.10259839405586846
33,3,-1.3006785280622732
33,4,0.24280053687592326
33,5,-0.4285988065006136
33,6,0.6425513738610551
34,1,0.1532871521013781
34,2,0.13684631139346534
34,3,-0.6868226091882894
34,4,-0.2954809634784916
34,5,-0.08650011291071986
34,6,-0.6800261886204645
35,1,-0.6339008091649733
35,2,0.0469056826573195
35,3,-0.026465898849351084
35,4,-0.05673482261957379
35,5,0.29961946098137654
35,6,-0.02680572683938986
36,1,1.118723289866749
36,2,0.6134143032345954
36,3,-0.004389341652386983
36,4,-0.16891098487605358
36,5,-0.04471333895648699
36,6,0.36936745771311613
37,1,-0.6260925339774255
37,2,0.00763978625821514
37,3,0.10900102068075385
37,4,-0.10789113540990199
37,5,0.2675651922197555
37,6,0.12666894940500187
38,1,-0.5761527162012285
38,2,-0.045275861473077404
38,3,0.05416959294001573
38,4,-0.1251405325174281
38,5,0.08239682901910331
38,6,-0.2132178306092638
39,1,0.749891164088796
39,2,0.4802202702744134
39,3,0.5014855712261048
39,4,-0.1235617414943496
39,5,0.2213079191713419
39,6,0.23906594554406174
40,1,0.29422209759015194
40,2,-0.06492698459215548
40,3,-0.888286897428756
40,4,-0.12350523001475601
40,5,-0.15162224211783482
40,6,-0.5297779609359919
41,1,0.7649074693958259
41,2,0.43573686123658406
41,3,0.6289457181128324
41,4,-0.26494940616251506
41,5,0.25438350801352305
41,6,-0.16468067069747314
42,1,1.2931448642255847
42,2,0.46743038036868345
42,3,0.0020923431303123147
42,4,-0.2807310852506849
42,5,-0.0768059964755836
42,6,0.20503742531260735
43,1,-0.16023122010528348
43,2,-0.2105629558311582
43,3,-1.0163983637186136
43,4,0.11221480746374185
43,5,-0.7016521210764195
43,6,0.5016745123667092
44,1,-0.5661549187889803
44,2,0.019217778493287426
44,3,-0.01974629029883849
44,4,-0.05394790007839726
44,5,-0.2789795479163667
44,6,-0.08380823074687148
45,1,-0.7881746113475846
45,2,0.25702614671789226
45,3,0.06114984460809148
45,4,0.8881848833640169
45,5,0.64489891948048494
45,6,-0.05141678097619079
46,1,1.0026094739647753
46,2,0.3304020229822107
46,3,0.01251387807313481
46,4,-0.2395175113948552
46,5,-0.2006941334742515
46,6,-0.04978687807329837
47,1,-0.7159811516536585
47,2,-0.014006506143031157
47,3,-0.08046747411850608
47,4,0.8616586098314506
47,5,0.5419776317830338
47,6,-0.08596527557980008
48,1,1.4282274757027822
48,2,0.3616369311738228
48,3,-0.020019688419210636
48,4,0.8569230722669042
48,5,0.31095887111320025
48,6,0.036112684733840966
49,1,1.4315083015579795
49,2,0.16800296435695786
49,3,0.15543301213100652
49,4,0.6503943782505067
49,5,0.276094708754315
49,6,-0.20821666062008398
50,1,1.447401352941608
50,2,0.1565697518111875
50,3,-0.01892440774730261
50,4,0.816228234261178
50,5,0.4491025092284174
50,6,0.07055935620037412
51,1,-0.8990690192811615
51,2,0.07291409012994476
51,3,-0.07663485016334336
51,4,-0.1884818218180056
51,5,-0.39564199906612113
51,6,0.30497862443895335
52,1,-0.8221231563791834
52,2,0.03375024520230117
52,3,-0.020442921251641807
52,4,-0.3827672256178953
52,5,0.21680900459159136
52,6,-0.09760595744116186
53,1,1.3287836564284787
53,2,0.355636237454616
53,3,0.18245986014176524
53,4,-0.10974938364239989
53,5,-0.12033095595302536
53,6,0.31171152308858585
54,1,-0.8825538500305402
54,2,0.2152848029846401
54,3,0.025347291575985458
54,4,-0.18896767177757542
54,5,0.18099302029151293
54,6,-0.1548280913628822
55,1,0.5162437613466829
55,2,-2.3189287788242896
55,3,0.19910262900890474
55,4,-0.07331220587721375
55,5,0.02426879496827452
55,6,0.21222758641993336
56,1,-0.6189685542982836
56,2,-6.62548572689709e-4
56,3,0.2093754401183839
56,4,-0.4042995078963062
56,5,0.041862916485103326
56,6,-0.06889608483871681
57,1,0.01066670004656162
57,2,-2.131602692904174
57,3,-0.4508196984667736
57,4,-0.22170706757723757
57,5,0.2933644238627818
57,6,-0.021583835023020564
58,1,1.3443924081808993
58,2,0.2525653478546669
58,3,0.10086281112791373
58,4,-0.313401150021526
58,5,0.03330486407683703
58,6,-0.15073056436108231
59,1,0.9064451891825073
59,2,0.4240575934847564
59,3,0.7273293193335048
59,4,-0.18561141589416233
59,5,0.2470809208179336
59,6,-0.071721385757430145
60,1,-0.8769926037575867
60,2,0.1255794910358129
60,3,-0.14587442441218765
60,4,-0.015967931623114676
60,5,-0.20061002281124984
60,6,-0.1772259119566041
61,1,-0.5967435269644548
61,2,-0.23771481900711028
61,3,0.17786685368087124
61,4,0.09205672425669228
61,5,0.014371485118175239
61,6,-0.08781364257378095
62,1,-0.47251273507905034
62,2,0.17674706116407518
62,3,0.8828373534986632
62,4,0.1399560739952517
62,5,-0.7033237355802335
62,6,-0.19721806095818162
63,1,-0.798937442264141
63,2,0.001299210688369935
63,3,0.060059728460696904
63,4,-0.2980886547280585
63,5,0.07675742806367082
63,6,0.12275109537815189
64,1,-0.6757850422433189
64,2,0.08031258816838543
64,3,-0.19807570863453824
64,4,-0.29816185878268114
64,5,0.2719852849894633
64,6,0.067602808376623
65,1,-0.7772047605142111
65,2,0.03508853184982999
65,3,-0.16795835131509573
65,4,-0.2162028048404127
65,5,0.19328696306605495
65,6,-0.04053553125397097
66,1,-0.8089657303014641
66,2,0.10820615748636139
66,3,0.19906932265038002
66,4,-0.12551654016152838
66,5,0.19522337383448687
66,6,0.03642863882664033
67,1,-0.7644349697313083
67,2,0.08078748532040492
67,3,0.0733158976793898
67,4,-0.022445429965044686
67,5,0.14296085993720292
67,6,0.1215923754337713
68,1,1.150847121737243
68,2,0.6132976535664452
68,3,0.005709151682589619
68,4,0.03364109179654303
68,5,-0.10869976735920418
68,6,-0.14471529753634926
69,1,-0.1115753658765474
69,2,-0.02919693090360552
69,3,-1.1337878390839875
69,4,0.3923439921151094
69,5,-0.5172787491536128
69,6,0.5946298454558228
70,1,1.461815419224779
70,2,0.3390455791031245
70,3,-0.07611033600526894
70,4,-0.11381212877543224
70,5,-0.1886775894045303
70,6,0.17097683151136206
71,1,1.40906234944595
71,2,0.2853814565901042
71,3,-0.0851223991644318
71,4,0.7009715025711737
71,5,0.3402248515999093
71,6,-0.14080012363201147
72,1,1.2767364291649757
72,2,0.20887127441057876
72,3,0.0037364876584925722
72,4,-0.12420853489126789
72,5,-0.0871707325776985
72,6,-0.020161170892725278
73,1,1.0401248904417009
73,2,0.24441814700726094
73,3,0.024979892557921414
73,4,-0.07785767020874879
73,5,0.0168585176963403
73,6,-0.04036586614909005
74,1,1.3062380621524434
74,2,0.12074880385954856
74,3,0.1657816383880992
74,4,-0.07913506763144598
74,5,-0.11045224262413372
74,6,0.0650814769058145
75,1,-0.6949007143721638
75,2,0.1449850505069549
75,3,-0.04657713813069687
75,4,-0.004618752166679854
75,5,-0.2444537570906307
75,6,0.08631886170894174
76,1,-0.741931136614807
76,2,-0.055596024265088397
76,3,-0.1624850407814656
76,4,-0.3138522687937148
76,5,0.21375722330046243
76,6,-0.016179090262524586
77,1,-0.7717225443573016
77,2,0.1556086032947047
77,3,0.07232885328565158
77,4,0.5669126047065502
77,5,0.5980245795702055
77,6,-0.008179581503871552
78,1,1.2266873357724037
78,2,0.38581730866261565
78,3,-3.340597915450148e-4
78,4,-0.010443206346116181
78,5,-0.07596621293850075
78,6,-0.226846608000926
79,1,-0.7472094134422711
79,2,0.2670945305266002
79,3,0.037214477944250896
79,4,-0.3924860101849376
79,5,0.08771167691551772
79,6,-0.017200668137097926
80,1,-0.48612048380588735
80,2,-0.05362719226202834
80,3,0.17641928768238632
80,4,0.720324172871978
80,5,0.7475629215758939
80,6,0.04584801968929714
81,1,0.11150844369582592
81,2,0.29837280416490763
81,3,-0.7461225917010699
81,4,-0.32777430955664677
81,5,-0.06157575645919285
81,6,-0.7084440607418894
82,1,-0.8066515448363145
82,2,0.19947603986097417
82,3,0.14617546187534436
82,4,-0.144216497131796
82,5,-0.13511550086285928
82,6,-0.10874361028848557
83,1,0.07998486402966555
83,2,-0.06852222263525641
83,3,-0.615641401266472
83,4,-0.08338318753143623
83,5,-0.02552658670852051
83,6,-0.6597229685433793
84,1,0.2966840727660353
84,2,-0.018482716295934728
84,3,-0.8465440695204125
84,4,-0.16553081473335268
84,5,-0.2682906697556538
84,6,-0.6230642525336285
85,1,1.0429146249876335
85,2,-2.0602026923838452
85,3,0.07278027130181951
85,4,-0.1775273701207208
85,5,-0.13616966763445024
85,6,-0.6247724434107079
86,1,0.6678166684565313
86,2,-2.157524721745084
86,3,0.25583049142242203
86,4,0.6063150404712465
86,5,0.3358734986803849
86,6,-0.05442251052053946
87,1,0.42706894796600925
87,2,-2.214387598843492
87,3,0.37181096002368175
87,4,-0.357012944948517
87,5,-0.07614076400150997
87,6,0.19129137993099649
88,1,0.22907972893916
88,2,0.016656563669104126
88,3,-0.6447374130826956
88,4,0.7687868828135637
88,5,0.3701184147937161
88,6,-0.5191334576415971
89,1,-0.7781932821607406
89,2,0.12904491106542873
89,3,0.16350606138552815
89,4,-0.22331278710232186
89,5,0.15627254207462832
89,6,0.20351562343930185
90,1,-0.4789054130647754
90,2,-0.002489663644899141
90,3,0.9759740844307794
90,4,0.032178529321624814
90,5,-0.7464544683554664
90,6,0.04300318282438185
91,1,-0.38844758976970006
91,2,-0.05374290317079022
91,3,0.6801628394890441
91,4,1.0964267412913398
91,5,-0.5862240007687127
91,6,0.22858641245248829
92,1,-0.2802339880998638
92,2,0.0758269944557687
92,3,0.8711734057857922
92,4,0.4567841027964372
92,5,-0.6854421998935847
92,6,-0.07779555591668302
93,1,-0.6329321155632416
93,2,0.12628870781226015
93,3,-0.06055751793901258
93,4,-0.31367951318201925
93,5,0.003165103381792079
93,6,0.05784395523401431
94,1,-0.7039043811010807
94,2,0.22900528896899575
94,3,-0.01989030121904213
94,4,-0.14161845472599613
94,5,-0.01041523512915081
94,6,-0.2917274683368051
95,1,-0.6971358859572258
95,2,0.108624597621919
95,3,-0.03838700557092728
95,4,-0.3025616980584839
95,5,0.19212117286693792
95,6,-0.08038035978303898
96,1,1.2931473799812658
96,2,0.475442794650319
96,3,-0.10673248739266762
96,4,-0.07371098976243233
96,5,-0.012795000519939766
96,6,-0.031499481562608525
97,1,-0.6327594511338146
97,2,0.13873213717889518
97,3,0.2271579250971098
97,4,-0.20379441697281286
97,5,-0.007033234383668093
97,6,0.006003020550453886
98,1,-0.7830346414901665
98,2,0.35392830432430217
98,3,0.20214894327301536
98,4,-0.21333434566727752
98,5,0.16808542485268657
98,6,0.026758433852147222
99,1,-0.7266141135120497
99,2,0.18715857238502592
99,3,0.2534424105765657
99,4,0.016413222702028198
99,5,0.12467793052388182
99,6,-0.105512608536423
100,1,-0.3010155972554407
100,2,-0.20735195618786895
100,3,-1.0561861379049071
100,4,0.16725345759123644
100,5,-0.2774730843016665
100,6,0.4994829472216034
101,1,0.28053611460649114
101,2,0.18909410287011677
101,3,-0.7862643843305394
101,4,-0.02057410996527122
101,5,-0.14136321663949414
101,6,-0.9029612926072424
