Individual,PC,score
1,1,-0.82365746471457
1,2,-0.513631336948221
1,3,-0.25190882344028354
2,1,2.747383299942141
2,2,-2.3226176772356073
2,3,0.32269443111579554
3,1,2.474941895132685
3,2,-2.472116924169323
3,3,0.377918814231655
4,1,-0.8591019885201004
4,2,-0.6067733749702754
4,3,1.073506126269687
5,1,-0.7717940202725757
5,2,-0.3589049727252677
5,3,0.8951842238135326
6,1,-0.9240468764677809
6,2,-0.2352126832077318
6,3,0.09591115342395894
7,1,-0.9455796627535922
7,2,-0.31107255182923166
7,3,-0.13986559078344377
8,1,0.6859817631239216
8,2,0.8601900840878698
8,3,-0.43202478622242774
9,1,3.1515337187088446
9,2,-2.0124910995431975
9,3,0.07068276035576515
10,1,2.916180777196641
10,2,-2.276396067632599
10,3,-0.0508342226187357
11,1,-1.0567450490271257
11,2,-0.2335513903080374
11,3,-0.19834515433938749
12,1,-0.8736080905615873
12,2,-0.3658142833952981
12,3,0.043432126901194766
13,1,-1.0083876871828832
13,2,-0.2348042314357057
13,3,-0.07241205287643836
14,1,-0.9512388814931583
14,2,-0.3335220144374004
14,3,-0.06986883203860435
15,1,0.8736054420928346
15,2,0.6465126064444527
15,3,-0.5135392170361114
16,1,0.8629441352049197
16,2,1.196786368550706
16,3,-0.4808134958285769
17,1,-0.8459394431727738
17,2,-0.5327068324080535
17,3,-0.06326799355591112
18,1,0.8770582936325128
18,2,1.1054142484881655
18,3,-0.3450491272562169
19,1,0.8428264684496833
19,2,0.8143547800111894
19,3,-0.6116716437294476
20,1,-0.6942441165072472
20,2,0.0032414409543574984
20,3,-0.22915204023278793
21,1,0.6355508574018721
21,2,0.8036152992152504
21,3,0.7416685652485404
22,1,-0.6079896476430751
22,2,-0.2987638073710841
22,3,1.0103621318888916
23,1,-0.7222491495720696
23,2,-0.07809355095419578
23,3,-0.09462758771249834
24,1,-0.9090248081430276
24,2,-0.33522241678060793
24,3,0.02587380268084493
25,1,-0.6780931501966427
25,2,-0.17676648081543392
25,3,-0.20882796302716275
26,1,-0.9100620472222659
26,2,-0.18069405846261874
26,3,-0.3117096869530425
27,1,0.7770720501646889
27,2,0.9602346992361455
27,3,-0.23925181715814808
28,1,-0.10634949016551974
28,2,0.38471485604015565
28,3,-0.10633606271897517
29,1,0.9469415418429012
29,2,0.8962898728733983
29,3,0.7785653335460448
30,1,-0.9293074710447315
30,2,-0.4236058989255671
30,3,-0.1725993325440311
31,1,-0.6478518618357607
31,2,-0.28635497476980953
31,3,-0.02490472567704504
32,1,0.9533397245181272
32,2,0.9980141837465029
32,3,-0.28222141794821864
33,1,-0.9507096547255453
33,2,-0.710354846167392
33,3,-0.19602056505988028
34,1,0.7660607309253646
34,2,0.8229497894402804
34,3,0.5319054724387343
35,1,-1.1013849988187556
35,2,-0.42529483476518437
35,3,-0.17079172355209854
36,1,1.1109234159037837
36,2,0.7720239040065943
36,3,0.6264849411826601
37,1,-0.6683832674788497
37,2,-0.4069057908740989
37,3,0.9279208715872411
38,1,-0.8411684254215821
38,2,-0.16387226916335482
38,3,-0.31936566030974917
39,1,0.8891205974266352
39,2,0.8837442500003734
39,3,-0.39525722814964526
40,1,0.5733232654270365
40,2,0.6680513274988208
40,3,-0.1654332442096913
41,1,0.8436880360665694
41,2,0.9028306736096324
41,3,0.5057704865137264
42,1,-0.866810296012428
42,2,-0.3765010964301214
42,3,-0.12768265461878073
43,1,0.836996220629735
43,2,0.9248491061237959
43,3,-0.2184803755790815
44,1,-0.7886110250584508
44,2,-0.3584493471543842
44,3,-0.2138932300860059
45,1,-0.7692089011811886
45,2,-0.20803869830018676
45,3,-0.18080598460978592
46,1,-0.5961496101376687
46,2,-0.2040816077277941
46,3,1.0565350364984931
47,1,-0.92453468821887
47,2,-0.4246817066139119
47,3,-0.21132513879565248
48,1,-0.7797197022777773
48,2,-0.2453830201832323
48,3,-0.07037449537590658
49,1,-0.9283901508045587
49,2,-0.25537926463452204
49,3,0.021186983538229467
50,1,-0.8786229521674378
50,2,-0.16576914330164103
50,3,0.07578566688483082
51,1,-0.7655291367016718
51,2,-0.2599337070843835
51,3,-0.33799285427360304
52,1,-0.6859967260066946
52,2,-0.23408944744456778
52,3,-0.2694005195317689
53,1,0.700007876784355
53,2,0.7321882577298086
53,3,-0.5027397644671499
54,1,-0.664173172804727
54,2,-0.30830374823031914
54,3,-0.23334887290355286
55,1,2.8447386911904418
55,2,-1.8785232752702588
55,3,-0.9631167681167879
56,1,0.6791306057111032
56,2,0.9135178759546211
56,3,-0.606495374362077
57,1,2.768735422681272
57,2,-2.4246650679693147
57,3,0.2450701539711396
58,1,0.9569285616942688
58,2,0.6858260174247199
58,3,0.46721546631102323
59,1,0.8011409936603265
59,2,0.8319532362412838
59,3,-0.2939155509995729
60,1,-0.8050434641544515
60,2,-0.29929888903681495
60,3,0.045736122848618894
61,1,0.9482496172290786
61,2,-2.219047744845443
61,3,-0.5989721119215016
62,1,-0.7750446821686724
62,2,-0.3266783749020501
62,3,-0.3086689751602992
63,1,-0.9231172564845962
63,2,-0.4697303159621117
63,3,-0.0017907885495302544
64,1,-0.6960582909383036
64,2,-0.12583758342928253
64,3,0.0784482270127952
65,1,-0.9012611718423457
65,2,-0.17815216546414742
65,3,0.004320594164609533
66,1,-0.9751545934962925
66,2,-0.3100292246231068
66,3,0.8830235702050356
67,1,-0.8106649873847018
67,2,-0.1067295813610326
67,3,-0.0012192183065593489
68,1,-0.16007085984239228
68,2,-0.020467435851570154
68,3,-0.2684485317535877
69,1,-0.9017015655208767
69,2,-0.40748822699995807
69,3,-0.09595526067909456
70,1,0.8256744885046268
70,2,1.1751122210070082
70,3,0.4801765587340041
71,1,0.5722286289009003
71,2,0.9170034696009256
71,3,-0.15523153192839867
72,1,0.6148731299396102
72,2,1.0552435330197427
72,3,-0.4794584091013641
73,1,0.7436941645741857
73,2,0.9926699433369836
73,3,-0.2807448159853833
74,1,0.7229771902542641
74,2,0.8542178333237718
74,3,-0.17240393201015827
75,1,0.7074234737448108
75,2,0.8675710386631139
75,3,-0.6623958547461494
76,1,-0.9518149229022342
76,2,-0.38181452042404995
76,3,-0.0069351365217701424
77,1,-0.824079070779125
77,2,-0.17677076491672927
77,3,-0.06290665925689831
78,1,0.7950365415375087
78,2,0.8270345720041452
78,3,0.5317092751186737
79,1,-0.6874782588846
79,2,-0.2937313818210264
79,3,-0.0558369104472909
80,1,-0.9560963424467751
80,2,-0.2417320662215227
80,3,-0.22295216273690818
81,1,1.0506789658481634
81,2,0.8940256599050055
81,3,0.6779393888217234
82,1,-0.8251465876923859
82,2,-0.2904842199498622
82,3,-0.11849719559483159
83,1,0.730503838143419
83,2,0.7687382960587584
83,3,-0.2521827826995337
84,1,0.7722626429186018
84,2,0.9532844337081247
84,3,0.6617832293983676
85,1,0.6257577922361617
85,2,0.8339320278010659
85,3,-0.24917140698710982
86,1,-0.9973949656295525
86,2,-0.2769310788746265
86,3,-0.011784391351256397
87,1,-0.8533918922098312
87,2,-0.3561068991438557
87,3,-0.20349082371263888
88,1,0.84915240860261465
88,2,0.9499275136880488
88,3,-0.2434428469196013
89,1,0.7306919984691956
89,2,0.8259050539854101
89,3,-0.4678067536495795
90,1,-0.9890386616374283
90,2,-0.37408361874009766
90,3,-0.25326216233272475
91,1,-0.8612799988845878
91,2,-0.323235267151455
91,3,0.014366188189757273
92,1,-0.7983999373772082
92,2,-0.29094691157771174
92,3,-0.05694302391613674
93,1,-0.7620551368306696
93,2,-0.5016009735189138
93,3,-0.09766241135954826
94,1,0.34413762622624505
94,2,0.4795931384572764
94,3,0.9190855079739273
95,1,-0.010940013676574784
95,2,0.3515521271650219
95,3,0.7030682573199347
96,1,0.710535206890024
96,2,1.1029590246738625
96,3,-0.3069537542199145
97,1,-0.7725600058129383
97,2,-0.4328839940277847
97,3,0.06843024112354107
98,1,-0.7465749217939454
98,2,-0.27203569385945897
98,3,-0.224029943382912
99,1,-0.7380381504837243
99,2,-0.27693744578171364
99,3,-0.030935932735355737
100,1,1.030378777412291
100,2,0.8726174192117714
100,3,0.6845521105060086
101,1,0.9066584762425415
101,2,1.0634076948360973
101,3,0.619441486845338
