Individual,PC,score
1,1,-1.456655886114287
1,2,-0.2760251038140562
2,1,0.8837958056039614
2,2,3.5134007760037633
3,1,-1.0851430141606409
3,2,3.2086890748474612
4,1,-1.3951187103379583
4,2,-0.4682743922947287
5,1,-1.4264925201698166
5,2,-0.366224126262484
6,1,-1.4976135398391934
6,2,-0.2811696181662542
7,1,1.799470888756567
7,2,-0.32086234568225325
8,1,-1.4456821843505583
8,2,-0.14629751389784337
9,1,-1.396369488687344
9,2,-0.357276703502203
10,1,-1.410399597145729
10,2,0.09030379768220724
11,1,-1.2648893813837174
11,2,-0.16404754819542872
12,1,1.564605157031171
12,2,-0.5640308827355711
13,1,0.5351728835218077
13,2,3.777350236526284
14,1,-1.4062019234654282
14,2,-0.27570523893854215
15,1,-1.4566952499639807
15,2,-0.08677693956801999
16,1,1.9503342801020151
16,2,-0.28960870544508516
17,1,1.7553737303490942
17,2,-0.45344733367631296
18,1,2.0188781867531587
18,2,-0.24942982072522815
19,1,1.6844233733920657
19,2,-0.44132095126701226
20,1,1.8461513704597072
20,2,-0.3418451210569338
21,1,1.5574559105833539
21,2,-0.48637143306143965
22,1,-1.3906272452919335
22,2,-0.36217597570760113
23,1,1.8452999498425426
23,2,-0.41224576585720096
24,1,1.9769632448810213
24,2,-0.34110745309645896
25,1,-1.3415090419233273
25,2,-0.6057344552804925
26,1,-1.3367505968945244
26,2,-0.26936999441741005
27,1,-1.6524038082679606
27,2,-0.3707987413318105
28,1,1.7306595720175526
28,2,-0.49461358899343016
29,1,-1.4405921668177655
29,2,-0.21189491713047354
30,1,-1.4304284618472722
30,2,-0.17526500393417346
31,1,-1.5248174676160005
31,2,-0.21964978949287103
32,1,-1.5191624071679994
32,2,-0.22071073565986854
33,1,-1.457935190609719
33,2,-0.2608589351672667
34,1,1.6473178496762586
34,2,-0.6132643313525133
35,1,-1.60184578157762
35,2,-0.5050197891336214
36,1,-1.4767552245945261
36,2,-0.3693983808632405
37,1,1.8702753316519432
37,2,-0.45701060499667656
38,1,1.7469339254527179
38,2,-0.4138179146892166
39,1,1.795621869092098
39,2,-0.41620312932377057
40,1,1.5846379337373264
40,2,-0.4887247093093245
41,1,-1.4303787315234466
41,2,-0.22567713651257884
42,1,-1.4982343461789722
42,2,-0.34668689119301266
43,1,0.6934848048702118
43,2,3.5301520824273145
44,1,1.726254273437153
44,2,-0.4812367671961807
45,1,-1.5788531973358262
45,2,-0.45239889532691013
46,1,1.7726412253309263
46,2,-0.5610334560835528
47,1,-1.5393286274620128
47,2,-0.10327297262192091
48,1,-1.6404606099029342
48,2,-0.21722035145361643
49,1,-1.6814630883088204
49,2,-0.12867147957188646
50,1,-1.5984144406437948
50,2,-0.2050240361641575
51,1,1.7677225004794912
51,2,-0.21450579544060172
52,1,-1.4057281597501758
52,2,-0.24474301059903164
53,1,0.7348174734804945
53,2,3.6429899683550744
54,1,-1.4458776240682936
54,2,-0.12412411289509864
55,1,1.7421509842134557
55,2,-0.4476493063642738
56,1,1.7981763030771833
56,2,-0.4924330469235022
57,1,-1.8101395136536245
57,2,-0.19132352130842994
58,1,-1.4260228619494093
58,2,-0.4126332215472719
59,1,-1.3523587600058211
59,2,-0.2316279293361965
60,1,0.7590578369670605
60,2,3.7951642235929506
61,1,-1.3609784898308273
61,2,-0.3998120807917119
62,1,1.9605186144402171
62,2,-0.5328332806919797
63,1,1.8337515047148998
63,2,-0.5265679607761179
64,1,1.8340272403421405
64,2,-0.38426157830874785
65,1,1.8592227517636672
65,2,-0.4795787859220515
66,1,1.4148903080981856
66,2,-0.5586780976652282
67,1,0.8526536623385466
67,2,3.914086430297194
68,1,-1.3090823372041638
68,2,-0.24424428764649497
69,1,0.7425595614542696
69,2,3.6086194779188814
70,1,-1.4476722018511419
70,2,3.312671410851543
71,1,2.073154648909831
71,2,-0.3987459033479719
72,1,1.6774536839202343
72,2,-0.4330199869084961
73,1,1.5787368238961133
73,2,-0.36652170697897085
74,1,1.5657286940291157
74,2,-0.3454215011019867
75,1,1.6907744454724638
75,2,-0.4593596670144835
76,1,1.832615026954198
76,2,-0.4871024641667575
77,1,-1.6784216503897849
77,2,-0.5085431802359367
78,1,-1.5703382847135696
78,2,-0.3252918336886746
79,1,-1.5411160050883053
79,2,-0.52270603295173
80,1,-1.4885020931832018
80,2,-0.497422826140624
81,1,-1.3650761173235182
81,2,-0.25404720524877417
82,1,-1.6718670411595664
82,2,-0.1549761671158721
83,1,1.7162268148795676
83,2,-0.3417149003388593
84,1,1.6523471456858354
84,2,-0.4990910346454236
85,1,-1.5815897461685273
85,2,-0.0046221134033049465
86,1,-1.4609407084936483
86,2,-0.2244111903410397
87,1,-1.3721030099280087
87,2,-0.2405433065024825
88,1,-1.6133594558489404
88,2,-0.19009154116547117
89,1,1.8411866148229679
89,2,-0.34333134997385195
90,1,-1.30240767327644
90,2,-0.35213289956386457
91,1,-1.464909659224938
91,2,-0.3855034822980492
92,1,1.8373537136899436
92,2,-0.4680404916043585
93,1,1.6012264488016583
93,2,-0.537758057049397
94,1,-1.1941258247422526
94,2,-0.29818502785570244
95,1,-1.5480977343247588
95,2,-0.316473310812931
96,1,1.967852497547729
96,2,-0.5595945767325247
97,1,-1.3818929504471247
97,2,-0.22029840692716668
98,1,-1.3661736745180717
98,2,-0.295505601794584
99,1,1.7872421622068673
99,2,-0.4142658969047916
100,1,1.6729547450531594
100,2,-0.33556572458579326
101,1,1.7598497329452707
101,2,-0.6303240947354137
