SNP_ID,PC,loading
14604323,1,-0.3043790933566622
14604323,2,0.24076809877281705
14604361,1,-0.31676535926341426
14604361,2,-0.05174353219274426
14604588,1,-0.31698800398549737
14604588,2,0.23259435144833138
14604983,1,-0.2839521283553233
14604983,2,0.24476646788996703
14606041,1,-0.008681852418290418
14606041,2,-0.02767916139534782
14607040,1,-0.3312190061905759
14607040,2,-0.13542561672574993
14607888,1,0.034981942717611285
14607888,2,0.33095319354847064
14608367,1,0.02907589864855745
14608367,2,0.36056280458652673
14608578,1,-0.30963203181073184
14608578,2,-0.14220237029643756
14609183,1,-0.3274428508275114
14609183,2,-0.13635223728609694
14609338,1,0.017859970845045016
14609338,2,0.382260180556589
14610112,1,-0.31268736445689027
14610112,2,-0.12129602517386504
14610967,1,0.024397873040707143
14610967,2,0.4087457802976326
14610992,1,-0.34372756185208503
14610992,2,-0.10124018434265483
14611143,1,-0.023667329941713014
14611143,2,-0.05953072196615586
14611235,1,0.041915322822604115
14611235,2,0.3789445921633124
14612284,1,-0.30299869322756157
14612284,2,0.20636416992961373
