Individual,PC,score
1,1,0.41688409837499607
1,2,0.1587415921851667
2,1,0.4011987719844791
2,2,0.13482168057775026
3,1,0.5291261359982523
3,2,0.15475220666057585
4,1,0.3108891928587974
4,2,0.12931815414208475
5,1,0.4510839430021128
5,2,0.24610875345316885
6,1,0.291965359022274
6,2,-0.06430407867993403
7,1,0.3180783024371539
7,2,0.0914711517023582
8,1,-0.6635310340815349
8,2,0.1411897661214358
9,1,0.5468535517145298
9,2,0.08646668194359315
10,1,-0.7394717925532527
10,2,-0.07004069616164231
11,1,0.38524173984498217
11,2,0.2545904783160964
12,1,0.2564089760069277
12,2,0.13649966897547103
13,1,0.33105122485280675
13,2,0.09356172341126333
14,1,0.4546645256052869
14,2,0.29048529359854064
15,1,-0.43089316398718547
15,2,0.2258119465331006
16,1,0.27286651824545
16,2,0.2084774892978592
17,1,0.25949119774217116
17,2,0.08007827801215442
18,1,0.34637907529892015
18,2,0.23201888853493804
19,1,0.2623051961673845
19,2,0.19204785230879745
20,1,0.4817697809101795
20,2,0.00819334034591415
21,1,0.45006075177452537
21,2,0.15000837399424524
22,1,-0.7932524631185253
22,2,-0.009222652414249747
23,1,0.3240426607721096
23,2,0.1565376690452902
24,1,0.47272145889446165
24,2,0.012366058554692435
25,1,-0.6972792273631281
25,2,0.11680911634535962
26,1,0.39174164047692955
26,2,0.3302263324661986
27,1,0.239853703055578
27,2,0.22086292603920657
28,1,0.5434575912577958
28,2,0.17637921771113327
29,1,0.22103004637811086
29,2,-0.08101562078569742
30,1,-0.4067829837811601
30,2,0.08031183371331363
31,1,0.25014486556179694
31,2,0.006900948175236649
32,1,-0.5739832826798652
32,2,0.06009364297564919
33,1,0.5219955323045388
33,2,-0.023380040132599915
34,1,-0.4123383458147891
34,2,0.06471977642090647
35,1,0.275268498071189
35,2,-0.003672474796299857
36,1,-0.7354279736164804
36,2,0.06533194946695647
37,1,-0.7526441862426425
37,2,0.13313482642467822
38,1,0.2926542982609465
38,2,0.10408924562507914
39,1,-0.6743096061559452
39,2,-0.06489844290901865
40,1,-0.6101459830373672
40,2,-0.13234320860089258
41,1,-0.4998097523258517
41,2,-0.028927309775690035
42,1,0.4087416054418996
42,2,0.20638691190642236
43,1,-0.49033795242068656
43,2,-0.02968012786085643
44,1,-0.4037493102077001
44,2,-0.15784198499759755
45,1,0.4746330977054686
45,2,-0.06702856628391093
46,1,-0.6182967406961942
46,2,-0.1046871594050009
47,1,0.293740960925508
47,2,-0.1156059068803449
48,1,0.3698473817305846
48,2,0.16692831259870147
49,1,-0.6165998967144009
49,2,-0.08928814335777152
50,1,0.2104861529348538
50,2,0.023950230735304997
51,1,-0.7795717951076906
51,2,-0.06340337132393849
52,1,-0.5114453414636746
52,2,0.04056762494756153
53,1,0.2915154463366259
53,2,-0.1295637274980602
54,1,0.3938261684503736
54,2,0.22196934770242063
55,1,0.4945214765253191
55,2,0.08211434711833389
56,1,0.47903806689896594
56,2,0.09165689439667032
57,1,0.6374269585389921
57,2,-1.5300446985105898
58,1,0.25727517096158226
58,2,-0.005362396641320893
59,1,0.19598206567619147
59,2,0.0963137715919043
60,1,0.48022947058330157
60,2,0.3557190365156187
61,1,-0.5913355290158535
61,2,0.1246608969310546
62,1,0.47820146492251203
62,2,-2.1323025980191206
63,1,0.344828887988628
63,2,0.15075234749982488
64,1,0.6829166006471175
64,2,-1.7146375020334061
65,1,0.3677736749067117
65,2,-0.12414311117818437
66,1,-0.4088447033963641
66,2,-0.11676146810417438
67,1,0.39587986329544067
67,2,0.24984022606936043
68,1,0.5168712748245285
68,2,-0.07831260738407232
69,1,0.21886546439870558
69,2,0.09550194036120177
70,1,0.43059396623602664
70,2,0.20028063043845068
71,1,-0.5208360371959275
71,2,-0.08427843693274988
72,1,-0.6445737375497609
72,2,0.2085224547026198
73,1,-0.6013642741274074
73,2,0.180884313202653
74,1,-0.4430073975384358
74,2,0.04012834171758612
75,1,0.4510626984597635
75,2,0.26625111498430726
76,1,0.48409867104527576
76,2,0.12979604141681717
77,1,-0.4337937369873401
77,2,0.13640121804174332
78,1,-0.5361536850629626
78,2,0.006586336652445615
79,1,-0.5049670670557544
79,2,-0.05223370038104666
80,1,-0.7777608047201452
80,2,0.04110900070980051
81,1,0.2574697723329229
81,2,-0.0712110704417485
82,1,0.2818462367123265
82,2,0.12691817840662212
83,1,0.5983610356864836
83,2,0.11633632058561645
84,1,0.2706481057111922
84,2,0.07879282168493888
85,1,-0.5181713088365653
85,2,-0.13849219032323232
86,1,-0.7467087700607542
86,2,0.10206880750558504
87,1,-0.7562880013638822
87,2,-0.15585984658455726
88,1,-0.41203195599500314
88,2,0.07492510850559433
89,1,-0.4988583272377831
89,2,-1.5624404368307534
90,1,-0.44631378849997244
90,2,0.07701102048040889
91,1,-0.4238853726171755
91,2,0.10406120911958415
92,1,-0.5318843684338934
92,2,-0.14183047610705243
93,1,0.35053621277813884
93,2,0.18191657234674827
94,1,0.48876510859961475
94,2,0.352673328715954
95,1,0.403117880355336
95,2,0.0044529494378753596
96,1,-0.7595412599173113
96,2,-0.09045921867471506
97,1,-0.5895615786982599
97,2,-0.15403735147983555
98,1,0.23085847002049736
98,2,0.2521458140993536
99,1,-0.7353823173682202
99,2,0.0504448316951747
100,1,0.33541848946393205
100,2,-0.11652684126286068
101,1,0.4165283150773452
101,2,0.3233622968504595
