Individual,PC,score
1,1,0.029897184386792043
2,1,-0.2198091223564491
3,1,0.11669704467545554
4,1,-0.21441604722161153
5,1,-0.12893658708640196
6,1,-0.16376950330312467
7,1,-0.013535032777867169
8,1,0.008396648505283832
9,1,-0.017051328744021006
10,1,0.0020175714433951736
11,1,-0.20280988486898183
12,1,-0.04467487978136063
13,1,0.1932040505493952
14,1,0.051793171143073184
15,1,-0.16982178930601055
16,1,-0.03838280422352472
17,1,0.00966750152260637
18,1,0.01665984739346383
19,1,-0.08603083606749029
20,1,-0.1716496036618948
21,1,-0.06006253348841643
22,1,-0.18105261418437196
23,1,-0.1316616485819688
24,1,-0.014236826835972993
25,1,-0.2890480756064842
26,1,-0.022081935936588283
27,1,-0.15436220164176065
28,1,-0.03735855924811607
29,1,0.051513856794636256
30,1,0.11209301969588313
31,1,0.07681671313622125
32,1,0.04565779027335966
33,1,-0.11378437500369322
34,1,-0.07272059235420796
35,1,-0.035010057099777114
36,1,-0.22433325689668215
37,1,-0.02434247042762191
38,1,-0.17060033302431632
39,1,-0.0015149203483139652
40,1,-0.25891760287123633
41,1,0.09812580537340873
42,1,-3.825888513491674e-5
43,1,-0.13075799869236396
44,1,-0.17534035054453545
45,1,0.02114137049796643
46,1,-0.17736189870142036
47,1,0.005341006945934464
48,1,-0.006826797631765495
49,1,-0.36509536035197704
50,1,-0.023026070409456728
51,1,-0.1640392016139177
52,1,0.005953554996411474
53,1,0.024087326340695228
54,1,-0.042787124101074665
55,1,0.07094171315766323
56,1,-0.19401236660056703
57,1,1.9652433079991884
58,1,0.09647387005238538
59,1,0.04873741324084573
60,1,0.04980341578620226
61,1,-0.07542217166213701
62,1,1.9652223393917698
63,1,-0.042922947704470575
64,1,1.6498512338732696
65,1,0.06036829851006038
66,1,-0.07571468637395654
67,1,0.05053857007062543
68,1,-0.051984076176884456
69,1,0.07582454276361755
70,1,0.06417306572324247
71,1,-0.1716331419315428
72,1,-0.11972725700815176
73,1,-0.14566052097217905
74,1,0.18741033582026806
75,1,-0.0943449821514041
76,1,-0.06499221460131019
77,1,-0.17280241758450524
78,1,-0.059194547900049056
79,1,-0.20178366695351785
80,1,-0.017341766294320927
81,1,-0.16112120788087095
82,1,-0.18248581057683483
83,1,0.012353706008035314
84,1,-0.0752383043257236
85,1,-0.12449250002768536
86,1,-0.18606873733768922
87,1,0.09998579558432671
88,1,0.19159644096698103
89,1,-0.12412064325466148
90,1,0.15100214301626116
91,1,-0.06617749137854316
92,1,-0.1417417430487671
93,1,-0.12718921915333148
94,1,-0.26433212266704903
95,1,-4.158950565783203e-4
96,1,-0.0051644209289668985
97,1,-0.1617975963048268
98,1,0.03417697588514332
99,1,-0.04848279272204906
100,1,-0.054535402212979894
101,1,-0.08461749685240454
