Individual,PC,score
1,1,-0.4139377785431162
1,2,0.1755032674552259
2,1,2.776954790344143
2,2,-0.5189213610179519
3,1,-0.4303368950324537
3,2,-0.01650021584707038
4,1,-0.4453105394978124
4,2,-0.01137033431679002
5,1,-0.4675479691150794
5,2,0.0848489300260295
6,1,-0.43221361693129245
6,2,0.05458618128193165
7,1,2.70877313584786
7,2,-0.2576288847703122
8,1,-0.34884031486030165
8,2,0.05092289933433578
9,1,-0.431397201358638
9,2,0.039125437809087935
10,1,-0.3614133502491695
10,2,-0.010077532931046324
11,1,-0.4882666682130492
11,2,0.185001137241043
12,1,-0.29836468238824654
12,2,-0.23379476577922623
13,1,2.6672183481149463
13,2,-0.07507208927212115
14,1,-0.4540144655926885
14,2,0.040633226675132
15,1,-0.31209737267860105
15,2,-0.06829535985870293
16,1,2.642851455685874
16,2,-0.28544034521382655
17,1,2.9053107086257732
17,2,-0.4281023167261988
18,1,2.6520829328985305
18,2,-0.421636743192256
19,1,2.7794456252873943
19,2,-0.12656751556710907
20,1,2.655189326726991
20,2,-0.25475781079275633
21,1,-0.49863072969590805
21,2,0.2787155224084113
22,1,-0.31997525439669255
22,2,0.1544794185558921
23,1,-0.5484435813196237
23,2,0.0026815006764710045
24,1,-0.49552188026076527
24,2,-0.08464752679023649
25,1,-0.39678988880663935
25,2,-0.004850900953086844
26,1,2.7190028741110277
26,2,-0.39888404501910957
27,1,-0.474910094688514
27,2,0.0027287875409487566
28,1,-0.39169772728189756
28,2,0.02029048754393699
29,1,-0.4350494047952146
29,2,-0.02582024389826709
30,1,-0.47923251028435
30,2,-0.01205739396362451
31,1,-0.46976103305111866
31,2,0.1382883565224704
32,1,-0.503158525976486
32,2,0.05907486580149333
33,1,2.7889221658047565
33,2,-0.2545401543862545
34,1,-0.36478929099374285
34,2,-0.06724257255666768
35,1,-0.5826130556711947
35,2,-0.19204591186878506
36,1,-0.4764049170521255
36,2,0.14743364725465383
37,1,-0.39697273622194595
37,2,0.008620926502670344
38,1,-0.548113415357113
38,2,-0.11054172832333425
39,1,-0.40779263807946037
39,2,-0.12321953625515655
40,1,-0.4434569444783035
40,2,-0.19247954328235242
41,1,-0.7147435482620829
41,2,0.026953801270597228
42,1,-0.45050708005736734
42,2,0.06616785796382377
43,1,-0.5842400368455569
43,2,-0.07510309203811331
44,1,-0.6247163131018925
44,2,-0.10488374108111712
45,1,-0.3513832843177696
45,2,-0.04596772503215499
46,1,-0.6721963989415617
46,2,-0.02296510599272471
47,1,-0.4289407003097946
47,2,-0.16217298659496512
48,1,-0.6283589450008864
48,2,0.24789948694291344
49,1,-0.42333826029113186
49,2,0.07028013810558782
50,1,-0.6938497671006334
50,2,-0.03856787973549839
51,1,-0.3980227803982424
51,2,-0.15464364245508286
52,1,-0.19167677538754885
52,2,-0.14854716709485763
53,1,-0.7389710861594945
53,2,0.07373594701638923
54,1,-0.5865176900595023
54,2,-0.10118959457664521
55,1,-0.5351653300340713
55,2,0.239257798790817
56,1,-0.43205497870897414
56,2,-0.013330278059496874
57,1,-0.35717842469851063
57,2,0.1150894039454246
58,1,-0.4117106916115866
58,2,-0.2889315178356548
59,1,-0.4350110420745736
59,2,0.08362106295865493
60,1,-0.522380361021962
60,2,0.10130019631430798
61,1,-0.44366542260309005
61,2,-0.25528371386336296
62,1,1.781606023634622
62,2,2.426762500310116
63,1,-0.35023905315454795
63,2,-0.019381087770972773
64,1,1.6347165068792553
64,2,2.62550206391685
65,1,-0.3118444704301836
65,2,0.030663836342346637
66,1,-0.5013388729166736
66,2,-0.21015731795376588
67,1,-0.340630345367319
67,2,0.017120965301095182
68,1,2.7034079838176805
68,2,-0.07483940232087441
69,1,-0.450541810513319
69,2,-0.1532153149883878
70,1,-0.3939845931731714
70,2,-0.08348732884910752
71,1,-0.21710506359262727
71,2,0.09721715490331392
72,1,-0.1216709000321167
72,2,-0.15699063899801124
73,1,-0.3775892861896438
73,2,0.04696818304463224
74,1,-0.25969453411022314
74,2,0.08334285241260589
75,1,-0.3707809219639438
75,2,-0.306922530806306
76,1,2.503365226814189
76,2,-0.18958020285980645
77,1,-0.34820166977928035
77,2,0.010679412917959433
78,1,-0.6774050829541861
78,2,-0.19672469368293322
79,1,-0.5971603880053716
79,2,-0.1704788948695058
80,1,-0.31380957568525997
80,2,-0.006997960396521434
81,1,2.917554734943664
81,2,-0.12195599817754899
82,1,-0.42411205684605935
82,2,0.08833897993771332
83,1,-0.5309300549230969
83,2,0.03714128474267348
84,1,-0.41989284880817995
84,2,0.17252582133635597
85,1,-0.5698704795982219
85,2,-0.12338973994062717
86,1,-0.3046907087249494
86,2,0.0516480550164352
87,1,-0.4224533793843418
87,2,0.061874997846513236
88,1,-0.4547394463927414
88,2,-0.11033954168554252
89,1,-0.39414254434206736
89,2,-0.2652124938083907
90,1,-0.6049272629678188
90,2,-0.10242740527526327
91,1,-0.43442017197742394
91,2,-0.11706517786356878
92,1,-0.5923616907075742
92,2,0.01634375482947596
93,1,-0.48650817225347587
93,2,0.15696664025197768
94,1,-0.49972872115930284
94,2,0.07337264594564913
95,1,-0.6596927872963328
95,2,-0.02758312085958205
96,1,-0.4686864448854894
96,2,-0.19558331101785154
97,1,-0.5663465877359408
97,2,-0.07311620767532602
98,1,-0.33865523539443393
98,2,0.01123267251836989
99,1,-0.552519190610183
99,2,-0.15170963496931084
100,1,-0.4896862494471726
100,2,0.09423468174644056
101,1,-0.24835783835626773
101,2,-0.12593750754765923
